,,,male,female,total foreigners,total male,total female,total
2000,Schleswig-Holstein,Schleswig-Holstein,0,0,0,0,0,0
2000,Schleswig-Holstein,Hamburg,1118,866,1984,9417,8968,18385
2000,Schleswig-Holstein,Niedersachsen,283,216,499,4132,4218,8350
2000,Schleswig-Holstein,Bremen,52,37,89,405,358,763
2000,Schleswig-Holstein,Nordrhein-Westfalen,316,206,522,2679,2470,5149
2000,Schleswig-Holstein,Hessen,87,84,171,880,987,1867
2000,Schleswig-Holstein,Rheinland-Pfalz,84,48,132,553,503,1056
2000,Schleswig-Holstein,Baden-Wurttemberg,210,172,382,1615,1596,3211
2000,Schleswig-Holstein,Bayern,170,111,281,1493,1351,2844
2000,Schleswig-Holstein,Saarland,3,5,8,69,72,141
2000,Schleswig-Holstein,Berlin,121,83,204,1342,1117,2459
2000,Schleswig-Holstein,Brandenburg,24,9,33,463,371,834
2000,Schleswig-Holstein,Mecklenburg-Vorpommern,62,42,104,2091,1849,3940
2000,Schleswig-Holstein,Sachsen,20,14,34,347,306,653
2000,Schleswig-Holstein,Sachsen-Anhalt,21,8,29,292,233,525
2000,Schleswig-Holstein,Thuringen,12,4,16,169,116,285
2000,Schleswig-Holstein,Insgesamt,2583,1905,4488,25947,24515,50462
2000,Hamburg,Schleswig-Holstein,950,763,1713,11120,11509,22629
2000,Hamburg,Hamburg,0,0,0,0,0,0
2000,Hamburg,Niedersachsen,573,456,1029,6146,6124,12270
2000,Hamburg,Bremen,72,51,123,348,355,703
2000,Hamburg,Nordrhein-Westfalen,377,269,646,1912,1849,3761
2000,Hamburg,Hessen,171,139,310,873,812,1685
2000,Hamburg,Rheinland-Pfalz,35,27,62,263,254,517
2000,Hamburg,Baden-Wurttemberg,193,144,337,1061,986,2047
2000,Hamburg,Bayern,208,154,362,1328,1207,2535
2000,Hamburg,Saarland,2,7,9,38,48,86
2000,Hamburg,Berlin,207,141,348,1430,1198,2628
2000,Hamburg,Brandenburg,21,12,33,238,183,421
2000,Hamburg,Mecklenburg-Vorpommern,47,34,81,807,738,1545
2000,Hamburg,Sachsen,31,15,46,238,208,446
2000,Hamburg,Sachsen-Anhalt,24,7,31,179,161,340
2000,Hamburg,Thuringen,6,2,8,92,78,170
2000,Hamburg,Insgesamt,2917,2221,5138,26073,25710,51783
2000,Niedersachsen,Schleswig-Holstein,597,557,1154,5351,5399,10750
2000,Niedersachsen,Hamburg,764,600,1364,6860,6643,13503
2000,Niedersachsen,Niedersachsen,0,0,0,0,0,0
2000,Niedersachsen,Bremen,632,542,1174,6222,6007,12229
2000,Niedersachsen,Nordrhein-Westfalen,2552,2071,4623,24256,24700,48956
2000,Niedersachsen,Hessen,1194,932,2126,7361,7189,14550
2000,Niedersachsen,Rheinland-Pfalz,469,451,920,3103,3210,6313
2000,Niedersachsen,Baden-Wurttemberg,1330,1276,2606,7690,7623,15313
2000,Niedersachsen,Bayern,1458,1341,2799,9728,9762,19490
2000,Niedersachsen,Saarland,120,101,221,646,624,1270
2000,Niedersachsen,Berlin,656,597,1253,4136,3959,8095
2000,Niedersachsen,Brandenburg,211,217,428,2535,2507,5042
2000,Niedersachsen,Mecklenburg-Vorpommern,83,75,158,2331,2192,4523
2000,Niedersachsen,Sachsen,442,380,822,3854,3792,7646
2000,Niedersachsen,Sachsen-Anhalt,360,300,660,4289,4281,8570
2000,Niedersachsen,Thuringen,253,262,515,2463,2466,4929
2000,Niedersachsen,Insgesamt,11121,9702,20823,90825,90354,181179
2000,Bremen,Schleswig-Holstein,46,32,78,323,311,634
2000,Bremen,Hamburg,128,81,209,587,518,1105
2000,Bremen,Niedersachsen,646,559,1205,7206,7517,14723
2000,Bremen,Bremen,0,0,0,0,0,0
2000,Bremen,Nordrhein-Westfalen,238,166,404,924,839,1763
2000,Bremen,Hessen,71,60,131,345,331,676
2000,Bremen,Rheinland-Pfalz,21,17,38,113,116,229
2000,Bremen,Baden-Wurttemberg,98,71,169,436,395,831
2000,Bremen,Bayern,95,61,156,412,387,799
2000,Bremen,Saarland,9,8,17,24,20,44
2000,Bremen,Berlin,73,46,119,405,388,793
2000,Bremen,Brandenburg,5,3,8,74,59,133
2000,Bremen,Mecklenburg-Vorpommern,15,11,26,143,120,263
2000,Bremen,Sachsen,13,8,21,84,80,164
2000,Bremen,Sachsen-Anhalt,9,2,11,76,58,134
2000,Bremen,Thuringen,3,8,11,39,49,88
2000,Bremen,Insgesamt,1470,1133,2603,11191,11188,22379
2000,Nordrhein-Westfalen,Schleswig-Holstein,314,168,482,2981,3028,6009
2000,Nordrhein-Westfalen,Hamburg,597,353,950,3086,2703,5789
2000,Nordrhein-Westfalen,Niedersachsen,1671,1302,2973,14855,15097,29952
2000,Nordrhein-Westfalen,Bremen,192,120,312,920,852,1772
2000,Nordrhein-Westfalen,Nordrhein-Westfalen,0,0,0,0,0,0
2000,Nordrhein-Westfalen,Hessen,1849,1219,3068,9001,8452,17453
2000,Nordrhein-Westfalen,Rheinland-Pfalz,1062,724,1786,8569,8623,17192
2000,Nordrhein-Westfalen,Baden-Wurttemberg,1799,1307,3106,9623,8799,18422
2000,Nordrhein-Westfalen,Bayern,1723,1235,2958,9912,9167,19079
2000,Nordrhein-Westfalen,Saarland,136,128,264,665,675,1340
2000,Nordrhein-Westfalen,Berlin,875,781,1656,5980,5359,11339
2000,Nordrhein-Westfalen,Brandenburg,91,83,174,1726,1614,3340
2000,Nordrhein-Westfalen,Mecklenburg-Vorpommern,57,27,84,1000,911,1911
2000,Nordrhein-Westfalen,Sachsen,243,104,347,2097,1749,3846
2000,Nordrhein-Westfalen,Sachsen-Anhalt,123,74,197,1351,1147,2498
2000,Nordrhein-Westfalen,Thuringen,139,53,192,1138,1014,2152
2000,Nordrhein-Westfalen,Insgesamt,10871,7678,18549,72904,69190,142094
2000,Hessen,Schleswig-Holstein,101,78,179,1147,1233,2380
2000,Hessen,Hamburg,197,150,347,1204,1150,2354
2000,Hessen,Niedersachsen,480,355,835,3917,3849,7766
2000,Hessen,Bremen,81,48,129,337,284,621
2000,Hessen,Nordrhein-Westfalen,1854,1149,3003,8348,7799,16147
2000,Hessen,Hessen,0,0,0,0,0,0
2000,Hessen,Rheinland-Pfalz,1391,978,2369,7115,6832,13947
2000,Hessen,Baden-Wurttemberg,1616,1096,2712,7593,7314,14907
2000,Hessen,Bayern,1425,935,2360,7424,6963,14387
2000,Hessen,Saarland,60,56,116,455,403,858
2000,Hessen,Berlin,297,242,539,2100,1947,4047
2000,Hessen,Brandenburg,55,35,90,564,551,1115
2000,Hessen,Mecklenburg-Vorpommern,21,8,29,306,289,595
2000,Hessen,Sachsen,117,83,200,1097,970,2067
2000,Hessen,Sachsen-Anhalt,80,39,119,510,483,993
2000,Hessen,Thuringen,103,55,158,1467,1391,2858
2000,Hessen,Insgesamt,7878,5307,13185,43584,41458,85042
2000,Rheinland-Pfalz,Schleswig-Holstein,47,40,87,517,524,1041
2000,Rheinland-Pfalz,Hamburg,59,54,113,390,369,759
2000,Rheinland-Pfalz,Niedersachsen,147,139,286,1357,1408,2765
2000,Rheinland-Pfalz,Bremen,17,15,32,125,101,226
2000,Rheinland-Pfalz,Nordrhein-Westfalen,1175,946,2121,7707,7765,15472
2000,Rheinland-Pfalz,Hessen,1318,998,2316,6291,6087,12378
2000,Rheinland-Pfalz,Rheinland-Pfalz,0,0,0,0,0,0
2000,Rheinland-Pfalz,Baden-Wurttemberg,1275,973,2248,6626,6202,12828
2000,Rheinland-Pfalz,Bayern,542,359,901,2966,2746,5712
2000,Rheinland-Pfalz,Saarland,164,154,318,1747,1725,3472
2000,Rheinland-Pfalz,Berlin,121,111,232,894,802,1696
2000,Rheinland-Pfalz,Brandenburg,20,13,33,341,307,648
2000,Rheinland-Pfalz,Mecklenburg-Vorpommern,9,6,15,173,152,325
2000,Rheinland-Pfalz,Sachsen,54,19,73,576,431,1007
2000,Rheinland-Pfalz,Sachsen-Anhalt,41,28,69,311,272,583
2000,Rheinland-Pfalz,Thuringen,56,25,81,386,315,701
2000,Rheinland-Pfalz,Insgesamt,5045,3880,8925,30407,29206,59613
2000,Baden-Wurttemberg,Schleswig-Holstein,117,107,224,1271,1310,2581
2000,Baden-Wurttemberg,Hamburg,138,128,266,1328,1277,2605
2000,Baden-Wurttemberg,Niedersachsen,447,325,772,3407,3247,6654
2000,Baden-Wurttemberg,Bremen,57,42,99,321,334,655
2000,Baden-Wurttemberg,Nordrhein-Westfalen,1816,1320,3136,8207,7829,16036
2000,Baden-Wurttemberg,Hessen,1774,1153,2927,7769,7084,14853
2000,Baden-Wurttemberg,Rheinland-Pfalz,1339,998,2337,6655,6362,13017
2000,Baden-Wurttemberg,Baden-Wurttemberg,0,0,0,0,0,0
2000,Baden-Wurttemberg,Bayern,2950,2028,4978,16906,16000,32906
2000,Baden-Wurttemberg,Saarland,135,128,263,871,805,1676
2000,Baden-Wurttemberg,Berlin,446,344,790,3198,2621,5819
2000,Baden-Wurttemberg,Brandenburg,131,83,214,1184,1123,2307
2000,Baden-Wurttemberg,Mecklenburg-Vorpommern,34,22,56,624,618,1242
2000,Baden-Wurttemberg,Sachsen,251,176,427,2639,2261,4900
2000,Baden-Wurttemberg,Sachsen-Anhalt,101,39,140,839,764,1603
2000,Baden-Wurttemberg,Thuringen,92,57,149,1060,961,2021
2000,Baden-Wurttemberg,Insgesamt,9828,6950,16778,56279,52596,108875
2000,Bayern,Schleswig-Holstein,154,121,275,1298,1301,2599
2000,Bayern,Hamburg,246,154,400,1313,1178,2491
2000,Bayern,Niedersachsen,478,285,763,3178,2988,6166
2000,Bayern,Bremen,73,62,135,338,336,674
2000,Bayern,Nordrhein-Westfalen,1763,1156,2919,7596,6873,14469
2000,Bayern,Hessen,1451,944,2395,6161,5668,11829
2000,Bayern,Rheinland-Pfalz,471,302,773,2370,2157,4527
2000,Bayern,Baden-Wurttemberg,2959,1953,4912,15298,14554,29852
2000,Bayern,Bayern,0,0,0,0,0,0
2000,Bayern,Saarland,74,47,121,392,353,745
2000,Bayern,Berlin,503,393,896,3227,2791,6018
2000,Bayern,Brandenburg,46,40,86,892,802,1694
2000,Bayern,Mecklenburg-Vorpommern,27,19,46,436,404,840
2000,Bayern,Sachsen,265,125,390,3333,2886,6219
2000,Bayern,Sachsen-Anhalt,117,38,155,963,794,1757
2000,Bayern,Thuringen,170,73,243,1988,1834,3822
2000,Bayern,Insgesamt,8797,5712,14509,48783,44919,93702
2000,Saarland,Schleswig-Holstein,9,13,22,71,63,134
2000,Saarland,Hamburg,32,12,44,98,69,167
2000,Saarland,Niedersachsen,38,32,70,252,237,489
2000,Saarland,Bremen,21,11,32,45,27,72
2000,Saarland,Nordrhein-Westfalen,266,213,479,884,902,1786
2000,Saarland,Hessen,104,98,202,555,564,1119
2000,Saarland,Rheinland-Pfalz,191,173,364,2014,1899,3913
2000,Saarland,Baden-Wurttemberg,172,156,328,1129,1040,2169
2000,Saarland,Bayern,108,82,190,606,530,1136
2000,Saarland,Saarland,0,0,0,0,0,0
2000,Saarland,Berlin,55,46,101,215,192,407
2000,Saarland,Brandenburg,4,2,6,51,56,107
2000,Saarland,Mecklenburg-Vorpommern,29,17,46,52,36,88
2000,Saarland,Sachsen,26,7,33,87,61,148
2000,Saarland,Sachsen-Anhalt,6,2,8,50,34,84
2000,Saarland,Thuringen,5,5,10,53,41,94
2000,Saarland,Insgesamt,1066,869,1935,6162,5751,11913
2000,Berlin,Schleswig-Holstein,70,67,137,1312,1245,2557
2000,Berlin,Hamburg,191,131,322,1078,979,2057
2000,Berlin,Niedersachsen,332,267,599,2712,2685,5397
2000,Berlin,Bremen,36,30,66,257,258,515
2000,Berlin,Nordrhein-Westfalen,775,617,1392,3909,3600,7509
2000,Berlin,Hessen,339,248,587,1910,1696,3606
2000,Berlin,Rheinland-Pfalz,134,103,237,785,701,1486
2000,Berlin,Baden-Wurttemberg,521,414,935,2965,2686,5651
2000,Berlin,Bayern,691,525,1216,3778,3296,7074
2000,Berlin,Saarland,24,19,43,135,129,264
2000,Berlin,Berlin,0,0,0,0,0,0
2000,Berlin,Brandenburg,696,499,1195,19355,19357,38712
2000,Berlin,Mecklenburg-Vorpommern,152,97,249,1313,1282,2595
2000,Berlin,Sachsen,174,110,284,1328,1190,2518
2000,Berlin,Sachsen-Anhalt,113,63,176,792,708,1500
2000,Berlin,Thuringen,48,35,83,505,482,987
2000,Berlin,Insgesamt,4296,3225,7521,42134,40294,82428
2000,Brandenburg,Schleswig-Holstein,27,15,42,732,770,1502
2000,Brandenburg,Hamburg,39,26,65,532,594,1126
2000,Brandenburg,Niedersachsen,104,82,186,2191,2334,4525
2000,Brandenburg,Bremen,23,14,37,154,167,321
2000,Brandenburg,Nordrhein-Westfalen,189,131,320,2679,2658,5337
2000,Brandenburg,Hessen,84,51,135,951,932,1883
2000,Brandenburg,Rheinland-Pfalz,86,29,115,689,618,1307
2000,Brandenburg,Baden-Wurttemberg,204,142,346,2636,2517,5153
2000,Brandenburg,Bayern,224,127,351,2767,2615,5382
2000,Brandenburg,Saarland,2,6,8,65,64,129
2000,Brandenburg,Berlin,1199,755,1954,10629,10937,21566
2000,Brandenburg,Brandenburg,0,0,0,0,0,0
2000,Brandenburg,Mecklenburg-Vorpommern,57,35,92,1377,1481,2858
2000,Brandenburg,Sachsen,119,106,225,1968,1992,3960
2000,Brandenburg,Sachsen-Anhalt,78,44,122,1033,1042,2075
2000,Brandenburg,Thuringen,18,13,31,488,431,919
2000,Brandenburg,Insgesamt,2453,1576,4029,28891,29152,58043
2000,Mecklenburg-Vorpommern,Schleswig-Holstein,120,100,220,3387,3453,6840
2000,Mecklenburg-Vorpommern,Hamburg,261,145,406,2321,2479,4800
2000,Mecklenburg-Vorpommern,Niedersachsen,227,144,371,2718,2702,5420
2000,Mecklenburg-Vorpommern,Bremen,29,21,50,297,261,558
2000,Mecklenburg-Vorpommern,Nordrhein-Westfalen,229,147,376,1662,1690,3352
2000,Mecklenburg-Vorpommern,Hessen,79,43,122,562,538,1100
2000,Mecklenburg-Vorpommern,Rheinland-Pfalz,24,19,43,324,359,683
2000,Mecklenburg-Vorpommern,Baden-Wurttemberg,118,93,211,1188,1118,2306
2000,Mecklenburg-Vorpommern,Bayern,121,78,199,1148,1068,2216
2000,Mecklenburg-Vorpommern,Saarland,3,2,5,43,45,88
2000,Mecklenburg-Vorpommern,Berlin,210,127,337,1748,1845,3593
2000,Mecklenburg-Vorpommern,Brandenburg,57,34,91,1265,1285,2550
2000,Mecklenburg-Vorpommern,Mecklenburg-Vorpommern,0,0,0,0,0,0
2000,Mecklenburg-Vorpommern,Sachsen,45,29,74,636,641,1277
2000,Mecklenburg-Vorpommern,Sachsen-Anhalt,29,21,50,403,390,793
2000,Mecklenburg-Vorpommern,Thuringen,9,5,14,262,272,534
2000,Mecklenburg-Vorpommern,Insgesamt,1561,1008,2569,17964,18146,36110
2000,Sachsen,Schleswig-Holstein,42,24,66,525,520,1045
2000,Sachsen,Hamburg,145,68,213,488,438,926
2000,Sachsen,Niedersachsen,202,143,345,1975,1953,3928
2000,Sachsen,Bremen,21,19,40,118,151,269
2000,Sachsen,Nordrhein-Westfalen,791,370,1161,3827,3647,7474
2000,Sachsen,Hessen,391,176,567,2265,2327,4592
2000,Sachsen,Rheinland-Pfalz,136,77,213,1109,1126,2235
2000,Sachsen,Baden-Wurttemberg,557,386,943,6225,5838,12063
2000,Sachsen,Bayern,739,350,1089,8435,8491,16926
2000,Sachsen,Saarland,17,12,29,127,130,257
2000,Sachsen,Berlin,402,220,622,1852,1908,3760
2000,Sachsen,Brandenburg,117,70,187,1628,1785,3413
2000,Sachsen,Mecklenburg-Vorpommern,46,20,66,637,669,1306
2000,Sachsen,Sachsen,0,0,0,0,0,0
2000,Sachsen,Sachsen-Anhalt,228,98,326,1725,1680,3405
2000,Sachsen,Thuringen,141,51,192,1712,1748,3460
2000,Sachsen,Insgesamt,3975,2084,6059,32648,32411,65059
2000,Sachsen-Anhalt,Schleswig-Holstein,58,25,83,559,523,1082
2000,Sachsen-Anhalt,Hamburg,82,33,115,409,375,784
2000,Sachsen-Anhalt,Niedersachsen,393,258,651,5141,5602,10743
2000,Sachsen-Anhalt,Bremen,26,13,39,155,195,350
2000,Sachsen-Anhalt,Nordrhein-Westfalen,653,346,999,3255,3147,6402
2000,Sachsen-Anhalt,Hessen,243,123,366,1440,1423,2863
2000,Sachsen-Anhalt,Rheinland-Pfalz,111,67,178,773,770,1543
2000,Sachsen-Anhalt,Baden-Wurttemberg,320,182,502,2968,2778,5746
2000,Sachsen-Anhalt,Bayern,485,221,706,3544,3287,6831
2000,Sachsen-Anhalt,Saarland,14,10,24,80,73,153
2000,Sachsen-Anhalt,Berlin,302,216,518,1389,1433,2822
2000,Sachsen-Anhalt,Brandenburg,92,46,138,1081,1227,2308
2000,Sachsen-Anhalt,Mecklenburg-Vorpommern,29,10,39,583,620,1203
2000,Sachsen-Anhalt,Sachsen,217,125,342,2600,2494,5094
2000,Sachsen-Anhalt,Sachsen-Anhalt,0,0,0,0,0,0
2000,Sachsen-Anhalt,Thuringen,66,42,108,1293,1410,2703
2000,Sachsen-Anhalt,Insgesamt,3091,1717,4808,25270,25357,50627
2000,Thuringen,Schleswig-Holstein,32,15,47,274,242,516
2000,Thuringen,Hamburg,30,14,44,200,188,388
2000,Thuringen,Niedersachsen,124,79,203,1446,1543,2989
2000,Thuringen,Bremen,10,5,15,61,73,134
2000,Thuringen,Nordrhein-Westfalen,305,218,523,1888,2091,3979
2000,Thuringen,Hessen,213,136,349,2365,2650,5015
2000,Thuringen,Rheinland-Pfalz,65,35,100,661,690,1351
2000,Thuringen,Baden-Wurttemberg,213,145,358,2461,2433,4894
2000,Thuringen,Bayern,317,188,505,4129,4405,8534
2000,Thuringen,Saarland,6,3,9,61,66,127
2000,Thuringen,Berlin,101,97,198,765,802,1567
2000,Thuringen,Brandenburg,18,7,25,407,445,852
2000,Thuringen,Mecklenburg-Vorpommern,13,6,19,291,314,605
2000,Thuringen,Sachsen,122,66,188,2095,2137,4232
2000,Thuringen,Sachsen-Anhalt,62,41,103,1054,1087,2141
2000,Thuringen,Thuringen,0,0,0,0,0,0
2000,Thuringen,Insgesamt,1631,1055,2686,18158,19166,37324
2000,Insgesamt,Schleswig-Holstein,2684,2125,4809,30868,31431,62299
2000,Insgesamt,Hamburg,4027,2815,6842,29311,27928,57239
2000,Insgesamt,Niedersachsen,6145,4642,10787,60633,61504,122137
2000,Insgesamt,Bremen,1342,1030,2372,10103,9759,19862
2000,Insgesamt,Nordrhein-Westfalen,13299,9325,22624,79733,77859,157592
2000,Insgesamt,Hessen,9368,6404,15772,48729,46740,95469
2000,Insgesamt,Rheinland-Pfalz,5619,4048,9667,35096,34220,69316
2000,Insgesamt,Baden-Wurttemberg,11585,8510,20095,69514,65879,135393
2000,Insgesamt,Bayern,11256,7795,19051,74576,71275,145851
2000,Insgesamt,Saarland,769,686,1455,5418,5232,10650
2000,Insgesamt,Berlin,5568,4199,9767,39310,37299,76609
2000,Insgesamt,Brandenburg,1588,1153,2741,31804,31672,63476
2000,Insgesamt,Mecklenburg-Vorpommern,681,429,1110,12164,11675,23839
2000,Insgesamt,Sachsen,2139,1367,3506,22979,21198,44177
2000,Insgesamt,Sachsen-Anhalt,1392,804,2196,13867,13134,27001
2000,Insgesamt,Thuringen,1121,690,1811,13115,12608,25723
2000,Insgesamt,Insgesamt,78583,56022,134605,577220,559413,1136633
2001,Schleswig-Holstein,Schleswig-Holstein,0,0,0,0,0,0
2001,Schleswig-Holstein,Hamburg,1060,846,1906,9041,8706,17747
2001,Schleswig-Holstein,Niedersachsen,310,246,556,4193,4249,8442
2001,Schleswig-Holstein,Bremen,54,30,84,394,339,733
2001,Schleswig-Holstein,Nordrhein-Westfalen,389,318,707,2873,2796,5669
2001,Schleswig-Holstein,Hessen,119,101,220,1005,994,1999
2001,Schleswig-Holstein,Rheinland-Pfalz,58,40,98,452,457,909
2001,Schleswig-Holstein,Baden-Wurttemberg,157,155,312,1537,1572,3109
2001,Schleswig-Holstein,Bayern,203,134,337,1570,1442,3012
2001,Schleswig-Holstein,Saarland,3,6,9,77,72,149
2001,Schleswig-Holstein,Berlin,112,102,214,1304,1089,2393
2001,Schleswig-Holstein,Brandenburg,11,16,27,464,417,881
2001,Schleswig-Holstein,Mecklenburg-Vorpommern,46,42,88,2019,1803,3822
2001,Schleswig-Holstein,Sachsen,17,11,28,349,256,605
2001,Schleswig-Holstein,Sachsen-Anhalt,14,5,19,274,218,492
2001,Schleswig-Holstein,Thuringen,21,7,28,221,148,369
2001,Schleswig-Holstein,Insgesamt,2574,2059,4633,25773,24558,50331
2001,Hamburg,Schleswig-Holstein,1045,807,1852,10623,11055,21678
2001,Hamburg,Hamburg,0,0,0,0,0,0
2001,Hamburg,Niedersachsen,544,399,943,5825,6005,11830
2001,Hamburg,Bremen,74,48,122,368,321,689
2001,Hamburg,Nordrhein-Westfalen,411,270,681,2005,1926,3931
2001,Hamburg,Hessen,203,169,372,929,869,1798
2001,Hamburg,Rheinland-Pfalz,50,30,80,274,255,529
2001,Hamburg,Baden-Wurttemberg,225,141,366,1127,1040,2167
2001,Hamburg,Bayern,330,178,508,1442,1261,2703
2001,Hamburg,Saarland,8,13,21,55,58,113
2001,Hamburg,Berlin,209,144,353,1463,1300,2763
2001,Hamburg,Brandenburg,25,13,38,311,251,562
2001,Hamburg,Mecklenburg-Vorpommern,48,29,77,907,829,1736
2001,Hamburg,Sachsen,38,17,55,230,213,443
2001,Hamburg,Sachsen-Anhalt,17,10,27,176,170,346
2001,Hamburg,Thuringen,11,8,19,128,92,220
2001,Hamburg,Insgesamt,3238,2276,5514,25863,25645,51508
2001,Niedersachsen,Schleswig-Holstein,754,664,1418,5382,5679,11061
2001,Niedersachsen,Hamburg,903,668,1571,6965,7028,13993
2001,Niedersachsen,Niedersachsen,0,0,0,0,0,0
2001,Niedersachsen,Bremen,718,641,1359,6286,6095,12381
2001,Niedersachsen,Nordrhein-Westfalen,3187,2711,5898,25084,25512,50596
2001,Niedersachsen,Hessen,1202,1083,2285,7512,7755,15267
2001,Niedersachsen,Rheinland-Pfalz,622,569,1191,3625,3690,7315
2001,Niedersachsen,Baden-Wurttemberg,1914,1826,3740,10224,10289,20513
2001,Niedersachsen,Bayern,1730,1574,3304,11212,11152,22364
2001,Niedersachsen,Saarland,186,178,364,772,771,1543
2001,Niedersachsen,Berlin,640,645,1285,4295,4150,8445
2001,Niedersachsen,Brandenburg,284,269,553,2928,3024,5952
2001,Niedersachsen,Mecklenburg-Vorpommern,54,40,94,2732,2811,5543
2001,Niedersachsen,Sachsen,583,520,1103,4277,4349,8626
2001,Niedersachsen,Sachsen-Anhalt,489,464,953,4294,4269,8563
2001,Niedersachsen,Thuringen,330,282,612,2483,2658,5141
2001,Niedersachsen,Insgesamt,13596,12134,25730,98071,99232,197303
2001,Bremen,Schleswig-Holstein,55,45,100,334,343,677
2001,Bremen,Hamburg,197,123,320,686,578,1264
2001,Bremen,Niedersachsen,660,510,1170,6995,7197,14192
2001,Bremen,Bremen,0,0,0,0,0,0
2001,Bremen,Nordrhein-Westfalen,224,164,388,903,862,1765
2001,Bremen,Hessen,76,56,132,336,328,664
2001,Bremen,Rheinland-Pfalz,32,18,50,142,131,273
2001,Bremen,Baden-Wurttemberg,66,68,134,445,422,867
2001,Bremen,Bayern,110,73,183,486,397,883
2001,Bremen,Saarland,8,6,14,25,24,49
2001,Bremen,Berlin,75,47,122,400,383,783
2001,Bremen,Brandenburg,7,5,12,62,70,132
2001,Bremen,Mecklenburg-Vorpommern,3,2,5,86,99,185
2001,Bremen,Sachsen,8,6,14,87,77,164
2001,Bremen,Sachsen-Anhalt,5,3,8,72,66,138
2001,Bremen,Thuringen,7,4,11,46,52,98
2001,Bremen,Insgesamt,1533,1130,2663,11105,11029,22134
2001,Nordrhein-Westfalen,Schleswig-Holstein,316,211,527,3198,3213,6411
2001,Nordrhein-Westfalen,Hamburg,518,330,848,3054,2802,5856
2001,Nordrhein-Westfalen,Niedersachsen,1740,1274,3014,14966,15168,30134
2001,Nordrhein-Westfalen,Bremen,244,146,390,1013,966,1979
2001,Nordrhein-Westfalen,Nordrhein-Westfalen,0,0,0,0,0,0
2001,Nordrhein-Westfalen,Hessen,1826,1277,3103,8865,8563,17428
2001,Nordrhein-Westfalen,Rheinland-Pfalz,1064,776,1840,8638,8224,16862
2001,Nordrhein-Westfalen,Baden-Wurttemberg,1981,1445,3426,9650,8972,18622
2001,Nordrhein-Westfalen,Bayern,1943,1345,3288,10433,9198,19631
2001,Nordrhein-Westfalen,Saarland,104,94,198,714,708,1422
2001,Nordrhein-Westfalen,Berlin,759,626,1385,5634,5172,10806
2001,Nordrhein-Westfalen,Brandenburg,85,76,161,1593,1433,3026
2001,Nordrhein-Westfalen,Mecklenburg-Vorpommern,77,28,105,993,889,1882
2001,Nordrhein-Westfalen,Sachsen,220,107,327,2008,1719,3727
2001,Nordrhein-Westfalen,Sachsen-Anhalt,148,48,196,1338,1121,2459
2001,Nordrhein-Westfalen,Thuringen,130,78,208,1117,980,2097
2001,Nordrhein-Westfalen,Insgesamt,11155,7861,19016,73214,69128,142342
2001,Hessen,Schleswig-Holstein,144,83,227,1180,1258,2438
2001,Hessen,Hamburg,191,172,363,1090,1137,2227
2001,Hessen,Niedersachsen,617,438,1055,4013,4062,8075
2001,Hessen,Bremen,85,44,129,324,324,648
2001,Hessen,Nordrhein-Westfalen,2013,1335,3348,8452,8173,16625
2001,Hessen,Hessen,0,0,0,0,0,0
2001,Hessen,Rheinland-Pfalz,1530,1094,2624,7431,6904,14335
2001,Hessen,Baden-Wurttemberg,1702,1145,2847,8085,7512,15597
2001,Hessen,Bayern,1600,1030,2630,7834,7220,15054
2001,Hessen,Saarland,76,59,135,403,410,813
2001,Hessen,Berlin,306,248,554,2230,2141,4371
2001,Hessen,Brandenburg,43,31,74,553,518,1071
2001,Hessen,Mecklenburg-Vorpommern,36,15,51,304,270,574
2001,Hessen,Sachsen,156,82,238,1103,988,2091
2001,Hessen,Sachsen-Anhalt,71,26,97,566,490,1056
2001,Hessen,Thuringen,141,54,195,1473,1380,2853
2001,Hessen,Insgesamt,8711,5856,14567,45041,42787,87828
2001,Rheinland-Pfalz,Schleswig-Holstein,51,39,90,484,487,971
2001,Rheinland-Pfalz,Hamburg,75,45,120,403,354,757
2001,Rheinland-Pfalz,Niedersachsen,180,152,332,1385,1457,2842
2001,Rheinland-Pfalz,Bremen,40,28,68,148,146,294
2001,Rheinland-Pfalz,Nordrhein-Westfalen,1300,1015,2315,7915,7980,15895
2001,Rheinland-Pfalz,Hessen,1270,1009,2279,6306,6120,12426
2001,Rheinland-Pfalz,Rheinland-Pfalz,0,0,0,0,0,0
2001,Rheinland-Pfalz,Baden-Wurttemberg,1296,1141,2437,6729,6396,13125
2001,Rheinland-Pfalz,Bayern,564,367,931,3060,2674,5734
2001,Rheinland-Pfalz,Saarland,198,159,357,1793,1835,3628
2001,Rheinland-Pfalz,Berlin,105,109,214,838,792,1630
2001,Rheinland-Pfalz,Brandenburg,27,19,46,378,288,666
2001,Rheinland-Pfalz,Mecklenburg-Vorpommern,19,14,33,175,141,316
2001,Rheinland-Pfalz,Sachsen,49,24,73,513,450,963
2001,Rheinland-Pfalz,Sachsen-Anhalt,41,17,58,319,240,559
2001,Rheinland-Pfalz,Thuringen,52,30,82,371,320,691
2001,Rheinland-Pfalz,Insgesamt,5267,4168,9435,30817,29680,60497
2001,Baden-Wurttemberg,Schleswig-Holstein,125,87,212,1278,1366,2644
2001,Baden-Wurttemberg,Hamburg,229,141,370,1388,1301,2689
2001,Baden-Wurttemberg,Niedersachsen,482,368,850,3511,3416,6927
2001,Baden-Wurttemberg,Bremen,71,56,127,402,359,761
2001,Baden-Wurttemberg,Nordrhein-Westfalen,1908,1369,3277,8281,7864,16145
2001,Baden-Wurttemberg,Hessen,1693,1126,2819,7413,6712,14125
2001,Baden-Wurttemberg,Rheinland-Pfalz,1409,969,2378,6478,5838,12316
2001,Baden-Wurttemberg,Baden-Wurttemberg,0,0,0,0,0,0
2001,Baden-Wurttemberg,Bayern,2861,2044,4905,16285,15572,31857
2001,Baden-Wurttemberg,Saarland,155,114,269,811,749,1560
2001,Baden-Wurttemberg,Berlin,475,356,831,3205,2947,6152
2001,Baden-Wurttemberg,Brandenburg,63,45,108,958,818,1776
2001,Baden-Wurttemberg,Mecklenburg-Vorpommern,36,18,54,478,462,940
2001,Baden-Wurttemberg,Sachsen,192,121,313,2273,1958,4231
2001,Baden-Wurttemberg,Sachsen-Anhalt,110,30,140,895,716,1611
2001,Baden-Wurttemberg,Thuringen,106,60,166,1013,913,1926
2001,Baden-Wurttemberg,Insgesamt,9915,6904,16819,54669,50991,105660
2001,Bayern,Schleswig-Holstein,166,104,270,1338,1393,2731
2001,Bayern,Hamburg,267,141,408,1357,1278,2635
2001,Bayern,Niedersachsen,486,359,845,3432,3211,6643
2001,Bayern,Bremen,72,48,120,339,317,656
2001,Bayern,Nordrhein-Westfalen,1926,1299,3225,8112,7360,15472
2001,Bayern,Hessen,1412,938,2350,6222,5587,11809
2001,Bayern,Rheinland-Pfalz,495,341,836,2530,2276,4806
2001,Bayern,Baden-Wurttemberg,2882,1983,4865,15082,14535,29617
2001,Bayern,Bayern,0,0,0,0,0,0
2001,Bayern,Saarland,77,55,132,463,418,881
2001,Bayern,Berlin,542,398,940,3469,3096,6565
2001,Bayern,Brandenburg,66,43,109,1113,949,2062
2001,Bayern,Mecklenburg-Vorpommern,38,13,51,517,418,935
2001,Bayern,Sachsen,249,139,388,3426,3054,6480
2001,Bayern,Sachsen-Anhalt,178,55,233,1137,889,2026
2001,Bayern,Thuringen,137,65,202,2021,1855,3876
2001,Bayern,Insgesamt,8993,5981,14974,50558,46636,97194
2001,Saarland,Schleswig-Holstein,15,12,27,86,100,186
2001,Saarland,Hamburg,11,11,22,79,72,151
2001,Saarland,Niedersachsen,31,46,77,249,283,532
2001,Saarland,Bremen,20,20,40,39,43,82
2001,Saarland,Nordrhein-Westfalen,265,194,459,937,874,1811
2001,Saarland,Hessen,136,92,228,620,567,1187
2001,Saarland,Rheinland-Pfalz,245,198,443,1997,1891,3888
2001,Saarland,Baden-Wurttemberg,237,184,421,1176,1133,2309
2001,Saarland,Bayern,94,81,175,637,614,1251
2001,Saarland,Saarland,0,0,0,0,0,0
2001,Saarland,Berlin,49,46,95,223,203,426
2001,Saarland,Brandenburg,0,1,1,44,44,88
2001,Saarland,Mecklenburg-Vorpommern,14,10,24,38,23,61
2001,Saarland,Sachsen,14,15,29,89,79,168
2001,Saarland,Sachsen-Anhalt,6,2,8,45,41,86
2001,Saarland,Thuringen,7,9,16,53,46,99
2001,Saarland,Insgesamt,1144,921,2065,6312,6013,12325
2001,Berlin,Schleswig-Holstein,79,68,147,1256,1197,2453
2001,Berlin,Hamburg,180,153,333,1054,1032,2086
2001,Berlin,Niedersachsen,294,261,555,2687,2589,5276
2001,Berlin,Bremen,71,53,124,275,301,576
2001,Berlin,Nordrhein-Westfalen,899,710,1609,4124,3811,7935
2001,Berlin,Hessen,369,303,672,1854,1752,3606
2001,Berlin,Rheinland-Pfalz,167,111,278,768,718,1486
2001,Berlin,Baden-Wurttemberg,705,542,1247,3377,3019,6396
2001,Berlin,Bayern,805,637,1442,4192,3968,8160
2001,Berlin,Saarland,22,12,34,127,122,249
2001,Berlin,Berlin,0,0,0,0,0,0
2001,Berlin,Brandenburg,818,597,1415,17264,17269,34533
2001,Berlin,Mecklenburg-Vorpommern,131,51,182,1270,1225,2495
2001,Berlin,Sachsen,213,126,339,1306,1108,2414
2001,Berlin,Sachsen-Anhalt,128,77,205,800,722,1522
2001,Berlin,Thuringen,62,49,111,552,504,1056
2001,Berlin,Insgesamt,4943,3750,8693,40906,39337,80243
2001,Brandenburg,Schleswig-Holstein,18,29,47,875,921,1796
2001,Brandenburg,Hamburg,28,22,50,601,693,1294
2001,Brandenburg,Niedersachsen,114,88,202,2227,2385,4612
2001,Brandenburg,Bremen,19,13,32,168,193,361
2001,Brandenburg,Nordrhein-Westfalen,244,155,399,2907,3079,5986
2001,Brandenburg,Hessen,69,68,137,1114,1252,2366
2001,Brandenburg,Rheinland-Pfalz,61,26,87,705,703,1408
2001,Brandenburg,Baden-Wurttemberg,218,175,393,3537,3394,6931
2001,Brandenburg,Bayern,216,150,366,3646,3471,7117
2001,Brandenburg,Saarland,6,10,16,78,113,191
2001,Brandenburg,Berlin,1207,855,2062,11070,11285,22355
2001,Brandenburg,Brandenburg,0,0,0,0,0,0
2001,Brandenburg,Mecklenburg-Vorpommern,57,35,92,1489,1559,3048
2001,Brandenburg,Sachsen,108,76,184,1860,1923,3783
2001,Brandenburg,Sachsen-Anhalt,79,43,122,1063,1089,2152
2001,Brandenburg,Thuringen,18,18,36,448,494,942
2001,Brandenburg,Insgesamt,2462,1763,4225,31788,32554,64342
2001,Mecklenburg-Vorpommern,Schleswig-Holstein,162,112,274,3616,3656,7272
2001,Mecklenburg-Vorpommern,Hamburg,274,172,446,2509,2553,5062
2001,Mecklenburg-Vorpommern,Niedersachsen,208,162,370,2696,2584,5280
2001,Mecklenburg-Vorpommern,Bremen,42,28,70,309,324,633
2001,Mecklenburg-Vorpommern,Nordrhein-Westfalen,289,185,474,1889,1879,3768
2001,Mecklenburg-Vorpommern,Hessen,69,44,113,651,618,1269
2001,Mecklenburg-Vorpommern,Rheinland-Pfalz,31,29,60,414,382,796
2001,Mecklenburg-Vorpommern,Baden-Wurttemberg,116,101,217,1441,1333,2774
2001,Mecklenburg-Vorpommern,Bayern,121,80,201,1346,1204,2550
2001,Mecklenburg-Vorpommern,Saarland,9,4,13,68,44,112
2001,Mecklenburg-Vorpommern,Berlin,247,157,404,2043,2090,4133
2001,Mecklenburg-Vorpommern,Brandenburg,45,30,75,1216,1248,2464
2001,Mecklenburg-Vorpommern,Mecklenburg-Vorpommern,0,0,0,0,0,0
2001,Mecklenburg-Vorpommern,Sachsen,30,24,54,637,607,1244
2001,Mecklenburg-Vorpommern,Sachsen-Anhalt,20,14,34,444,421,865
2001,Mecklenburg-Vorpommern,Thuringen,7,4,11,292,250,542
2001,Mecklenburg-Vorpommern,Insgesamt,1670,1146,2816,19571,19193,38764
2001,Sachsen,Schleswig-Holstein,44,25,69,565,605,1170
2001,Sachsen,Hamburg,149,69,218,533,508,1041
2001,Sachsen,Niedersachsen,293,182,475,1957,1950,3907
2001,Sachsen,Bremen,43,22,65,178,159,337
2001,Sachsen,Nordrhein-Westfalen,741,438,1179,4112,4153,8265
2001,Sachsen,Hessen,419,203,622,2680,2680,5360
2001,Sachsen,Rheinland-Pfalz,157,78,235,1261,1196,2457
2001,Sachsen,Baden-Wurttemberg,681,436,1117,7674,7170,14844
2001,Sachsen,Bayern,815,429,1244,10464,9909,20373
2001,Sachsen,Saarland,19,13,32,137,162,299
2001,Sachsen,Berlin,456,246,702,2095,2111,4206
2001,Sachsen,Brandenburg,101,62,163,1686,1788,3474
2001,Sachsen,Mecklenburg-Vorpommern,50,31,81,617,680,1297
2001,Sachsen,Sachsen,0,0,0,0,0,0
2001,Sachsen,Sachsen-Anhalt,193,90,283,1772,1787,3559
2001,Sachsen,Thuringen,166,55,221,1848,1860,3708
2001,Sachsen,Insgesamt,4327,2379,6706,37579,36718,74297
2001,Sachsen-Anhalt,Schleswig-Holstein,40,23,63,577,589,1166
2001,Sachsen-Anhalt,Hamburg,89,37,126,474,469,943
2001,Sachsen-Anhalt,Niedersachsen,357,254,611,5174,5591,10765
2001,Sachsen-Anhalt,Bremen,27,11,38,165,152,317
2001,Sachsen-Anhalt,Nordrhein-Westfalen,700,425,1125,3435,3525,6960
2001,Sachsen-Anhalt,Hessen,204,124,328,1558,1574,3132
2001,Sachsen-Anhalt,Rheinland-Pfalz,157,65,222,896,740,1636
2001,Sachsen-Anhalt,Baden-Wurttemberg,359,235,594,3677,3416,7093
2001,Sachsen-Anhalt,Bayern,452,246,698,4386,4118,8504
2001,Sachsen-Anhalt,Saarland,8,5,13,62,71,133
2001,Sachsen-Anhalt,Berlin,291,170,461,1448,1443,2891
2001,Sachsen-Anhalt,Brandenburg,61,40,101,1154,1173,2327
2001,Sachsen-Anhalt,Mecklenburg-Vorpommern,38,23,61,577,662,1239
2001,Sachsen-Anhalt,Sachsen,227,146,373,2525,2607,5132
2001,Sachsen-Anhalt,Sachsen-Anhalt,0,0,0,0,0,0
2001,Sachsen-Anhalt,Thuringen,78,53,131,1346,1338,2684
2001,Sachsen-Anhalt,Insgesamt,3088,1857,4945,27454,27468,54922
2001,Thuringen,Schleswig-Holstein,13,7,20,256,275,531
2001,Thuringen,Hamburg,27,19,46,190,194,384
2001,Thuringen,Niedersachsen,167,125,292,1577,1772,3349
2001,Thuringen,Bremen,15,8,23,77,97,174
2001,Thuringen,Nordrhein-Westfalen,339,221,560,2147,2157,4304
2001,Thuringen,Hessen,258,113,371,2554,2890,5444
2001,Thuringen,Rheinland-Pfalz,80,52,132,712,743,1455
2001,Thuringen,Baden-Wurttemberg,274,171,445,3104,3069,6173
2001,Thuringen,Bayern,259,184,443,4636,5084,9720
2001,Thuringen,Saarland,7,2,9,80,85,165
2001,Thuringen,Berlin,85,64,149,761,862,1623
2001,Thuringen,Brandenburg,15,5,20,416,441,857
2001,Thuringen,Mecklenburg-Vorpommern,16,6,22,257,267,524
2001,Thuringen,Sachsen,168,47,215,2121,2120,4241
2001,Thuringen,Sachsen-Anhalt,68,32,100,1125,1062,2187
2001,Thuringen,Thuringen,0,0,0,0,0,0
2001,Thuringen,Insgesamt,1791,1056,2847,20013,21118,41131
2001,Insgesamt,Schleswig-Holstein,3027,2316,5343,31048,32137,63185
2001,Insgesamt,Hamburg,4198,2949,7147,29424,28705,58129
2001,Insgesamt,Niedersachsen,6483,4864,11347,60887,61919,122806
2001,Insgesamt,Bremen,1595,1196,2791,10485,10136,20621
2001,Insgesamt,Nordrhein-Westfalen,14835,10809,25644,83176,81951,165127
2001,Insgesamt,Hessen,9325,6706,16031,49619,48261,97880
2001,Insgesamt,Rheinland-Pfalz,6158,4396,10554,36323,34148,70471
2001,Insgesamt,Baden-Wurttemberg,12813,9748,22561,76865,73272,150137
2001,Insgesamt,Bayern,12103,8552,20655,81629,77284,158913
2001,Insgesamt,Saarland,886,730,1616,5665,5642,11307
2001,Insgesamt,Berlin,5558,4213,9771,40478,39064,79542
2001,Insgesamt,Brandenburg,1651,1252,2903,30140,29731,59871
2001,Insgesamt,Mecklenburg-Vorpommern,663,357,1020,12459,12138,24597
2001,Insgesamt,Sachsen,2272,1461,3733,22804,21508,44312
2001,Insgesamt,Sachsen-Anhalt,1567,916,2483,14320,13301,27621
2001,Insgesamt,Thuringen,1273,776,2049,13412,12890,26302
2001,Insgesamt,Insgesamt,84407,61241,145648,598734,582087,1180821
2002,Schleswig-Holstein,Schleswig-Holstein,0,0,0,0,0,0
2002,Schleswig-Holstein,Hamburg,1111,923,2034,9099,9045,18144
2002,Schleswig-Holstein,Niedersachsen,320,247,567,4119,4124,8243
2002,Schleswig-Holstein,Bremen,85,34,119,467,396,863
2002,Schleswig-Holstein,Nordrhein-Westfalen,395,322,717,2830,2774,5604
2002,Schleswig-Holstein,Hessen,143,104,247,1012,1025,2037
2002,Schleswig-Holstein,Rheinland-Pfalz,52,52,104,506,519,1025
2002,Schleswig-Holstein,Baden-Wurttemberg,203,159,362,1533,1498,3031
2002,Schleswig-Holstein,Bayern,212,133,345,1507,1382,2889
2002,Schleswig-Holstein,Saarland,8,6,14,78,90,168
2002,Schleswig-Holstein,Berlin,131,77,208,1397,1258,2655
2002,Schleswig-Holstein,Brandenburg,17,12,29,471,406,877
2002,Schleswig-Holstein,Mecklenburg-Vorpommern,92,40,132,2206,1931,4137
2002,Schleswig-Holstein,Sachsen,21,15,36,363,314,677
2002,Schleswig-Holstein,Sachsen-Anhalt,16,13,29,331,269,600
2002,Schleswig-Holstein,Thuringen,9,11,20,166,162,328
2002,Schleswig-Holstein,Insgesamt,2815,2148,4963,26085,25193,51278
2002,Hamburg,Schleswig-Holstein,917,850,1767,10756,11099,21855
2002,Hamburg,Hamburg,0,0,0,0,0,0
2002,Hamburg,Niedersachsen,587,445,1032,6236,6139,12375
2002,Hamburg,Bremen,100,66,166,415,427,842
2002,Hamburg,Nordrhein-Westfalen,489,284,773,2178,1929,4107
2002,Hamburg,Hessen,189,137,326,951,928,1879
2002,Hamburg,Rheinland-Pfalz,37,30,67,268,228,496
2002,Hamburg,Baden-Wurttemberg,224,172,396,1162,1109,2271
2002,Hamburg,Bayern,264,164,428,1270,1149,2419
2002,Hamburg,Saarland,8,5,13,52,47,99
2002,Hamburg,Berlin,235,170,405,1604,1454,3058
2002,Hamburg,Brandenburg,18,9,27,282,266,548
2002,Hamburg,Mecklenburg-Vorpommern,66,30,96,953,874,1827
2002,Hamburg,Sachsen,39,24,63,244,230,474
2002,Hamburg,Sachsen-Anhalt,24,11,35,199,137,336
2002,Hamburg,Thuringen,19,13,32,135,101,236
2002,Hamburg,Insgesamt,3216,2410,5626,26705,26117,52822
2002,Niedersachsen,Schleswig-Holstein,692,621,1313,5455,5690,11145
2002,Niedersachsen,Hamburg,853,687,1540,6738,6687,13425
2002,Niedersachsen,Niedersachsen,0,0,0,0,0,0
2002,Niedersachsen,Bremen,825,650,1475,6860,6753,13613
2002,Niedersachsen,Nordrhein-Westfalen,3361,2886,6247,23871,24083,47954
2002,Niedersachsen,Hessen,1321,1189,2510,6715,6968,13683
2002,Niedersachsen,Rheinland-Pfalz,649,648,1297,3553,3662,7215
2002,Niedersachsen,Baden-Wurttemberg,2030,1920,3950,9403,9723,19126
2002,Niedersachsen,Bayern,1843,1656,3499,10037,10298,20335
2002,Niedersachsen,Saarland,189,179,368,753,829,1582
2002,Niedersachsen,Berlin,575,504,1079,4177,3998,8175
2002,Niedersachsen,Brandenburg,320,312,632,2744,2804,5548
2002,Niedersachsen,Mecklenburg-Vorpommern,341,320,661,2625,2537,5162
2002,Niedersachsen,Sachsen,562,606,1168,3959,4101,8060
2002,Niedersachsen,Sachsen-Anhalt,485,360,845,4366,4220,8586
2002,Niedersachsen,Thuringen,300,292,592,2464,2457,4921
2002,Niedersachsen,Insgesamt,14346,12830,27176,93720,94810,188530
2002,Bremen,Schleswig-Holstein,50,29,79,354,348,702
2002,Bremen,Hamburg,126,106,232,476,517,993
2002,Bremen,Niedersachsen,658,557,1215,6766,6993,13759
2002,Bremen,Bremen,0,0,0,0,0,0
2002,Bremen,Nordrhein-Westfalen,314,224,538,966,912,1878
2002,Bremen,Hessen,108,62,170,360,307,667
2002,Bremen,Rheinland-Pfalz,10,18,28,102,112,214
2002,Bremen,Baden-Wurttemberg,81,76,157,401,432,833
2002,Bremen,Bayern,98,60,158,394,351,745
2002,Bremen,Saarland,5,6,11,20,26,46
2002,Bremen,Berlin,67,55,122,390,347,737
2002,Bremen,Brandenburg,10,8,18,63,80,143
2002,Bremen,Mecklenburg-Vorpommern,15,10,25,138,125,263
2002,Bremen,Sachsen,22,19,41,85,90,175
2002,Bremen,Sachsen-Anhalt,15,4,19,75,59,134
2002,Bremen,Thuringen,8,4,12,43,43,86
2002,Bremen,Insgesamt,1587,1238,2825,10633,10742,21375
2002,Nordrhein-Westfalen,Schleswig-Holstein,330,242,572,3161,3428,6589
2002,Nordrhein-Westfalen,Hamburg,598,381,979,2861,2648,5509
2002,Nordrhein-Westfalen,Niedersachsen,1948,1286,3234,14972,14967,29939
2002,Nordrhein-Westfalen,Bremen,212,191,403,924,971,1895
2002,Nordrhein-Westfalen,Nordrhein-Westfalen,0,0,0,0,0,0
2002,Nordrhein-Westfalen,Hessen,1879,1227,3106,8681,8287,16968
2002,Nordrhein-Westfalen,Rheinland-Pfalz,1183,849,2032,9201,8654,17855
2002,Nordrhein-Westfalen,Baden-Wurttemberg,1897,1430,3327,9579,8866,18445
2002,Nordrhein-Westfalen,Bayern,1872,1232,3104,9394,8407,17801
2002,Nordrhein-Westfalen,Saarland,165,113,278,779,724,1503
2002,Nordrhein-Westfalen,Berlin,823,620,1443,5188,4751,9939
2002,Nordrhein-Westfalen,Brandenburg,113,62,175,1440,1279,2719
2002,Nordrhein-Westfalen,Mecklenburg-Vorpommern,117,43,160,1104,968,2072
2002,Nordrhein-Westfalen,Sachsen,233,181,414,2012,1851,3863
2002,Nordrhein-Westfalen,Sachsen-Anhalt,227,86,313,1421,1235,2656
2002,Nordrhein-Westfalen,Thuringen,128,74,202,1153,1023,2176
2002,Nordrhein-Westfalen,Insgesamt,11725,8017,19742,71870,68059,139929
2002,Hessen,Schleswig-Holstein,136,98,234,1121,1165,2286
2002,Hessen,Hamburg,231,150,381,1127,1073,2200
2002,Hessen,Niedersachsen,563,428,991,4097,4165,8262
2002,Hessen,Bremen,89,65,154,360,388,748
2002,Hessen,Nordrhein-Westfalen,1893,1344,3237,8214,8141,16355
2002,Hessen,Hessen,0,0,0,0,0,0
2002,Hessen,Rheinland-Pfalz,1414,1034,2448,7347,6789,14136
2002,Hessen,Baden-Wurttemberg,1652,1163,2815,7725,7322,15047
2002,Hessen,Bayern,1387,1008,2395,7266,6805,14071
2002,Hessen,Saarland,63,79,142,414,409,823
2002,Hessen,Berlin,327,259,586,2129,1937,4066
2002,Hessen,Brandenburg,51,30,81,485,455,940
2002,Hessen,Mecklenburg-Vorpommern,43,10,53,357,271,628
2002,Hessen,Sachsen,217,99,316,1190,1033,2223
2002,Hessen,Sachsen-Anhalt,86,37,123,579,535,1114
2002,Hessen,Thuringen,144,83,227,1444,1441,2885
2002,Hessen,Insgesamt,8296,5887,14183,43855,41929,85784
2002,Rheinland-Pfalz,Schleswig-Holstein,59,41,100,506,533,1039
2002,Rheinland-Pfalz,Hamburg,82,56,138,369,331,700
2002,Rheinland-Pfalz,Niedersachsen,223,168,391,1482,1458,2940
2002,Rheinland-Pfalz,Bremen,29,26,55,143,141,284
2002,Rheinland-Pfalz,Nordrhein-Westfalen,1297,1024,2321,7905,7903,15808
2002,Rheinland-Pfalz,Hessen,1333,1003,2336,6149,5973,12122
2002,Rheinland-Pfalz,Rheinland-Pfalz,0,0,0,0,0,0
2002,Rheinland-Pfalz,Baden-Wurttemberg,1361,1023,2384,6523,6129,12652
2002,Rheinland-Pfalz,Bayern,470,373,843,2621,2538,5159
2002,Rheinland-Pfalz,Saarland,182,171,353,1887,1773,3660
2002,Rheinland-Pfalz,Berlin,129,111,240,818,733,1551
2002,Rheinland-Pfalz,Brandenburg,32,15,47,276,267,543
2002,Rheinland-Pfalz,Mecklenburg-Vorpommern,26,11,37,194,162,356
2002,Rheinland-Pfalz,Sachsen,74,48,122,512,479,991
2002,Rheinland-Pfalz,Sachsen-Anhalt,48,23,71,343,242,585
2002,Rheinland-Pfalz,Thuringen,25,22,47,353,328,681
2002,Rheinland-Pfalz,Insgesamt,5370,4115,9485,30081,28990,59071
2002,Baden-Wurttemberg,Schleswig-Holstein,187,118,305,1350,1356,2706
2002,Baden-Wurttemberg,Hamburg,192,161,353,1278,1201,2479
2002,Baden-Wurttemberg,Niedersachsen,514,390,904,3610,3472,7082
2002,Baden-Wurttemberg,Bremen,91,92,183,388,424,812
2002,Baden-Wurttemberg,Nordrhein-Westfalen,1858,1391,3249,7984,7627,15611
2002,Baden-Wurttemberg,Hessen,1651,1130,2781,7257,6897,14154
2002,Baden-Wurttemberg,Rheinland-Pfalz,1369,1025,2394,6742,6012,12754
2002,Baden-Wurttemberg,Baden-Wurttemberg,0,0,0,0,0,0
2002,Baden-Wurttemberg,Bayern,2731,1934,4665,14992,14302,29294
2002,Baden-Wurttemberg,Saarland,130,108,238,774,757,1531
2002,Baden-Wurttemberg,Berlin,467,349,816,3277,2853,6130
2002,Baden-Wurttemberg,Brandenburg,78,50,128,973,910,1883
2002,Baden-Wurttemberg,Mecklenburg-Vorpommern,46,35,81,543,524,1067
2002,Baden-Wurttemberg,Sachsen,193,116,309,2376,2018,4394
2002,Baden-Wurttemberg,Sachsen-Anhalt,131,47,178,1052,789,1841
2002,Baden-Wurttemberg,Thuringen,89,38,127,1073,938,2011
2002,Baden-Wurttemberg,Insgesamt,9727,6984,16711,53669,50080,103749
2002,Bayern,Schleswig-Holstein,205,132,337,1401,1401,2802
2002,Bayern,Hamburg,368,214,582,1430,1317,2747
2002,Bayern,Niedersachsen,709,480,1189,3755,3430,7185
2002,Bayern,Bremen,115,95,210,406,410,816
2002,Bayern,Nordrhein-Westfalen,2063,1385,3448,8257,7418,15675
2002,Bayern,Hessen,1478,964,2442,6132,5842,11974
2002,Bayern,Rheinland-Pfalz,542,341,883,2678,2280,4958
2002,Bayern,Baden-Wurttemberg,2882,2013,4895,15254,14621,29875
2002,Bayern,Bayern,0,0,0,0,0,0
2002,Bayern,Saarland,88,83,171,495,451,946
2002,Bayern,Berlin,539,440,979,3588,3235,6823
2002,Bayern,Brandenburg,65,42,107,1126,1011,2137
2002,Bayern,Mecklenburg-Vorpommern,88,47,135,600,514,1114
2002,Bayern,Sachsen,329,208,537,3684,3185,6869
2002,Bayern,Sachsen-Anhalt,123,71,194,1264,1130,2394
2002,Bayern,Thuringen,161,90,251,2171,1983,4154
2002,Bayern,Insgesamt,9755,6605,16360,52241,48228,100469
2002,Saarland,Schleswig-Holstein,3,7,10,81,102,183
2002,Saarland,Hamburg,52,43,95,108,93,201
2002,Saarland,Niedersachsen,29,38,67,244,234,478
2002,Saarland,Bremen,23,20,43,57,45,102
2002,Saarland,Nordrhein-Westfalen,261,174,435,892,869,1761
2002,Saarland,Hessen,125,79,204,546,494,1040
2002,Saarland,Rheinland-Pfalz,222,172,394,2026,1873,3899
2002,Saarland,Baden-Wurttemberg,188,148,336,1021,967,1988
2002,Saarland,Bayern,124,98,222,536,502,1038
2002,Saarland,Saarland,0,0,0,0,0,0
2002,Saarland,Berlin,49,30,79,204,198,402
2002,Saarland,Brandenburg,3,3,6,43,41,84
2002,Saarland,Mecklenburg-Vorpommern,1,3,4,28,24,52
2002,Saarland,Sachsen,10,10,20,80,82,162
2002,Saarland,Sachsen-Anhalt,4,0,4,41,32,73
2002,Saarland,Thuringen,9,4,13,49,42,91
2002,Saarland,Insgesamt,1103,829,1932,5956,5598,11554
2002,Berlin,Schleswig-Holstein,92,87,179,1301,1281,2582
2002,Berlin,Hamburg,200,154,354,1094,1184,2278
2002,Berlin,Niedersachsen,408,285,693,2872,2772,5644
2002,Berlin,Bremen,86,59,145,307,312,619
2002,Berlin,Nordrhein-Westfalen,915,676,1591,4284,3942,8226
2002,Berlin,Hessen,347,289,636,1936,1827,3763
2002,Berlin,Rheinland-Pfalz,144,108,252,807,740,1547
2002,Berlin,Baden-Wurttemberg,661,515,1176,3471,3211,6682
2002,Berlin,Bayern,803,642,1445,4095,3675,7770
2002,Berlin,Saarland,53,27,80,185,169,354
2002,Berlin,Berlin,0,0,0,0,0,0
2002,Berlin,Brandenburg,791,619,1410,16685,16617,33302
2002,Berlin,Mecklenburg-Vorpommern,197,102,299,1417,1263,2680
2002,Berlin,Sachsen,276,162,438,1336,1207,2543
2002,Berlin,Sachsen-Anhalt,154,89,243,877,820,1697
2002,Berlin,Thuringen,78,46,124,548,511,1059
2002,Berlin,Insgesamt,5205,3860,9065,41215,39531,80746
2002,Brandenburg,Schleswig-Holstein,38,32,70,973,1015,1988
2002,Brandenburg,Hamburg,68,41,109,678,726,1404
2002,Brandenburg,Niedersachsen,106,96,202,2165,2330,4495
2002,Brandenburg,Bremen,20,13,33,174,209,383
2002,Brandenburg,Nordrhein-Westfalen,250,173,423,2676,2697,5373
2002,Brandenburg,Hessen,121,77,198,1162,1236,2398
2002,Brandenburg,Rheinland-Pfalz,46,42,88,706,677,1383
2002,Brandenburg,Baden-Wurttemberg,184,141,325,3081,2973,6054
2002,Brandenburg,Bayern,160,112,272,2948,2824,5772
2002,Brandenburg,Saarland,4,7,11,89,96,185
2002,Brandenburg,Berlin,1184,850,2034,11598,11997,23595
2002,Brandenburg,Brandenburg,0,0,0,0,0,0
2002,Brandenburg,Mecklenburg-Vorpommern,63,29,92,1426,1494,2920
2002,Brandenburg,Sachsen,79,54,133,1745,1815,3560
2002,Brandenburg,Sachsen-Anhalt,75,29,104,1070,1034,2104
2002,Brandenburg,Thuringen,26,15,41,474,491,965
2002,Brandenburg,Insgesamt,2424,1711,4135,30965,31614,62579
2002,Mecklenburg-Vorpommern,Schleswig-Holstein,148,110,258,3572,3891,7463
2002,Mecklenburg-Vorpommern,Hamburg,221,131,352,2735,2844,5579
2002,Mecklenburg-Vorpommern,Niedersachsen,146,114,260,2673,2830,5503
2002,Mecklenburg-Vorpommern,Bremen,41,25,66,331,335,666
2002,Mecklenburg-Vorpommern,Nordrhein-Westfalen,259,135,394,1731,1721,3452
2002,Mecklenburg-Vorpommern,Hessen,86,38,124,583,591,1174
2002,Mecklenburg-Vorpommern,Rheinland-Pfalz,38,25,63,369,349,718
2002,Mecklenburg-Vorpommern,Baden-Wurttemberg,125,89,214,1296,1235,2531
2002,Mecklenburg-Vorpommern,Bayern,108,56,164,1216,1147,2363
2002,Mecklenburg-Vorpommern,Saarland,4,3,7,55,49,104
2002,Mecklenburg-Vorpommern,Berlin,203,119,322,1887,1953,3840
2002,Mecklenburg-Vorpommern,Brandenburg,44,24,68,1214,1271,2485
2002,Mecklenburg-Vorpommern,Mecklenburg-Vorpommern,0,0,0,0,0,0
2002,Mecklenburg-Vorpommern,Sachsen,35,27,62,576,622,1198
2002,Mecklenburg-Vorpommern,Sachsen-Anhalt,24,15,39,418,411,829
2002,Mecklenburg-Vorpommern,Thuringen,19,8,27,270,281,551
2002,Mecklenburg-Vorpommern,Insgesamt,1501,919,2420,18926,19530,38456
2002,Sachsen,Schleswig-Holstein,46,24,70,507,558,1065
2002,Sachsen,Hamburg,161,83,244,511,549,1060
2002,Sachsen,Niedersachsen,280,167,447,1982,1977,3959
2002,Sachsen,Bremen,49,30,79,162,170,332
2002,Sachsen,Nordrhein-Westfalen,778,389,1167,3849,3880,7729
2002,Sachsen,Hessen,384,197,581,2451,2370,4821
2002,Sachsen,Rheinland-Pfalz,171,88,259,1285,1137,2422
2002,Sachsen,Baden-Wurttemberg,562,427,989,6615,6399,13014
2002,Sachsen,Bayern,696,401,1097,8584,8501,17085
2002,Sachsen,Saarland,22,9,31,149,146,295
2002,Sachsen,Berlin,367,239,606,1890,2126,4016
2002,Sachsen,Brandenburg,86,50,136,1628,1748,3376
2002,Sachsen,Mecklenburg-Vorpommern,40,16,56,596,689,1285
2002,Sachsen,Sachsen,0,0,0,0,0,0
2002,Sachsen,Sachsen-Anhalt,190,85,275,1746,1746,3492
2002,Sachsen,Thuringen,138,76,214,1828,1940,3768
2002,Sachsen,Insgesamt,3970,2281,6251,33783,33936,67719
2002,Sachsen-Anhalt,Schleswig-Holstein,51,29,80,585,603,1188
2002,Sachsen-Anhalt,Hamburg,51,46,97,394,440,834
2002,Sachsen-Anhalt,Niedersachsen,382,237,619,5074,5501,10575
2002,Sachsen-Anhalt,Bremen,37,12,49,191,186,377
2002,Sachsen-Anhalt,Nordrhein-Westfalen,650,344,994,3193,3218,6411
2002,Sachsen-Anhalt,Hessen,204,125,329,1438,1480,2918
2002,Sachsen-Anhalt,Rheinland-Pfalz,121,52,173,776,696,1472
2002,Sachsen-Anhalt,Baden-Wurttemberg,275,151,426,2996,2833,5829
2002,Sachsen-Anhalt,Bayern,353,182,535,3378,3257,6635
2002,Sachsen-Anhalt,Saarland,9,2,11,91,79,170
2002,Sachsen-Anhalt,Berlin,277,195,472,1484,1551,3035
2002,Sachsen-Anhalt,Brandenburg,61,58,119,1033,1215,2248
2002,Sachsen-Anhalt,Mecklenburg-Vorpommern,35,23,58,586,635,1221
2002,Sachsen-Anhalt,Sachsen,242,152,394,2365,2495,4860
2002,Sachsen-Anhalt,Sachsen-Anhalt,0,0,0,0,0,0
2002,Sachsen-Anhalt,Thuringen,94,54,148,1209,1381,2590
2002,Sachsen-Anhalt,Insgesamt,2842,1662,4504,24793,25570,50363
2002,Thuringen,Schleswig-Holstein,26,14,40,311,322,633
2002,Thuringen,Hamburg,23,21,44,206,215,421
2002,Thuringen,Niedersachsen,150,112,262,1559,1680,3239
2002,Thuringen,Bremen,29,10,39,110,90,200
2002,Thuringen,Nordrhein-Westfalen,399,231,630,1970,2001,3971
2002,Thuringen,Hessen,279,113,392,2553,2812,5365
2002,Thuringen,Rheinland-Pfalz,90,55,145,738,690,1428
2002,Thuringen,Baden-Wurttemberg,222,178,400,2857,2790,5647
2002,Thuringen,Bayern,279,163,442,4113,4357,8470
2002,Thuringen,Saarland,12,3,15,80,70,150
2002,Thuringen,Berlin,96,72,168,792,882,1674
2002,Thuringen,Brandenburg,18,15,33,393,473,866
2002,Thuringen,Mecklenburg-Vorpommern,11,7,18,315,342,657
2002,Thuringen,Sachsen,128,75,203,2069,2197,4266
2002,Thuringen,Sachsen-Anhalt,62,33,95,1021,1063,2084
2002,Thuringen,Thuringen,0,0,0,0,0,0
2002,Thuringen,Insgesamt,1824,1102,2926,19087,19984,39071
2002,Insgesamt,Schleswig-Holstein,2980,2434,5414,31434,32792,64226
2002,Insgesamt,Hamburg,4337,3197,7534,29104,28870,57974
2002,Insgesamt,Niedersachsen,7023,5050,12073,61606,62072,123678
2002,Insgesamt,Bremen,1831,1388,3219,11295,11257,22552
2002,Insgesamt,Nordrhein-Westfalen,15182,10982,26164,80800,79115,159915
2002,Insgesamt,Hessen,9648,6734,16382,47926,47037,94963
2002,Insgesamt,Rheinland-Pfalz,6088,4539,10627,37104,34418,71522
2002,Insgesamt,Baden-Wurttemberg,12547,9605,22152,72917,70108,143025
2002,Insgesamt,Bayern,11400,8214,19614,72351,69495,141846
2002,Insgesamt,Saarland,942,801,1743,5901,5715,11616
2002,Insgesamt,Berlin,5469,4090,9559,40423,39273,79696
2002,Insgesamt,Brandenburg,1707,1309,3016,28856,28843,57699
2002,Insgesamt,Mecklenburg-Vorpommern,1181,726,1907,13088,12353,25441
2002,Insgesamt,Sachsen,2460,1796,4256,22596,21719,44315
2002,Insgesamt,Sachsen-Anhalt,1664,903,2567,14803,13722,28525
2002,Insgesamt,Thuringen,1247,830,2077,13380,13122,26502
2002,Insgesamt,Insgesamt,85706,62598,148304,583584,569911,1153495
2003,Schleswig-Holstein,Schleswig-Holstein,0,0,0,0,0,0
2003,Schleswig-Holstein,Hamburg,980,910,1890,9269,9256,18525
2003,Schleswig-Holstein,Niedersachsen,313,293,606,4337,4292,8629
2003,Schleswig-Holstein,Bremen,64,45,109,451,423,874
2003,Schleswig-Holstein,Nordrhein-Westfalen,323,269,592,2788,2777,5565
2003,Schleswig-Holstein,Hessen,124,99,223,1027,963,1990
2003,Schleswig-Holstein,Rheinland-Pfalz,51,36,87,519,480,999
2003,Schleswig-Holstein,Baden-Wurttemberg,187,143,330,1446,1383,2829
2003,Schleswig-Holstein,Bayern,216,150,366,1509,1358,2867
2003,Schleswig-Holstein,Saarland,7,6,13,81,67,148
2003,Schleswig-Holstein,Berlin,85,80,165,1221,1104,2325
2003,Schleswig-Holstein,Brandenburg,20,6,26,464,393,857
2003,Schleswig-Holstein,Mecklenburg-Vorpommern,63,53,116,2121,2047,4168
2003,Schleswig-Holstein,Sachsen,19,15,34,376,332,708
2003,Schleswig-Holstein,Sachsen-Anhalt,16,10,26,343,293,636
2003,Schleswig-Holstein,Thuringen,6,4,10,178,138,316
2003,Schleswig-Holstein,Insgesamt,2474,2119,4593,26130,25306,51436
2003,Hamburg,Schleswig-Holstein,997,885,1882,10774,11293,22067
2003,Hamburg,Hamburg,0,0,0,0,0,0
2003,Hamburg,Niedersachsen,602,417,1019,6014,6150,12164
2003,Hamburg,Bremen,97,62,159,390,372,762
2003,Hamburg,Nordrhein-Westfalen,439,263,702,2148,2095,4243
2003,Hamburg,Hessen,170,124,294,824,809,1633
2003,Hamburg,Rheinland-Pfalz,56,43,99,292,270,562
2003,Hamburg,Baden-Wurttemberg,191,156,347,1139,1003,2142
2003,Hamburg,Bayern,349,198,547,1398,1228,2626
2003,Hamburg,Saarland,12,7,19,73,65,138
2003,Hamburg,Berlin,155,135,290,1243,1164,2407
2003,Hamburg,Brandenburg,14,8,22,275,262,537
2003,Hamburg,Mecklenburg-Vorpommern,66,48,114,1058,927,1985
2003,Hamburg,Sachsen,30,30,60,262,282,544
2003,Hamburg,Sachsen-Anhalt,32,19,51,222,190,412
2003,Hamburg,Thuringen,6,10,16,115,80,195
2003,Hamburg,Insgesamt,3216,2405,5621,26227,26190,52417
2003,Niedersachsen,Schleswig-Holstein,609,615,1224,5208,5316,10524
2003,Niedersachsen,Hamburg,942,716,1658,6722,6522,13244
2003,Niedersachsen,Niedersachsen,0,0,0,0,0,0
2003,Niedersachsen,Bremen,749,726,1475,6753,6553,13306
2003,Niedersachsen,Nordrhein-Westfalen,3359,2759,6118,22407,22825,45232
2003,Niedersachsen,Hessen,1165,1103,2268,5904,6274,12178
2003,Niedersachsen,Rheinland-Pfalz,549,513,1062,2946,2950,5896
2003,Niedersachsen,Baden-Wurttemberg,1690,1625,3315,8132,8345,16477
2003,Niedersachsen,Bayern,1679,1423,3102,8946,9029,17975
2003,Niedersachsen,Saarland,189,179,368,652,697,1349
2003,Niedersachsen,Berlin,486,447,933,3737,3618,7355
2003,Niedersachsen,Brandenburg,290,298,588,2494,2535,5029
2003,Niedersachsen,Mecklenburg-Vorpommern,336,304,640,2502,2389,4891
2003,Niedersachsen,Sachsen,577,506,1083,3541,3571,7112
2003,Niedersachsen,Sachsen-Anhalt,434,383,817,4137,4012,8149
2003,Niedersachsen,Thuringen,289,247,536,2204,2205,4409
2003,Niedersachsen,Insgesamt,13343,11844,25187,86285,86841,173126
2003,Bremen,Schleswig-Holstein,35,34,69,338,332,670
2003,Bremen,Hamburg,110,87,197,491,512,1003
2003,Bremen,Niedersachsen,670,557,1227,6917,6967,13884
2003,Bremen,Bremen,0,0,0,0,0,0
2003,Bremen,Nordrhein-Westfalen,286,215,501,939,912,1851
2003,Bremen,Hessen,91,58,149,302,297,599
2003,Bremen,Rheinland-Pfalz,26,16,42,126,87,213
2003,Bremen,Baden-Wurttemberg,99,68,167,435,428,863
2003,Bremen,Bayern,116,65,181,432,374,806
2003,Bremen,Saarland,5,4,9,21,17,38
2003,Bremen,Berlin,69,67,136,394,385,779
2003,Bremen,Brandenburg,8,6,14,82,67,149
2003,Bremen,Mecklenburg-Vorpommern,10,9,19,116,112,228
2003,Bremen,Sachsen,42,29,71,136,104,240
2003,Bremen,Sachsen-Anhalt,14,8,22,96,90,186
2003,Bremen,Thuringen,11,5,16,62,52,114
2003,Bremen,Insgesamt,1592,1228,2820,10887,10736,21623
2003,Nordrhein-Westfalen,Schleswig-Holstein,301,245,546,3099,3275,6374
2003,Nordrhein-Westfalen,Hamburg,520,357,877,2763,2619,5382
2003,Nordrhein-Westfalen,Niedersachsen,1846,1380,3226,15164,15276,30440
2003,Nordrhein-Westfalen,Bremen,246,179,425,1166,1053,2219
2003,Nordrhein-Westfalen,Nordrhein-Westfalen,0,0,0,0,0,0
2003,Nordrhein-Westfalen,Hessen,1830,1259,3089,8295,7965,16260
2003,Nordrhein-Westfalen,Rheinland-Pfalz,1098,838,1936,8514,8361,16875
2003,Nordrhein-Westfalen,Baden-Wurttemberg,1799,1497,3296,9192,8917,18109
2003,Nordrhein-Westfalen,Bayern,1831,1215,3046,9082,8202,17284
2003,Nordrhein-Westfalen,Saarland,156,109,265,716,689,1405
2003,Nordrhein-Westfalen,Berlin,731,669,1400,4880,4520,9400
2003,Nordrhein-Westfalen,Brandenburg,107,69,176,1473,1354,2827
2003,Nordrhein-Westfalen,Mecklenburg-Vorpommern,140,71,211,1115,1023,2138
2003,Nordrhein-Westfalen,Sachsen,301,192,493,2185,1857,4042
2003,Nordrhein-Westfalen,Sachsen-Anhalt,233,93,326,1564,1314,2878
2003,Nordrhein-Westfalen,Thuringen,136,81,217,1238,1061,2299
2003,Nordrhein-Westfalen,Insgesamt,11275,8254,19529,70446,67486,137932
2003,Hessen,Schleswig-Holstein,114,105,219,1061,1111,2172
2003,Hessen,Hamburg,217,155,372,1120,1029,2149
2003,Hessen,Niedersachsen,503,385,888,4023,4176,8199
2003,Hessen,Bremen,56,42,98,316,322,638
2003,Hessen,Nordrhein-Westfalen,1896,1356,3252,8343,8142,16485
2003,Hessen,Hessen,0,0,0,0,0,0
2003,Hessen,Rheinland-Pfalz,1357,1047,2404,7203,6743,13946
2003,Hessen,Baden-Wurttemberg,1767,1173,2940,7682,7182,14864
2003,Hessen,Bayern,1504,994,2498,7262,6661,13923
2003,Hessen,Saarland,69,66,135,443,433,876
2003,Hessen,Berlin,352,255,607,2038,1868,3906
2003,Hessen,Brandenburg,42,34,76,520,534,1054
2003,Hessen,Mecklenburg-Vorpommern,44,22,66,343,295,638
2003,Hessen,Sachsen,144,89,233,1294,1128,2422
2003,Hessen,Sachsen-Anhalt,88,49,137,665,599,1264
2003,Hessen,Thuringen,108,92,200,1487,1471,2958
2003,Hessen,Insgesamt,8261,5864,14125,43800,41694,85494
2003,Rheinland-Pfalz,Schleswig-Holstein,44,36,80,507,570,1077
2003,Rheinland-Pfalz,Hamburg,45,38,83,334,315,649
2003,Rheinland-Pfalz,Niedersachsen,193,138,331,1362,1359,2721
2003,Rheinland-Pfalz,Bremen,27,17,44,130,122,252
2003,Rheinland-Pfalz,Nordrhein-Westfalen,1232,1001,2233,7859,7878,15737
2003,Rheinland-Pfalz,Hessen,1278,1070,2348,6171,5956,12127
2003,Rheinland-Pfalz,Rheinland-Pfalz,0,0,0,0,0,0
2003,Rheinland-Pfalz,Baden-Wurttemberg,1185,989,2174,6270,6162,12432
2003,Rheinland-Pfalz,Bayern,428,370,798,2506,2412,4918
2003,Rheinland-Pfalz,Saarland,179,150,329,1856,1649,3505
2003,Rheinland-Pfalz,Berlin,98,83,181,795,736,1531
2003,Rheinland-Pfalz,Brandenburg,16,5,21,343,289,632
2003,Rheinland-Pfalz,Mecklenburg-Vorpommern,22,11,33,216,168,384
2003,Rheinland-Pfalz,Sachsen,76,46,122,663,537,1200
2003,Rheinland-Pfalz,Sachsen-Anhalt,39,17,56,334,319,653
2003,Rheinland-Pfalz,Thuringen,30,18,48,375,317,692
2003,Rheinland-Pfalz,Insgesamt,4892,3989,8881,29721,28789,58510
2003,Baden-Wurttemberg,Schleswig-Holstein,210,129,339,1380,1312,2692
2003,Baden-Wurttemberg,Hamburg,212,149,361,1308,1133,2441
2003,Baden-Wurttemberg,Niedersachsen,447,376,823,3396,3312,6708
2003,Baden-Wurttemberg,Bremen,82,46,128,419,361,780
2003,Baden-Wurttemberg,Nordrhein-Westfalen,1876,1394,3270,8092,7821,15913
2003,Baden-Wurttemberg,Hessen,1500,1137,2637,6932,6635,13567
2003,Baden-Wurttemberg,Rheinland-Pfalz,1318,1005,2323,6423,6072,12495
2003,Baden-Wurttemberg,Baden-Wurttemberg,0,0,0,0,0,0
2003,Baden-Wurttemberg,Bayern,2651,1990,4641,15201,14892,30093
2003,Baden-Wurttemberg,Saarland,164,116,280,776,722,1498
2003,Baden-Wurttemberg,Berlin,476,345,821,3047,2698,5745
2003,Baden-Wurttemberg,Brandenburg,75,40,115,1063,961,2024
2003,Baden-Wurttemberg,Mecklenburg-Vorpommern,70,27,97,644,520,1164
2003,Baden-Wurttemberg,Sachsen,263,131,394,2683,2114,4797
2003,Baden-Wurttemberg,Sachsen-Anhalt,132,55,187,1061,950,2011
2003,Baden-Wurttemberg,Thuringen,87,72,159,1224,1098,2322
2003,Baden-Wurttemberg,Insgesamt,9563,7012,16575,53649,50601,104250
2003,Bayern,Schleswig-Holstein,210,136,346,1300,1338,2638
2003,Bayern,Hamburg,368,156,524,1401,1193,2594
2003,Bayern,Niedersachsen,561,389,950,3566,3205,6771
2003,Bayern,Bremen,127,62,189,466,346,812
2003,Bayern,Nordrhein-Westfalen,2179,1327,3506,8539,7511,16050
2003,Bayern,Hessen,1454,997,2451,6325,5851,12176
2003,Bayern,Rheinland-Pfalz,422,318,740,2368,2175,4543
2003,Bayern,Baden-Wurttemberg,2612,1992,4604,14620,14214,28834
2003,Bayern,Bayern,0,0,0,0,0,0
2003,Bayern,Saarland,93,63,156,480,447,927
2003,Bayern,Berlin,561,433,994,3568,3093,6661
2003,Bayern,Brandenburg,66,48,114,1279,1081,2360
2003,Bayern,Mecklenburg-Vorpommern,46,55,101,564,469,1033
2003,Bayern,Sachsen,325,183,508,3894,3420,7314
2003,Bayern,Sachsen-Anhalt,151,70,221,1342,1106,2448
2003,Bayern,Thuringen,126,69,195,2116,1920,4036
2003,Bayern,Insgesamt,9301,6298,15599,51828,47369,99197
2003,Saarland,Schleswig-Holstein,9,5,14,84,62,146
2003,Saarland,Hamburg,25,19,44,99,79,178
2003,Saarland,Niedersachsen,52,32,84,263,242,505
2003,Saarland,Bremen,22,19,41,34,37,71
2003,Saarland,Nordrhein-Westfalen,220,159,379,866,758,1624
2003,Saarland,Hessen,117,78,195,467,457,924
2003,Saarland,Rheinland-Pfalz,206,196,402,1903,1804,3707
2003,Saarland,Baden-Wurttemberg,173,155,328,902,852,1754
2003,Saarland,Bayern,133,84,217,569,508,1077
2003,Saarland,Saarland,0,0,0,0,0,0
2003,Saarland,Berlin,55,31,86,205,168,373
2003,Saarland,Brandenburg,1,2,3,47,39,86
2003,Saarland,Mecklenburg-Vorpommern,10,16,26,35,43,78
2003,Saarland,Sachsen,27,5,32,114,84,198
2003,Saarland,Sachsen-Anhalt,6,2,8,69,52,121
2003,Saarland,Thuringen,9,2,11,52,45,97
2003,Saarland,Insgesamt,1065,805,1870,5709,5230,10939
2003,Berlin,Schleswig-Holstein,83,88,171,1353,1375,2728
2003,Berlin,Hamburg,217,158,375,1315,1200,2515
2003,Berlin,Niedersachsen,379,330,709,3054,2939,5993
2003,Berlin,Bremen,78,56,134,378,338,716
2003,Berlin,Nordrhein-Westfalen,957,649,1606,4395,4153,8548
2003,Berlin,Hessen,382,276,658,1858,1759,3617
2003,Berlin,Rheinland-Pfalz,117,91,208,757,728,1485
2003,Berlin,Baden-Wurttemberg,617,470,1087,3389,3107,6496
2003,Berlin,Bayern,793,596,1389,3889,3544,7433
2003,Berlin,Saarland,33,31,64,152,146,298
2003,Berlin,Berlin,0,0,0,0,0,0
2003,Berlin,Brandenburg,779,627,1406,16708,16748,33456
2003,Berlin,Mecklenburg-Vorpommern,167,91,258,1408,1411,2819
2003,Berlin,Sachsen,235,179,414,1468,1331,2799
2003,Berlin,Sachsen-Anhalt,174,105,279,1033,978,2011
2003,Berlin,Thuringen,95,49,144,629,532,1161
2003,Berlin,Insgesamt,5106,3796,8902,41786,40289,82075
2003,Brandenburg,Schleswig-Holstein,24,14,38,778,867,1645
2003,Brandenburg,Hamburg,52,30,82,709,734,1443
2003,Brandenburg,Niedersachsen,117,104,221,2225,2198,4423
2003,Brandenburg,Bremen,31,13,44,179,179,358
2003,Brandenburg,Nordrhein-Westfalen,187,145,332,2298,2564,4862
2003,Brandenburg,Hessen,82,57,139,966,1030,1996
2003,Brandenburg,Rheinland-Pfalz,35,26,61,553,590,1143
2003,Brandenburg,Baden-Wurttemberg,145,122,267,2389,2276,4665
2003,Brandenburg,Bayern,129,129,258,2434,2392,4826
2003,Brandenburg,Saarland,7,2,9,66,78,144
2003,Brandenburg,Berlin,1145,923,2068,11170,11478,22648
2003,Brandenburg,Brandenburg,0,0,0,0,0,0
2003,Brandenburg,Mecklenburg-Vorpommern,51,23,74,1486,1593,3079
2003,Brandenburg,Sachsen,124,66,190,1918,1913,3831
2003,Brandenburg,Sachsen-Anhalt,64,32,96,1080,1151,2231
2003,Brandenburg,Thuringen,18,12,30,488,473,961
2003,Brandenburg,Insgesamt,2211,1698,3909,28739,29516,58255
2003,Mecklenburg-Vorpommern,Schleswig-Holstein,123,97,220,3254,3446,6700
2003,Mecklenburg-Vorpommern,Hamburg,221,143,364,2695,2597,5292
2003,Mecklenburg-Vorpommern,Niedersachsen,117,87,204,2416,2493,4909
2003,Mecklenburg-Vorpommern,Bremen,29,23,52,313,326,639
2003,Mecklenburg-Vorpommern,Nordrhein-Westfalen,231,151,382,1685,1639,3324
2003,Mecklenburg-Vorpommern,Hessen,84,39,123,535,563,1098
2003,Mecklenburg-Vorpommern,Rheinland-Pfalz,35,18,53,313,282,595
2003,Mecklenburg-Vorpommern,Baden-Wurttemberg,94,62,156,1092,1015,2107
2003,Mecklenburg-Vorpommern,Bayern,118,73,191,999,914,1913
2003,Mecklenburg-Vorpommern,Saarland,5,2,7,34,34,68
2003,Mecklenburg-Vorpommern,Berlin,211,124,335,1806,1859,3665
2003,Mecklenburg-Vorpommern,Brandenburg,55,44,99,1223,1293,2516
2003,Mecklenburg-Vorpommern,Mecklenburg-Vorpommern,0,0,0,0,0,0
2003,Mecklenburg-Vorpommern,Sachsen,37,29,66,640,641,1281
2003,Mecklenburg-Vorpommern,Sachsen-Anhalt,18,11,29,413,422,835
2003,Mecklenburg-Vorpommern,Thuringen,10,7,17,296,250,546
2003,Mecklenburg-Vorpommern,Insgesamt,1388,910,2298,17714,17774,35488
2003,Sachsen,Schleswig-Holstein,63,40,103,548,598,1146
2003,Sachsen,Hamburg,107,75,182,456,503,959
2003,Sachsen,Niedersachsen,249,158,407,1926,1866,3792
2003,Sachsen,Bremen,39,27,66,152,168,320
2003,Sachsen,Nordrhein-Westfalen,642,380,1022,3240,3385,6625
2003,Sachsen,Hessen,337,175,512,1993,2057,4050
2003,Sachsen,Rheinland-Pfalz,109,80,189,972,1034,2006
2003,Sachsen,Baden-Wurttemberg,488,382,870,5163,4987,10150
2003,Sachsen,Bayern,611,369,980,6946,7246,14192
2003,Sachsen,Saarland,24,10,34,138,114,252
2003,Sachsen,Berlin,368,231,599,1841,1901,3742
2003,Sachsen,Brandenburg,114,72,186,1602,1649,3251
2003,Sachsen,Mecklenburg-Vorpommern,50,42,92,652,712,1364
2003,Sachsen,Sachsen,0,0,0,0,0,0
2003,Sachsen,Sachsen-Anhalt,238,107,345,1983,2132,4115
2003,Sachsen,Thuringen,148,81,229,1872,2054,3926
2003,Sachsen,Insgesamt,3587,2229,5816,29484,30406,59890
2003,Sachsen-Anhalt,Schleswig-Holstein,74,35,109,529,578,1107
2003,Sachsen-Anhalt,Hamburg,82,53,135,454,463,917
2003,Sachsen-Anhalt,Niedersachsen,412,266,678,4964,5160,10124
2003,Sachsen-Anhalt,Bremen,25,19,44,168,207,375
2003,Sachsen-Anhalt,Nordrhein-Westfalen,620,369,989,2809,2760,5569
2003,Sachsen-Anhalt,Hessen,224,113,337,1240,1275,2515
2003,Sachsen-Anhalt,Rheinland-Pfalz,104,42,146,649,602,1251
2003,Sachsen-Anhalt,Baden-Wurttemberg,247,141,388,2429,2246,4675
2003,Sachsen-Anhalt,Bayern,322,202,524,2764,2688,5452
2003,Sachsen-Anhalt,Saarland,10,6,16,91,79,170
2003,Sachsen-Anhalt,Berlin,303,224,527,1462,1451,2913
2003,Sachsen-Anhalt,Brandenburg,49,31,80,1048,1120,2168
2003,Sachsen-Anhalt,Mecklenburg-Vorpommern,40,19,59,580,624,1204
2003,Sachsen-Anhalt,Sachsen,268,188,456,2582,2610,5192
2003,Sachsen-Anhalt,Sachsen-Anhalt,0,0,0,0,0,0
2003,Sachsen-Anhalt,Thuringen,61,43,104,1360,1499,2859
2003,Sachsen-Anhalt,Insgesamt,2841,1751,4592,23129,23362,46491
2003,Thuringen,Schleswig-Holstein,16,12,28,263,267,530
2003,Thuringen,Hamburg,30,24,54,208,220,428
2003,Thuringen,Niedersachsen,134,82,216,1456,1618,3074
2003,Thuringen,Bremen,5,10,15,88,85,173
2003,Thuringen,Nordrhein-Westfalen,319,191,510,1892,2040,3932
2003,Thuringen,Hessen,235,144,379,2385,2837,5222
2003,Thuringen,Rheinland-Pfalz,65,64,129,647,662,1309
2003,Thuringen,Baden-Wurttemberg,189,155,344,2354,2425,4779
2003,Thuringen,Bayern,312,217,529,3898,4126,8024
2003,Thuringen,Saarland,5,5,10,59,60,119
2003,Thuringen,Berlin,91,87,178,790,792,1582
2003,Thuringen,Brandenburg,13,6,19,392,419,811
2003,Thuringen,Mecklenburg-Vorpommern,20,9,29,330,321,651
2003,Thuringen,Sachsen,137,88,225,2262,2322,4584
2003,Thuringen,Sachsen-Anhalt,80,26,106,1169,1348,2517
2003,Thuringen,Thuringen,0,0,0,0,0,0
2003,Thuringen,Insgesamt,1651,1120,2771,18193,19542,37735
2003,Insgesamt,Schleswig-Holstein,2912,2476,5388,30476,31740,62216
2003,Insgesamt,Hamburg,4128,3070,7198,29344,28375,57719
2003,Insgesamt,Niedersachsen,6595,4994,11589,61083,61253,122336
2003,Insgesamt,Bremen,1677,1346,3023,11403,10892,22295
2003,Insgesamt,Nordrhein-Westfalen,14766,10628,25394,78300,77260,155560
2003,Insgesamt,Hessen,9073,6729,15802,45224,44728,89952
2003,Insgesamt,Rheinland-Pfalz,5548,4333,9881,34185,32840,67025
2003,Insgesamt,Baden-Wurttemberg,11483,9130,20613,66634,64542,131176
2003,Insgesamt,Bayern,11192,8075,19267,67835,65574,133409
2003,Insgesamt,Saarland,958,756,1714,5638,5297,10935
2003,Insgesamt,Berlin,5186,4134,9320,38197,36835,75032
2003,Insgesamt,Brandenburg,1649,1296,2945,29013,28744,57757
2003,Insgesamt,Mecklenburg-Vorpommern,1135,800,1935,13170,12654,25824
2003,Insgesamt,Sachsen,2605,1776,4381,24018,22246,46264
2003,Insgesamt,Sachsen-Anhalt,1719,987,2706,15511,14956,30467
2003,Insgesamt,Thuringen,1140,792,1932,13696,13195,26891
2003,Insgesamt,Insgesamt,81766,61322,143088,563727,551131,1114858
2004,Schleswig-Holstein,Schleswig-Holstein,0,0,0,0,0,0
2004,Schleswig-Holstein,Hamburg,1055,989,2044,9991,9629,19620
2004,Schleswig-Holstein,Niedersachsen,299,228,527,4245,4107,8352
2004,Schleswig-Holstein,Bremen,68,56,124,481,439,920
2004,Schleswig-Holstein,Nordrhein-Westfalen,352,224,576,2707,2711,5418
2004,Schleswig-Holstein,Hessen,109,87,196,953,990,1943
2004,Schleswig-Holstein,Rheinland-Pfalz,31,39,70,483,529,1012
2004,Schleswig-Holstein,Baden-Wurttemberg,190,154,344,1504,1387,2891
2004,Schleswig-Holstein,Bayern,161,153,314,1428,1338,2766
2004,Schleswig-Holstein,Saarland,11,5,16,87,89,176
2004,Schleswig-Holstein,Berlin,110,117,227,1196,1141,2337
2004,Schleswig-Holstein,Brandenburg,18,12,30,514,506,1020
2004,Schleswig-Holstein,Mecklenburg-Vorpommern,75,38,113,2277,1940,4217
2004,Schleswig-Holstein,Sachsen,23,20,43,392,350,742
2004,Schleswig-Holstein,Sachsen-Anhalt,35,17,52,321,265,586
2004,Schleswig-Holstein,Thuringen,18,7,25,186,171,357
2004,Schleswig-Holstein,Insgesamt,2555,2146,4701,26765,25592,52357
2004,Hamburg,Schleswig-Holstein,1012,890,1902,11506,11845,23351
2004,Hamburg,Hamburg,0,0,0,0,0,0
2004,Hamburg,Niedersachsen,543,439,982,6069,6175,12244
2004,Hamburg,Bremen,104,48,152,481,408,889
2004,Hamburg,Nordrhein-Westfalen,400,282,682,2184,2078,4262
2004,Hamburg,Hessen,137,121,258,881,797,1678
2004,Hamburg,Rheinland-Pfalz,69,35,104,300,286,586
2004,Hamburg,Baden-Wurttemberg,224,183,407,1111,1064,2175
2004,Hamburg,Bayern,304,158,462,1269,1089,2358
2004,Hamburg,Saarland,7,8,15,68,62,130
2004,Hamburg,Berlin,184,141,325,1348,1233,2581
2004,Hamburg,Brandenburg,21,5,26,291,260,551
2004,Hamburg,Mecklenburg-Vorpommern,45,38,83,1175,1000,2175
2004,Hamburg,Sachsen,29,25,54,296,259,555
2004,Hamburg,Sachsen-Anhalt,39,19,58,234,184,418
2004,Hamburg,Thuringen,20,5,25,117,76,193
2004,Hamburg,Insgesamt,3138,2397,5535,27330,26816,54146
2004,Niedersachsen,Schleswig-Holstein,641,603,1244,5070,5166,10236
2004,Niedersachsen,Hamburg,797,679,1476,6606,6476,13082
2004,Niedersachsen,Niedersachsen,0,0,0,0,0,0
2004,Niedersachsen,Bremen,733,727,1460,6805,6527,13332
2004,Niedersachsen,Nordrhein-Westfalen,2765,2307,5072,20894,21194,42088
2004,Niedersachsen,Hessen,967,897,1864,5792,6073,11865
2004,Niedersachsen,Rheinland-Pfalz,448,473,921,2720,2830,5550
2004,Niedersachsen,Baden-Wurttemberg,1496,1322,2818,7323,7269,14592
2004,Niedersachsen,Bayern,1583,1432,3015,7960,7899,15859
2004,Niedersachsen,Saarland,156,158,314,596,604,1200
2004,Niedersachsen,Berlin,475,450,925,3596,3388,6984
2004,Niedersachsen,Brandenburg,254,245,499,2282,2293,4575
2004,Niedersachsen,Mecklenburg-Vorpommern,287,222,509,2319,2123,4442
2004,Niedersachsen,Sachsen,542,460,1002,3128,3181,6309
2004,Niedersachsen,Sachsen-Anhalt,378,309,687,3960,3872,7832
2004,Niedersachsen,Thuringen,248,233,481,1917,1994,3911
2004,Niedersachsen,Insgesamt,11770,10517,22287,80968,80889,161857
2004,Bremen,Schleswig-Holstein,43,40,83,379,353,732
2004,Bremen,Hamburg,141,102,243,586,551,1137
2004,Bremen,Niedersachsen,647,556,1203,6631,6696,13327
2004,Bremen,Bremen,0,0,0,0,0,0
2004,Bremen,Nordrhein-Westfalen,249,200,449,1007,983,1990
2004,Bremen,Hessen,68,56,124,309,317,626
2004,Bremen,Rheinland-Pfalz,24,17,41,132,117,249
2004,Bremen,Baden-Wurttemberg,76,64,140,421,386,807
2004,Bremen,Bayern,75,57,132,354,336,690
2004,Bremen,Saarland,7,3,10,31,29,60
2004,Bremen,Berlin,57,51,108,365,308,673
2004,Bremen,Brandenburg,3,5,8,71,76,147
2004,Bremen,Mecklenburg-Vorpommern,23,5,28,172,136,308
2004,Bremen,Sachsen,21,8,29,137,99,236
2004,Bremen,Sachsen-Anhalt,8,6,14,78,79,157
2004,Bremen,Thuringen,6,2,8,56,49,105
2004,Bremen,Insgesamt,1448,1172,2620,10729,10515,21244
2004,Nordrhein-Westfalen,Schleswig-Holstein,414,212,626,3254,3284,6538
2004,Nordrhein-Westfalen,Hamburg,530,349,879,3079,2900,5979
2004,Nordrhein-Westfalen,Niedersachsen,1744,1342,3086,14724,14726,29450
2004,Nordrhein-Westfalen,Bremen,199,167,366,1038,1074,2112
2004,Nordrhein-Westfalen,Nordrhein-Westfalen,0,0,0,0,0,0
2004,Nordrhein-Westfalen,Hessen,1822,1293,3115,8406,8080,16486
2004,Nordrhein-Westfalen,Rheinland-Pfalz,1194,846,2040,8449,8183,16632
2004,Nordrhein-Westfalen,Baden-Wurttemberg,1748,1364,3112,9000,8471,17471
2004,Nordrhein-Westfalen,Bayern,1756,1187,2943,8761,8191,16952
2004,Nordrhein-Westfalen,Saarland,131,93,224,734,659,1393
2004,Nordrhein-Westfalen,Berlin,706,627,1333,4545,4204,8749
2004,Nordrhein-Westfalen,Brandenburg,92,69,161,1420,1267,2687
2004,Nordrhein-Westfalen,Mecklenburg-Vorpommern,138,57,195,1185,1001,2186
2004,Nordrhein-Westfalen,Sachsen,304,173,477,2253,1892,4145
2004,Nordrhein-Westfalen,Sachsen-Anhalt,349,104,453,1596,1132,2728
2004,Nordrhein-Westfalen,Thuringen,146,65,211,1162,1014,2176
2004,Nordrhein-Westfalen,Insgesamt,11273,7948,19221,69606,66078,135684
2004,Hessen,Schleswig-Holstein,125,82,207,1055,1136,2191
2004,Hessen,Hamburg,163,150,313,1173,1193,2366
2004,Hessen,Niedersachsen,467,440,907,3878,4000,7878
2004,Hessen,Bremen,76,49,125,354,339,693
2004,Hessen,Nordrhein-Westfalen,1640,1273,2913,8354,8218,16572
2004,Hessen,Hessen,0,0,0,0,0,0
2004,Hessen,Rheinland-Pfalz,1363,1050,2413,7326,7018,14344
2004,Hessen,Baden-Wurttemberg,1575,1199,2774,7732,7220,14952
2004,Hessen,Bayern,1372,873,2245,6869,6160,13029
2004,Hessen,Saarland,93,59,152,485,398,883
2004,Hessen,Berlin,283,231,514,1917,1783,3700
2004,Hessen,Brandenburg,25,23,48,575,571,1146
2004,Hessen,Mecklenburg-Vorpommern,34,32,66,365,347,712
2004,Hessen,Sachsen,121,104,225,1201,1082,2283
2004,Hessen,Sachsen-Anhalt,92,44,136,602,543,1145
2004,Hessen,Thuringen,132,86,218,1466,1515,2981
2004,Hessen,Insgesamt,7561,5695,13256,43352,41523,84875
2004,Rheinland-Pfalz,Schleswig-Holstein,44,42,86,460,517,977
2004,Rheinland-Pfalz,Hamburg,62,47,109,432,365,797
2004,Rheinland-Pfalz,Niedersachsen,177,132,309,1443,1339,2782
2004,Rheinland-Pfalz,Bremen,30,30,60,125,158,283
2004,Rheinland-Pfalz,Nordrhein-Westfalen,1157,1006,2163,8007,7953,15960
2004,Rheinland-Pfalz,Hessen,1281,1091,2372,6311,6270,12581
2004,Rheinland-Pfalz,Rheinland-Pfalz,0,0,0,0,0,0
2004,Rheinland-Pfalz,Baden-Wurttemberg,1145,991,2136,6194,6163,12357
2004,Rheinland-Pfalz,Bayern,396,317,713,2421,2304,4725
2004,Rheinland-Pfalz,Saarland,212,172,384,1748,1759,3507
2004,Rheinland-Pfalz,Berlin,101,99,200,741,767,1508
2004,Rheinland-Pfalz,Brandenburg,31,14,45,326,283,609
2004,Rheinland-Pfalz,Mecklenburg-Vorpommern,11,16,27,195,190,385
2004,Rheinland-Pfalz,Sachsen,49,30,79,572,513,1085
2004,Rheinland-Pfalz,Sachsen-Anhalt,57,22,79,317,263,580
2004,Rheinland-Pfalz,Thuringen,34,22,56,333,321,654
2004,Rheinland-Pfalz,Insgesamt,4787,4031,8818,29625,29165,58790
2004,Baden-Wurttemberg,Schleswig-Holstein,158,128,286,1341,1369,2710
2004,Baden-Wurttemberg,Hamburg,248,155,403,1323,1245,2568
2004,Baden-Wurttemberg,Niedersachsen,437,363,800,3314,3210,6524
2004,Baden-Wurttemberg,Bremen,102,62,164,400,361,761
2004,Baden-Wurttemberg,Nordrhein-Westfalen,1829,1385,3214,8195,7822,16017
2004,Baden-Wurttemberg,Hessen,1570,1231,2801,7121,6845,13966
2004,Baden-Wurttemberg,Rheinland-Pfalz,1235,1015,2250,6463,6196,12659
2004,Baden-Wurttemberg,Baden-Wurttemberg,0,0,0,0,0,0
2004,Baden-Wurttemberg,Bayern,2628,1967,4595,15155,14723,29878
2004,Baden-Wurttemberg,Saarland,165,119,284,786,746,1532
2004,Baden-Wurttemberg,Berlin,400,347,747,2806,2597,5403
2004,Baden-Wurttemberg,Brandenburg,57,37,94,1063,976,2039
2004,Baden-Wurttemberg,Mecklenburg-Vorpommern,56,30,86,607,521,1128
2004,Baden-Wurttemberg,Sachsen,225,154,379,2552,2237,4789
2004,Baden-Wurttemberg,Sachsen-Anhalt,135,56,191,1028,861,1889
2004,Baden-Wurttemberg,Thuringen,97,66,163,1153,1031,2184
2004,Baden-Wurttemberg,Insgesamt,9342,7115,16457,53307,50740,104047
2004,Bayern,Schleswig-Holstein,160,128,288,1277,1217,2494
2004,Bayern,Hamburg,264,209,473,1454,1335,2789
2004,Bayern,Niedersachsen,491,368,859,3406,3149,6555
2004,Bayern,Bremen,97,52,149,400,322,722
2004,Bayern,Nordrhein-Westfalen,1839,1294,3133,7983,7357,15340
2004,Bayern,Hessen,1524,969,2493,6398,5731,12129
2004,Bayern,Rheinland-Pfalz,510,314,824,2430,2205,4635
2004,Bayern,Baden-Wurttemberg,2565,1943,4508,14765,14479,29244
2004,Bayern,Bayern,0,0,0,0,0,0
2004,Bayern,Saarland,91,57,148,441,419,860
2004,Bayern,Berlin,521,441,962,3343,3047,6390
2004,Bayern,Brandenburg,86,49,135,1333,1140,2473
2004,Bayern,Mecklenburg-Vorpommern,45,14,59,566,485,1051
2004,Bayern,Sachsen,392,195,587,4050,3487,7537
2004,Bayern,Sachsen-Anhalt,120,78,198,1224,1094,2318
2004,Bayern,Thuringen,160,97,257,2248,2072,4320
2004,Bayern,Insgesamt,8865,6208,15073,51318,47539,98857
2004,Saarland,Schleswig-Holstein,15,9,24,88,89,177
2004,Saarland,Hamburg,30,13,43,91,71,162
2004,Saarland,Niedersachsen,36,31,67,219,221,440
2004,Saarland,Bremen,41,31,72,63,61,124
2004,Saarland,Nordrhein-Westfalen,356,182,538,985,812,1797
2004,Saarland,Hessen,113,85,198,473,458,931
2004,Saarland,Rheinland-Pfalz,177,154,331,1849,1846,3695
2004,Saarland,Baden-Wurttemberg,177,114,291,875,874,1749
2004,Saarland,Bayern,154,85,239,532,473,1005
2004,Saarland,Saarland,0,0,0,0,0,0
2004,Saarland,Berlin,39,28,67,191,156,347
2004,Saarland,Brandenburg,8,0,8,53,47,100
2004,Saarland,Mecklenburg-Vorpommern,19,11,30,52,40,92
2004,Saarland,Sachsen,31,3,34,135,86,221
2004,Saarland,Sachsen-Anhalt,4,9,13,51,41,92
2004,Saarland,Thuringen,11,4,15,55,51,106
2004,Saarland,Insgesamt,1211,759,1970,5712,5326,11038
2004,Berlin,Schleswig-Holstein,137,95,232,1472,1443,2915
2004,Berlin,Hamburg,213,153,366,1468,1336,2804
2004,Berlin,Niedersachsen,341,276,617,2899,2811,5710
2004,Berlin,Bremen,53,44,97,342,340,682
2004,Berlin,Nordrhein-Westfalen,841,674,1515,4351,4150,8501
2004,Berlin,Hessen,362,274,636,1938,1836,3774
2004,Berlin,Rheinland-Pfalz,151,108,259,834,780,1614
2004,Berlin,Baden-Wurttemberg,571,460,1031,3291,2908,6199
2004,Berlin,Bayern,649,512,1161,3597,3316,6913
2004,Berlin,Saarland,50,21,71,216,198,414
2004,Berlin,Berlin,0,0,0,0,0,0
2004,Berlin,Brandenburg,791,731,1522,16997,16958,33955
2004,Berlin,Mecklenburg-Vorpommern,173,94,267,1518,1367,2885
2004,Berlin,Sachsen,236,186,422,1516,1445,2961
2004,Berlin,Sachsen-Anhalt,167,81,248,943,863,1806
2004,Berlin,Thuringen,89,64,153,638,566,1204
2004,Berlin,Insgesamt,4824,3773,8597,42020,40317,82337
2004,Brandenburg,Schleswig-Holstein,27,11,38,835,908,1743
2004,Brandenburg,Hamburg,36,44,80,746,799,1545
2004,Brandenburg,Niedersachsen,101,94,195,2070,2195,4265
2004,Brandenburg,Bremen,11,12,23,147,184,331
2004,Brandenburg,Nordrhein-Westfalen,230,176,406,2315,2403,4718
2004,Brandenburg,Hessen,107,72,179,954,1003,1957
2004,Brandenburg,Rheinland-Pfalz,41,34,75,519,601,1120
2004,Brandenburg,Baden-Wurttemberg,152,122,274,2186,2118,4304
2004,Brandenburg,Bayern,132,102,234,2206,2066,4272
2004,Brandenburg,Saarland,3,4,7,86,85,171
2004,Brandenburg,Berlin,1074,966,2040,11144,11689,22833
2004,Brandenburg,Brandenburg,0,0,0,0,0,0
2004,Brandenburg,Mecklenburg-Vorpommern,40,34,74,1407,1621,3028
2004,Brandenburg,Sachsen,112,80,192,2025,1974,3999
2004,Brandenburg,Sachsen-Anhalt,80,29,109,1121,1159,2280
2004,Brandenburg,Thuringen,32,15,47,468,467,935
2004,Brandenburg,Insgesamt,2178,1795,3973,28229,29272,57501
2004,Mecklenburg-Vorpommern,Schleswig-Holstein,151,88,239,3193,3237,6430
2004,Mecklenburg-Vorpommern,Hamburg,235,176,411,2727,2717,5444
2004,Mecklenburg-Vorpommern,Niedersachsen,211,110,321,2451,2424,4875
2004,Mecklenburg-Vorpommern,Bremen,29,21,50,288,290,578
2004,Mecklenburg-Vorpommern,Nordrhein-Westfalen,235,119,354,1618,1538,3156
2004,Mecklenburg-Vorpommern,Hessen,74,39,113,559,519,1078
2004,Mecklenburg-Vorpommern,Rheinland-Pfalz,36,21,57,332,308,640
2004,Mecklenburg-Vorpommern,Baden-Wurttemberg,95,54,149,977,966,1943
2004,Mecklenburg-Vorpommern,Bayern,86,81,167,938,859,1797
2004,Mecklenburg-Vorpommern,Saarland,11,4,15,47,38,85
2004,Mecklenburg-Vorpommern,Berlin,202,166,368,1782,1809,3591
2004,Mecklenburg-Vorpommern,Brandenburg,38,18,56,1232,1218,2450
2004,Mecklenburg-Vorpommern,Mecklenburg-Vorpommern,0,0,0,0,0,0
2004,Mecklenburg-Vorpommern,Sachsen,40,31,71,621,646,1267
2004,Mecklenburg-Vorpommern,Sachsen-Anhalt,29,22,51,439,422,861
2004,Mecklenburg-Vorpommern,Thuringen,8,9,17,251,255,506
2004,Mecklenburg-Vorpommern,Insgesamt,1480,959,2439,17455,17246,34701
2004,Sachsen,Schleswig-Holstein,53,22,75,525,571,1096
2004,Sachsen,Hamburg,109,56,165,525,542,1067
2004,Sachsen,Niedersachsen,215,154,369,1822,1868,3690
2004,Sachsen,Bremen,37,24,61,181,154,335
2004,Sachsen,Nordrhein-Westfalen,666,337,1003,3223,3156,6379
2004,Sachsen,Hessen,293,169,462,1892,2030,3922
2004,Sachsen,Rheinland-Pfalz,107,69,176,931,908,1839
2004,Sachsen,Baden-Wurttemberg,449,309,758,4473,4415,8888
2004,Sachsen,Bayern,575,345,920,6220,6043,12263
2004,Sachsen,Saarland,31,12,43,162,159,321
2004,Sachsen,Berlin,397,249,646,1850,1855,3705
2004,Sachsen,Brandenburg,114,71,185,1659,1812,3471
2004,Sachsen,Mecklenburg-Vorpommern,55,18,73,667,738,1405
2004,Sachsen,Sachsen,0,0,0,0,0,0
2004,Sachsen,Sachsen-Anhalt,233,136,369,1991,1985,3976
2004,Sachsen,Thuringen,164,85,249,1960,2019,3979
2004,Sachsen,Insgesamt,3498,2056,5554,28081,28255,56336
2004,Sachsen-Anhalt,Schleswig-Holstein,64,31,95,582,540,1122
2004,Sachsen-Anhalt,Hamburg,77,44,121,489,488,977
2004,Sachsen-Anhalt,Niedersachsen,363,262,625,4780,5053,9833
2004,Sachsen-Anhalt,Bremen,37,19,56,196,206,402
2004,Sachsen-Anhalt,Nordrhein-Westfalen,582,321,903,2679,2590,5269
2004,Sachsen-Anhalt,Hessen,159,86,245,1142,1133,2275
2004,Sachsen-Anhalt,Rheinland-Pfalz,101,53,154,655,581,1236
2004,Sachsen-Anhalt,Baden-Wurttemberg,243,146,389,2168,1982,4150
2004,Sachsen-Anhalt,Bayern,258,163,421,2440,2228,4668
2004,Sachsen-Anhalt,Saarland,15,5,20,94,76,170
2004,Sachsen-Anhalt,Berlin,263,168,431,1376,1409,2785
2004,Sachsen-Anhalt,Brandenburg,60,29,89,1044,1120,2164
2004,Sachsen-Anhalt,Mecklenburg-Vorpommern,23,12,35,521,614,1135
2004,Sachsen-Anhalt,Sachsen,269,174,443,2722,2762,5484
2004,Sachsen-Anhalt,Sachsen-Anhalt,0,0,0,0,0,0
2004,Sachsen-Anhalt,Thuringen,85,36,121,1250,1352,2602
2004,Sachsen-Anhalt,Insgesamt,2599,1549,4148,22138,22134,44272
2004,Thuringen,Schleswig-Holstein,24,17,41,290,327,617
2004,Thuringen,Hamburg,28,17,45,253,262,515
2004,Thuringen,Niedersachsen,111,86,197,1463,1546,3009
2004,Thuringen,Bremen,19,5,24,108,102,210
2004,Thuringen,Nordrhein-Westfalen,315,195,510,1837,1921,3758
2004,Thuringen,Hessen,231,118,349,2284,2585,4869
2004,Thuringen,Rheinland-Pfalz,56,49,105,563,521,1084
2004,Thuringen,Baden-Wurttemberg,208,123,331,2274,2106,4380
2004,Thuringen,Bayern,245,181,426,3566,3811,7377
2004,Thuringen,Saarland,6,3,9,93,86,179
2004,Thuringen,Berlin,105,70,175,832,786,1618
2004,Thuringen,Brandenburg,20,15,35,396,460,856
2004,Thuringen,Mecklenburg-Vorpommern,19,15,34,365,336,701
2004,Thuringen,Sachsen,123,101,224,2407,2447,4854
2004,Thuringen,Sachsen-Anhalt,57,27,84,1206,1226,2432
2004,Thuringen,Thuringen,0,0,0,0,0,0
2004,Thuringen,Insgesamt,1567,1022,2589,17937,18522,36459
2004,Insgesamt,Schleswig-Holstein,3068,2398,5466,31327,32002,63329
2004,Insgesamt,Hamburg,3988,3183,7171,30943,29909,60852
2004,Insgesamt,Niedersachsen,6183,4881,11064,59414,59520,118934
2004,Insgesamt,Bremen,1636,1347,2983,11409,10965,22374
2004,Insgesamt,Nordrhein-Westfalen,13456,9975,23431,76339,74886,151225
2004,Insgesamt,Hessen,8817,6588,15405,45413,44667,90080
2004,Insgesamt,Rheinland-Pfalz,5543,4277,9820,33986,32909,66895
2004,Insgesamt,Baden-Wurttemberg,10914,8548,19462,64294,61808,126102
2004,Insgesamt,Bayern,10374,7613,17987,63716,60836,124552
2004,Insgesamt,Saarland,989,723,1712,5674,5407,11081
2004,Insgesamt,Berlin,4917,4151,9068,37032,36172,73204
2004,Insgesamt,Brandenburg,1618,1323,2941,29256,28987,58243
2004,Insgesamt,Mecklenburg-Vorpommern,1043,636,1679,13391,12459,25850
2004,Insgesamt,Sachsen,2517,1744,4261,24007,22460,46467
2004,Insgesamt,Sachsen-Anhalt,1783,959,2742,15111,13989,29100
2004,Insgesamt,Thuringen,1250,796,2046,13260,12953,26213
2004,Insgesamt,Insgesamt,78096,59142,137238,554572,539929,1094501
2005,Schleswig-Holstein,Schleswig-Holstein,0,0,0,0,0,0
2005,Schleswig-Holstein,Hamburg,915,933,1848,9210,9366,18576
2005,Schleswig-Holstein,Niedersachsen,296,244,540,4135,4074,8209
2005,Schleswig-Holstein,Bremen,56,43,99,453,414,867
2005,Schleswig-Holstein,Nordrhein-Westfalen,436,238,674,2928,2759,5687
2005,Schleswig-Holstein,Hessen,101,94,195,957,941,1898
2005,Schleswig-Holstein,Rheinland-Pfalz,30,23,53,451,470,921
2005,Schleswig-Holstein,Baden-Wurttemberg,197,145,342,1474,1405,2879
2005,Schleswig-Holstein,Bayern,151,122,273,1431,1381,2812
2005,Schleswig-Holstein,Saarland,9,4,13,81,75,156
2005,Schleswig-Holstein,Berlin,100,87,187,1182,1071,2253
2005,Schleswig-Holstein,Brandenburg,14,17,31,524,492,1016
2005,Schleswig-Holstein,Mecklenburg-Vorpommern,47,32,79,2137,2044,4181
2005,Schleswig-Holstein,Sachsen,16,29,45,392,352,744
2005,Schleswig-Holstein,Sachsen-Anhalt,21,16,37,343,330,673
2005,Schleswig-Holstein,Thuringen,9,16,25,194,184,378
2005,Schleswig-Holstein,Insgesamt,2398,2043,4441,25892,25358,51250
2005,Hamburg,Schleswig-Holstein,1068,961,2029,11062,11198,22260
2005,Hamburg,Hamburg,0,0,0,0,0,0
2005,Hamburg,Niedersachsen,513,456,969,6031,5937,11968
2005,Hamburg,Bremen,101,62,163,416,437,853
2005,Hamburg,Nordrhein-Westfalen,442,261,703,2222,2070,4292
2005,Hamburg,Hessen,143,139,282,859,804,1663
2005,Hamburg,Rheinland-Pfalz,60,41,101,327,280,607
2005,Hamburg,Baden-Wurttemberg,190,149,339,1101,1072,2173
2005,Hamburg,Bayern,242,168,410,1265,1261,2526
2005,Hamburg,Saarland,5,4,9,56,42,98
2005,Hamburg,Berlin,188,155,343,1387,1292,2679
2005,Hamburg,Brandenburg,32,10,42,378,302,680
2005,Hamburg,Mecklenburg-Vorpommern,92,37,129,1117,882,1999
2005,Hamburg,Sachsen,34,20,54,309,270,579
2005,Hamburg,Sachsen-Anhalt,27,7,34,193,176,369
2005,Hamburg,Thuringen,16,9,25,138,114,252
2005,Hamburg,Insgesamt,3153,2479,5632,26861,26137,52998
2005,Niedersachsen,Schleswig-Holstein,490,462,952,4834,5011,9845
2005,Niedersachsen,Hamburg,749,639,1388,6153,6240,12393
2005,Niedersachsen,Niedersachsen,0,0,0,0,0,0
2005,Niedersachsen,Bremen,623,599,1222,6702,6685,13387
2005,Niedersachsen,Nordrhein-Westfalen,2654,2126,4780,18375,18871,37246
2005,Niedersachsen,Hessen,835,793,1628,5161,5365,10526
2005,Niedersachsen,Rheinland-Pfalz,320,285,605,2227,2237,4464
2005,Niedersachsen,Baden-Wurttemberg,1148,1115,2263,6291,6339,12630
2005,Niedersachsen,Bayern,1161,975,2136,6935,6716,13651
2005,Niedersachsen,Saarland,103,114,217,438,475,913
2005,Niedersachsen,Berlin,602,539,1141,3701,3573,7274
2005,Niedersachsen,Brandenburg,161,142,303,1826,1795,3621
2005,Niedersachsen,Mecklenburg-Vorpommern,145,109,254,1840,1703,3543
2005,Niedersachsen,Sachsen,314,258,572,2200,2166,4366
2005,Niedersachsen,Sachsen-Anhalt,278,205,483,3506,3188,6694
2005,Niedersachsen,Thuringen,152,146,298,1458,1373,2831
2005,Niedersachsen,Insgesamt,9735,8507,18242,71647,71737,143384
2005,Bremen,Schleswig-Holstein,39,30,69,334,347,681
2005,Bremen,Hamburg,113,105,218,543,562,1105
2005,Bremen,Niedersachsen,566,522,1088,6256,6384,12640
2005,Bremen,Bremen,0,0,0,0,0,0
2005,Bremen,Nordrhein-Westfalen,234,189,423,1011,941,1952
2005,Bremen,Hessen,78,51,129,361,331,692
2005,Bremen,Rheinland-Pfalz,20,17,37,131,125,256
2005,Bremen,Baden-Wurttemberg,99,69,168,489,422,911
2005,Bremen,Bayern,88,67,155,389,366,755
2005,Bremen,Saarland,4,2,6,25,30,55
2005,Bremen,Berlin,62,42,104,398,345,743
2005,Bremen,Brandenburg,5,5,10,82,87,169
2005,Bremen,Mecklenburg-Vorpommern,23,11,34,160,131,291
2005,Bremen,Sachsen,26,5,31,119,138,257
2005,Bremen,Sachsen-Anhalt,7,6,13,90,79,169
2005,Bremen,Thuringen,6,3,9,56,44,100
2005,Bremen,Insgesamt,1370,1124,2494,10444,10332,20776
2005,Nordrhein-Westfalen,Schleswig-Holstein,321,204,525,2951,3029,5980
2005,Nordrhein-Westfalen,Hamburg,578,359,937,3029,2754,5783
2005,Nordrhein-Westfalen,Niedersachsen,1753,1192,2945,14105,14096,28201
2005,Nordrhein-Westfalen,Bremen,174,151,325,1013,1058,2071
2005,Nordrhein-Westfalen,Nordrhein-Westfalen,0,0,0,0,0,0
2005,Nordrhein-Westfalen,Hessen,1803,1323,3126,8317,8327,16644
2005,Nordrhein-Westfalen,Rheinland-Pfalz,1099,892,1991,8416,8361,16777
2005,Nordrhein-Westfalen,Baden-Wurttemberg,1855,1371,3226,9243,8760,18003
2005,Nordrhein-Westfalen,Bayern,1693,1238,2931,9448,8832,18280
2005,Nordrhein-Westfalen,Saarland,161,117,278,776,708,1484
2005,Nordrhein-Westfalen,Berlin,662,574,1236,4452,4309,8761
2005,Nordrhein-Westfalen,Brandenburg,102,63,165,1471,1339,2810
2005,Nordrhein-Westfalen,Mecklenburg-Vorpommern,134,44,178,1099,989,2088
2005,Nordrhein-Westfalen,Sachsen,271,165,436,2151,1885,4036
2005,Nordrhein-Westfalen,Sachsen-Anhalt,188,101,289,1428,1303,2731
2005,Nordrhein-Westfalen,Thuringen,111,90,201,1120,1042,2162
2005,Nordrhein-Westfalen,Insgesamt,10905,7884,18789,69019,66792,135811
2005,Hessen,Schleswig-Holstein,102,75,177,1012,1175,2187
2005,Hessen,Hamburg,185,170,355,1116,1116,2232
2005,Hessen,Niedersachsen,426,326,752,3753,3730,7483
2005,Hessen,Bremen,44,45,89,268,273,541
2005,Hessen,Nordrhein-Westfalen,1630,1194,2824,8385,8323,16708
2005,Hessen,Hessen,0,0,0,0,0,0
2005,Hessen,Rheinland-Pfalz,1194,1046,2240,7934,8220,16154
2005,Hessen,Baden-Wurttemberg,1521,1158,2679,7571,7330,14901
2005,Hessen,Bayern,1374,953,2327,7374,6826,14200
2005,Hessen,Saarland,84,45,129,438,391,829
2005,Hessen,Berlin,281,298,579,1983,1938,3921
2005,Hessen,Brandenburg,44,41,85,591,563,1154
2005,Hessen,Mecklenburg-Vorpommern,41,22,63,396,354,750
2005,Hessen,Sachsen,125,75,200,1273,1152,2425
2005,Hessen,Sachsen-Anhalt,56,47,103,692,581,1273
2005,Hessen,Thuringen,97,88,185,1450,1497,2947
2005,Hessen,Insgesamt,7204,5583,12787,44236,43469,87705
2005,Rheinland-Pfalz,Schleswig-Holstein,43,34,77,470,489,959
2005,Rheinland-Pfalz,Hamburg,53,53,106,395,390,785
2005,Rheinland-Pfalz,Niedersachsen,136,101,237,1277,1222,2499
2005,Rheinland-Pfalz,Bremen,17,17,34,118,121,239
2005,Rheinland-Pfalz,Nordrhein-Westfalen,1171,896,2067,8309,8349,16658
2005,Rheinland-Pfalz,Hessen,1207,1018,2225,6368,6369,12737
2005,Rheinland-Pfalz,Rheinland-Pfalz,0,0,0,0,0,0
2005,Rheinland-Pfalz,Baden-Wurttemberg,1222,994,2216,6390,6022,12412
2005,Rheinland-Pfalz,Bayern,361,298,659,2623,2400,5023
2005,Rheinland-Pfalz,Saarland,175,173,348,1816,1781,3597
2005,Rheinland-Pfalz,Berlin,106,98,204,853,737,1590
2005,Rheinland-Pfalz,Brandenburg,39,23,62,355,298,653
2005,Rheinland-Pfalz,Mecklenburg-Vorpommern,21,8,29,238,189,427
2005,Rheinland-Pfalz,Sachsen,49,32,81,540,515,1055
2005,Rheinland-Pfalz,Sachsen-Anhalt,29,26,55,316,287,603
2005,Rheinland-Pfalz,Thuringen,20,12,32,353,252,605
2005,Rheinland-Pfalz,Insgesamt,4649,3783,8432,30421,29421,59842
2005,Baden-Wurttemberg,Schleswig-Holstein,173,117,290,1262,1358,2620
2005,Baden-Wurttemberg,Hamburg,253,189,442,1408,1252,2660
2005,Baden-Wurttemberg,Niedersachsen,402,347,749,3227,3105,6332
2005,Baden-Wurttemberg,Bremen,75,57,132,369,321,690
2005,Baden-Wurttemberg,Nordrhein-Westfalen,1688,1413,3101,8307,8098,16405
2005,Baden-Wurttemberg,Hessen,1390,1178,2568,6980,6997,13977
2005,Baden-Wurttemberg,Rheinland-Pfalz,1339,1042,2381,6639,6695,13334
2005,Baden-Wurttemberg,Baden-Wurttemberg,0,0,0,0,0,0
2005,Baden-Wurttemberg,Bayern,2529,1958,4487,16174,15888,32062
2005,Baden-Wurttemberg,Saarland,132,136,268,756,752,1508
2005,Baden-Wurttemberg,Berlin,444,393,837,3074,2809,5883
2005,Baden-Wurttemberg,Brandenburg,68,54,122,1041,975,2016
2005,Baden-Wurttemberg,Mecklenburg-Vorpommern,37,29,66,594,522,1116
2005,Baden-Wurttemberg,Sachsen,165,122,287,2496,2186,4682
2005,Baden-Wurttemberg,Sachsen-Anhalt,82,46,128,980,797,1777
2005,Baden-Wurttemberg,Thuringen,74,55,129,1191,1052,2243
2005,Baden-Wurttemberg,Insgesamt,8851,7136,15987,54498,52807,107305
2005,Bayern,Schleswig-Holstein,180,131,311,1309,1274,2583
2005,Bayern,Hamburg,246,170,416,1388,1263,2651
2005,Bayern,Niedersachsen,454,390,844,3268,3099,6367
2005,Bayern,Bremen,57,50,107,358,327,685
2005,Bayern,Nordrhein-Westfalen,1686,1205,2891,7856,7169,15025
2005,Bayern,Hessen,1308,916,2224,6255,5948,12203
2005,Bayern,Rheinland-Pfalz,405,302,707,2411,2408,4819
2005,Bayern,Baden-Wurttemberg,2585,1771,4356,14744,14429,29173
2005,Bayern,Bayern,0,0,0,0,0,0
2005,Bayern,Saarland,58,58,116,384,413,797
2005,Bayern,Berlin,555,442,997,3316,2987,6303
2005,Bayern,Brandenburg,84,51,135,1228,1063,2291
2005,Bayern,Mecklenburg-Vorpommern,49,35,84,631,542,1173
2005,Bayern,Sachsen,255,166,421,3861,3339,7200
2005,Bayern,Sachsen-Anhalt,135,67,202,1258,1060,2318
2005,Bayern,Thuringen,149,85,234,2198,1933,4131
2005,Bayern,Insgesamt,8206,5839,14045,50465,47254,97719
2005,Saarland,Schleswig-Holstein,21,11,32,109,86,195
2005,Saarland,Hamburg,22,18,40,80,81,161
2005,Saarland,Niedersachsen,36,41,77,225,214,439
2005,Saarland,Bremen,16,18,34,37,39,76
2005,Saarland,Nordrhein-Westfalen,244,135,379,936,881,1817
2005,Saarland,Hessen,112,90,202,529,485,1014
2005,Saarland,Rheinland-Pfalz,190,165,355,1959,1966,3925
2005,Saarland,Baden-Wurttemberg,188,152,340,951,931,1882
2005,Saarland,Bayern,129,92,221,574,527,1101
2005,Saarland,Saarland,0,0,0,0,0,0
2005,Saarland,Berlin,30,32,62,191,186,377
2005,Saarland,Brandenburg,4,3,7,45,48,93
2005,Saarland,Mecklenburg-Vorpommern,20,18,38,55,47,102
2005,Saarland,Sachsen,22,20,42,114,102,216
2005,Saarland,Sachsen-Anhalt,28,10,38,60,58,118
2005,Saarland,Thuringen,3,4,7,52,53,105
2005,Saarland,Insgesamt,1065,809,1874,5917,5704,11621
2005,Berlin,Schleswig-Holstein,95,89,184,1293,1257,2550
2005,Berlin,Hamburg,217,172,389,1325,1345,2670
2005,Berlin,Niedersachsen,351,224,575,2707,2575,5282
2005,Berlin,Bremen,46,36,82,284,267,551
2005,Berlin,Nordrhein-Westfalen,656,567,1223,3885,3904,7789
2005,Berlin,Hessen,319,280,599,1932,1880,3812
2005,Berlin,Rheinland-Pfalz,145,118,263,869,846,1715
2005,Berlin,Baden-Wurttemberg,478,404,882,3143,2923,6066
2005,Berlin,Bayern,632,522,1154,3689,3466,7155
2005,Berlin,Saarland,37,35,72,164,146,310
2005,Berlin,Berlin,0,0,0,0,0,0
2005,Berlin,Brandenburg,800,739,1539,16025,16201,32226
2005,Berlin,Mecklenburg-Vorpommern,177,111,288,1437,1327,2764
2005,Berlin,Sachsen,206,157,363,1486,1400,2886
2005,Berlin,Sachsen-Anhalt,156,74,230,985,915,1900
2005,Berlin,Thuringen,73,53,126,597,545,1142
2005,Berlin,Insgesamt,4388,3581,7969,39821,38997,78818
2005,Brandenburg,Schleswig-Holstein,34,28,62,827,809,1636
2005,Brandenburg,Hamburg,71,29,100,697,730,1427
2005,Brandenburg,Niedersachsen,87,79,166,1838,1818,3656
2005,Brandenburg,Bremen,13,7,20,164,161,325
2005,Brandenburg,Nordrhein-Westfalen,236,203,439,2224,2318,4542
2005,Brandenburg,Hessen,82,76,158,905,975,1880
2005,Brandenburg,Rheinland-Pfalz,30,30,60,587,534,1121
2005,Brandenburg,Baden-Wurttemberg,150,123,273,1957,1915,3872
2005,Brandenburg,Bayern,138,103,241,2044,1986,4030
2005,Brandenburg,Saarland,11,8,19,90,92,182
2005,Brandenburg,Berlin,1099,923,2022,11157,11411,22568
2005,Brandenburg,Brandenburg,0,0,0,0,0,0
2005,Brandenburg,Mecklenburg-Vorpommern,33,31,64,1488,1659,3147
2005,Brandenburg,Sachsen,85,77,162,2282,2326,4608
2005,Brandenburg,Sachsen-Anhalt,67,34,101,1220,1294,2514
2005,Brandenburg,Thuringen,21,6,27,522,498,1020
2005,Brandenburg,Insgesamt,2157,1757,3914,28002,28526,56528
2005,Mecklenburg-Vorpommern,Schleswig-Holstein,123,90,213,2804,2950,5754
2005,Mecklenburg-Vorpommern,Hamburg,221,155,376,2424,2326,4750
2005,Mecklenburg-Vorpommern,Niedersachsen,132,104,236,2220,2094,4314
2005,Mecklenburg-Vorpommern,Bremen,25,16,41,244,266,510
2005,Mecklenburg-Vorpommern,Nordrhein-Westfalen,243,155,398,1529,1456,2985
2005,Mecklenburg-Vorpommern,Hessen,57,32,89,527,515,1042
2005,Mecklenburg-Vorpommern,Rheinland-Pfalz,44,14,58,296,285,581
2005,Mecklenburg-Vorpommern,Baden-Wurttemberg,102,78,180,989,866,1855
2005,Mecklenburg-Vorpommern,Bayern,94,59,153,935,745,1680
2005,Mecklenburg-Vorpommern,Saarland,8,2,10,43,35,78
2005,Mecklenburg-Vorpommern,Berlin,192,167,359,1800,1897,3697
2005,Mecklenburg-Vorpommern,Brandenburg,56,42,98,1299,1323,2622
2005,Mecklenburg-Vorpommern,Mecklenburg-Vorpommern,0,0,0,0,0,0
2005,Mecklenburg-Vorpommern,Sachsen,32,17,49,674,712,1386
2005,Mecklenburg-Vorpommern,Sachsen-Anhalt,29,18,47,463,485,948
2005,Mecklenburg-Vorpommern,Thuringen,12,10,22,285,267,552
2005,Mecklenburg-Vorpommern,Insgesamt,1370,959,2329,16532,16222,32754
2005,Sachsen,Schleswig-Holstein,60,44,104,518,531,1049
2005,Sachsen,Hamburg,83,58,141,488,498,986
2005,Sachsen,Niedersachsen,188,118,306,1713,1791,3504
2005,Sachsen,Bremen,32,22,54,145,161,306
2005,Sachsen,Nordrhein-Westfalen,614,356,970,3034,2922,5956
2005,Sachsen,Hessen,309,200,509,1856,1908,3764
2005,Sachsen,Rheinland-Pfalz,100,74,174,881,904,1785
2005,Sachsen,Baden-Wurttemberg,379,283,662,4065,3876,7941
2005,Sachsen,Bayern,549,347,896,6123,6050,12173
2005,Sachsen,Saarland,26,23,49,130,112,242
2005,Sachsen,Berlin,380,266,646,1886,2043,3929
2005,Sachsen,Brandenburg,136,77,213,1767,1750,3517
2005,Sachsen,Mecklenburg-Vorpommern,41,30,71,666,730,1396
2005,Sachsen,Sachsen,0,0,0,0,0,0
2005,Sachsen,Sachsen-Anhalt,195,110,305,2001,2131,4132
2005,Sachsen,Thuringen,145,83,228,1932,2007,3939
2005,Sachsen,Insgesamt,3237,2091,5328,27205,27414,54619
2005,Sachsen-Anhalt,Schleswig-Holstein,61,25,86,539,496,1035
2005,Sachsen-Anhalt,Hamburg,72,46,118,439,531,970
2005,Sachsen-Anhalt,Niedersachsen,303,218,521,4051,4375,8426
2005,Sachsen-Anhalt,Bremen,30,11,41,157,159,316
2005,Sachsen-Anhalt,Nordrhein-Westfalen,652,329,981,2598,2452,5050
2005,Sachsen-Anhalt,Hessen,185,96,281,1139,1137,2276
2005,Sachsen-Anhalt,Rheinland-Pfalz,105,53,158,582,527,1109
2005,Sachsen-Anhalt,Baden-Wurttemberg,274,136,410,2029,1813,3842
2005,Sachsen-Anhalt,Bayern,264,146,410,2277,2010,4287
2005,Sachsen-Anhalt,Saarland,10,8,18,67,61,128
2005,Sachsen-Anhalt,Berlin,234,164,398,1348,1502,2850
2005,Sachsen-Anhalt,Brandenburg,61,26,87,1040,1239,2279
2005,Sachsen-Anhalt,Mecklenburg-Vorpommern,25,14,39,530,600,1130
2005,Sachsen-Anhalt,Sachsen,221,129,350,2994,2991,5985
2005,Sachsen-Anhalt,Sachsen-Anhalt,0,0,0,0,0,0
2005,Sachsen-Anhalt,Thuringen,112,34,146,1271,1376,2647
2005,Sachsen-Anhalt,Insgesamt,2609,1435,4044,21061,21269,42330
2005,Thuringen,Schleswig-Holstein,21,16,37,274,310,584
2005,Thuringen,Hamburg,38,16,54,259,228,487
2005,Thuringen,Niedersachsen,113,76,189,1385,1428,2813
2005,Thuringen,Bremen,13,9,22,77,92,169
2005,Thuringen,Nordrhein-Westfalen,291,167,458,1878,1932,3810
2005,Thuringen,Hessen,229,140,369,2327,2645,4972
2005,Thuringen,Rheinland-Pfalz,71,35,106,646,626,1272
2005,Thuringen,Baden-Wurttemberg,174,121,295,2124,2035,4159
2005,Thuringen,Bayern,271,166,437,3596,3820,7416
2005,Thuringen,Saarland,8,8,16,75,66,141
2005,Thuringen,Berlin,99,74,173,819,843,1662
2005,Thuringen,Brandenburg,23,11,34,396,463,859
2005,Thuringen,Mecklenburg-Vorpommern,11,7,18,314,350,664
2005,Thuringen,Sachsen,150,105,255,2748,2781,5529
2005,Thuringen,Sachsen-Anhalt,63,37,100,1231,1286,2517
2005,Thuringen,Thuringen,0,0,0,0,0,0
2005,Thuringen,Insgesamt,1575,988,2563,18149,18905,37054
2005,Insgesamt,Schleswig-Holstein,2831,2317,5148,29598,30320,59918
2005,Insgesamt,Hamburg,3816,3112,6928,28954,28682,57636
2005,Insgesamt,Niedersachsen,5756,4438,10194,56191,55942,112133
2005,Insgesamt,Bremen,1322,1143,2465,10805,10781,21586
2005,Insgesamt,Nordrhein-Westfalen,12877,9434,22311,73477,72445,145922
2005,Insgesamt,Hessen,8158,6426,14584,44473,44627,89100
2005,Insgesamt,Rheinland-Pfalz,5152,4137,9289,34356,34484,68840
2005,Insgesamt,Baden-Wurttemberg,10562,8069,18631,62561,60138,122699
2005,Insgesamt,Bayern,9676,7214,16890,64877,62274,127151
2005,Insgesamt,Saarland,831,737,1568,5339,5179,10518
2005,Insgesamt,Berlin,5034,4254,9288,37547,36943,74490
2005,Insgesamt,Brandenburg,1629,1304,2933,28068,27938,56006
2005,Insgesamt,Mecklenburg-Vorpommern,896,538,1434,12702,12069,24771
2005,Insgesamt,Sachsen,1971,1377,3348,23639,22315,45954
2005,Insgesamt,Sachsen-Anhalt,1361,804,2165,14766,13970,28736
2005,Insgesamt,Thuringen,1000,694,1694,12817,12237,25054
2005,Insgesamt,Insgesamt,72872,55998,128870,540170,530344,1070514
2006,Schleswig-Holstein,Schleswig-Holstein,0,0,0,0,0,0
2006,Schleswig-Holstein,Hamburg,883,932,1815,9228,9344,18572
2006,Schleswig-Holstein,Niedersachsen,361,230,591,4073,3985,8058
2006,Schleswig-Holstein,Bremen,73,40,113,453,456,909
2006,Schleswig-Holstein,Nordrhein-Westfalen,395,266,661,2721,2800,5521
2006,Schleswig-Holstein,Hessen,120,88,208,975,894,1869
2006,Schleswig-Holstein,Rheinland-Pfalz,50,42,92,485,520,1005
2006,Schleswig-Holstein,Baden-Wurttemberg,187,124,311,1336,1325,2661
2006,Schleswig-Holstein,Bayern,221,179,400,1570,1504,3074
2006,Schleswig-Holstein,Saarland,15,8,23,71,69,140
2006,Schleswig-Holstein,Berlin,109,132,241,1208,1214,2422
2006,Schleswig-Holstein,Brandenburg,8,12,20,516,504,1020
2006,Schleswig-Holstein,Mecklenburg-Vorpommern,51,36,87,1904,1773,3677
2006,Schleswig-Holstein,Sachsen,22,16,38,380,363,743
2006,Schleswig-Holstein,Sachsen-Anhalt,26,8,34,301,264,565
2006,Schleswig-Holstein,Thuringen,8,12,20,199,219,418
2006,Schleswig-Holstein,Insgesamt,2529,2125,4654,25420,25234,50654
2006,Hamburg,Schleswig-Holstein,1000,882,1882,10160,10502,20662
2006,Hamburg,Hamburg,0,0,0,0,0,0
2006,Hamburg,Niedersachsen,511,407,918,5440,5496,10936
2006,Hamburg,Bremen,126,62,188,480,410,890
2006,Hamburg,Nordrhein-Westfalen,402,281,683,2174,2017,4191
2006,Hamburg,Hessen,166,135,301,897,870,1767
2006,Hamburg,Rheinland-Pfalz,43,47,90,329,309,638
2006,Hamburg,Baden-Wurttemberg,180,156,336,1047,1062,2109
2006,Hamburg,Bayern,279,195,474,1384,1236,2620
2006,Hamburg,Saarland,14,7,21,59,56,115
2006,Hamburg,Berlin,209,175,384,1324,1340,2664
2006,Hamburg,Brandenburg,11,16,27,324,287,611
2006,Hamburg,Mecklenburg-Vorpommern,93,45,138,1055,916,1971
2006,Hamburg,Sachsen,40,36,76,299,265,564
2006,Hamburg,Sachsen-Anhalt,22,10,32,193,174,367
2006,Hamburg,Thuringen,12,7,19,139,113,252
2006,Hamburg,Insgesamt,3108,2461,5569,25304,25053,50357
2006,Niedersachsen,Schleswig-Holstein,370,296,666,4455,4471,8926
2006,Niedersachsen,Hamburg,622,593,1215,6211,6330,12541
2006,Niedersachsen,Niedersachsen,0,0,0,0,0,0
2006,Niedersachsen,Bremen,603,536,1139,7024,6535,13559
2006,Niedersachsen,Nordrhein-Westfalen,2071,1703,3774,14918,15240,30158
2006,Niedersachsen,Hessen,573,522,1095,4112,4336,8448
2006,Niedersachsen,Rheinland-Pfalz,208,170,378,1610,1641,3251
2006,Niedersachsen,Baden-Wurttemberg,705,602,1307,4712,4409,9121
2006,Niedersachsen,Bayern,711,647,1358,5037,4947,9984
2006,Niedersachsen,Saarland,41,28,69,234,229,463
2006,Niedersachsen,Berlin,495,554,1049,3102,3218,6320
2006,Niedersachsen,Brandenburg,88,79,167,1353,1276,2629
2006,Niedersachsen,Mecklenburg-Vorpommern,68,51,119,1621,1465,3086
2006,Niedersachsen,Sachsen,142,113,255,1518,1424,2942
2006,Niedersachsen,Sachsen-Anhalt,165,98,263,2799,2600,5399
2006,Niedersachsen,Thuringen,92,75,167,1102,1035,2137
2006,Niedersachsen,Insgesamt,6954,6067,13021,59808,59156,118964
2006,Bremen,Schleswig-Holstein,48,32,80,376,356,732
2006,Bremen,Hamburg,116,118,234,630,606,1236
2006,Bremen,Niedersachsen,545,442,987,6076,6152,12228
2006,Bremen,Bremen,0,0,0,0,0,0
2006,Bremen,Nordrhein-Westfalen,207,171,378,1012,941,1953
2006,Bremen,Hessen,81,71,152,323,324,647
2006,Bremen,Rheinland-Pfalz,17,24,41,130,152,282
2006,Bremen,Baden-Wurttemberg,104,81,185,461,405,866
2006,Bremen,Bayern,93,72,165,440,450,890
2006,Bremen,Saarland,4,5,9,23,22,45
2006,Bremen,Berlin,59,51,110,379,380,759
2006,Bremen,Brandenburg,3,7,10,86,103,189
2006,Bremen,Mecklenburg-Vorpommern,21,8,29,152,123,275
2006,Bremen,Sachsen,14,7,21,135,97,232
2006,Bremen,Sachsen-Anhalt,7,5,12,96,102,198
2006,Bremen,Thuringen,3,6,9,45,40,85
2006,Bremen,Insgesamt,1322,1100,2422,10364,10253,20617
2006,Nordrhein-Westfalen,Schleswig-Holstein,327,211,538,3187,3256,6443
2006,Nordrhein-Westfalen,Hamburg,510,371,881,3105,3066,6171
2006,Nordrhein-Westfalen,Niedersachsen,1564,1222,2786,14269,14687,28956
2006,Nordrhein-Westfalen,Bremen,196,134,330,1021,946,1967
2006,Nordrhein-Westfalen,Nordrhein-Westfalen,0,0,0,0,0,0
2006,Nordrhein-Westfalen,Hessen,1683,1276,2959,8544,8527,17071
2006,Nordrhein-Westfalen,Rheinland-Pfalz,1077,770,1847,8304,8559,16863
2006,Nordrhein-Westfalen,Baden-Wurttemberg,1763,1370,3133,9283,8905,18188
2006,Nordrhein-Westfalen,Bayern,1848,1329,3177,10535,9807,20342
2006,Nordrhein-Westfalen,Saarland,136,121,257,740,674,1414
2006,Nordrhein-Westfalen,Berlin,787,659,1446,5085,4830,9915
2006,Nordrhein-Westfalen,Brandenburg,121,83,204,1529,1401,2930
2006,Nordrhein-Westfalen,Mecklenburg-Vorpommern,99,42,141,1095,1005,2100
2006,Nordrhein-Westfalen,Sachsen,235,164,399,2133,1968,4101
2006,Nordrhein-Westfalen,Sachsen-Anhalt,181,84,265,1311,1196,2507
2006,Nordrhein-Westfalen,Thuringen,134,64,198,1069,926,1995
2006,Nordrhein-Westfalen,Insgesamt,10661,7900,18561,71210,69753,140963
2006,Hessen,Schleswig-Holstein,88,73,161,1068,1098,2166
2006,Hessen,Hamburg,202,150,352,1141,1081,2222
2006,Hessen,Niedersachsen,402,295,697,3633,3713,7346
2006,Hessen,Bremen,50,41,91,295,302,597
2006,Hessen,Nordrhein-Westfalen,1502,1235,2737,7852,8086,15938
2006,Hessen,Hessen,0,0,0,0,0,0
2006,Hessen,Rheinland-Pfalz,1094,948,2042,7139,7319,14458
2006,Hessen,Baden-Wurttemberg,1433,1130,2563,7443,7196,14639
2006,Hessen,Bayern,1207,943,2150,7607,7238,14845
2006,Hessen,Saarland,79,63,142,385,369,754
2006,Hessen,Berlin,352,282,634,2193,2035,4228
2006,Hessen,Brandenburg,46,39,85,632,575,1207
2006,Hessen,Mecklenburg-Vorpommern,48,16,64,405,382,787
2006,Hessen,Sachsen,134,107,241,1290,1188,2478
2006,Hessen,Sachsen-Anhalt,55,41,96,518,546,1064
2006,Hessen,Thuringen,102,56,158,1433,1435,2868
2006,Hessen,Insgesamt,6794,5419,12213,43034,42563,85597
2006,Rheinland-Pfalz,Schleswig-Holstein,42,34,76,509,554,1063
2006,Rheinland-Pfalz,Hamburg,55,46,101,432,392,824
2006,Rheinland-Pfalz,Niedersachsen,129,130,259,1266,1334,2600
2006,Rheinland-Pfalz,Bremen,20,19,39,128,129,257
2006,Rheinland-Pfalz,Nordrhein-Westfalen,1105,887,1992,7946,8091,16037
2006,Rheinland-Pfalz,Hessen,1219,1100,2319,6540,6687,13227
2006,Rheinland-Pfalz,Rheinland-Pfalz,0,0,0,0,0,0
2006,Rheinland-Pfalz,Baden-Wurttemberg,1158,958,2116,6371,6349,12720
2006,Rheinland-Pfalz,Bayern,454,342,796,3149,2941,6090
2006,Rheinland-Pfalz,Saarland,176,160,336,1768,1827,3595
2006,Rheinland-Pfalz,Berlin,112,94,206,856,832,1688
2006,Rheinland-Pfalz,Brandenburg,25,22,47,349,281,630
2006,Rheinland-Pfalz,Mecklenburg-Vorpommern,17,7,24,201,181,382
2006,Rheinland-Pfalz,Sachsen,44,46,90,581,525,1106
2006,Rheinland-Pfalz,Sachsen-Anhalt,47,13,60,326,258,584
2006,Rheinland-Pfalz,Thuringen,24,12,36,372,278,650
2006,Rheinland-Pfalz,Insgesamt,4627,3870,8497,30794,30659,61453
2006,Baden-Wurttemberg,Schleswig-Holstein,204,153,357,1395,1380,2775
2006,Baden-Wurttemberg,Hamburg,245,191,436,1470,1389,2859
2006,Baden-Wurttemberg,Niedersachsen,461,411,872,3355,3337,6692
2006,Baden-Wurttemberg,Bremen,104,70,174,408,347,755
2006,Baden-Wurttemberg,Nordrhein-Westfalen,1855,1441,3296,8233,7916,16149
2006,Baden-Wurttemberg,Hessen,1521,1240,2761,7208,7258,14466
2006,Baden-Wurttemberg,Rheinland-Pfalz,1316,1064,2380,6783,6647,13430
2006,Baden-Wurttemberg,Baden-Wurttemberg,0,0,0,0,0,0
2006,Baden-Wurttemberg,Bayern,2783,2151,4934,18575,17951,36526
2006,Baden-Wurttemberg,Saarland,136,121,257,775,792,1567
2006,Baden-Wurttemberg,Berlin,440,403,843,3137,2864,6001
2006,Baden-Wurttemberg,Brandenburg,51,21,72,928,862,1790
2006,Baden-Wurttemberg,Mecklenburg-Vorpommern,41,39,80,560,529,1089
2006,Baden-Wurttemberg,Sachsen,196,141,337,2575,2227,4802
2006,Baden-Wurttemberg,Sachsen-Anhalt,85,60,145,914,793,1707
2006,Baden-Wurttemberg,Thuringen,110,78,188,1170,1048,2218
2006,Baden-Wurttemberg,Insgesamt,9548,7584,17132,57486,55340,112826
2006,Bayern,Schleswig-Holstein,310,234,544,1491,1455,2946
2006,Bayern,Hamburg,298,206,504,1462,1380,2842
2006,Bayern,Niedersachsen,536,377,913,3360,3191,6551
2006,Bayern,Bremen,76,52,128,363,304,667
2006,Bayern,Nordrhein-Westfalen,1954,1395,3349,8036,7417,15453
2006,Bayern,Hessen,1379,1047,2426,6490,6057,12547
2006,Bayern,Rheinland-Pfalz,474,364,838,2488,2411,4899
2006,Bayern,Baden-Wurttemberg,2522,1955,4477,14922,14939,29861
2006,Bayern,Bayern,0,0,0,0,0,0
2006,Bayern,Saarland,75,64,139,443,412,855
2006,Bayern,Berlin,543,471,1014,3504,3179,6683
2006,Bayern,Brandenburg,71,61,132,1250,1084,2334
2006,Bayern,Mecklenburg-Vorpommern,41,24,65,567,500,1067
2006,Bayern,Sachsen,276,210,486,3665,3371,7036
2006,Bayern,Sachsen-Anhalt,105,65,170,1161,979,2140
2006,Bayern,Thuringen,144,98,242,2159,2042,4201
2006,Bayern,Insgesamt,8804,6623,15427,51361,48721,100082
2006,Saarland,Schleswig-Holstein,10,8,18,83,79,162
2006,Saarland,Hamburg,18,8,26,80,71,151
2006,Saarland,Niedersachsen,27,17,44,192,196,388
2006,Saarland,Bremen,21,14,35,40,36,76
2006,Saarland,Nordrhein-Westfalen,188,139,327,827,810,1637
2006,Saarland,Hessen,77,78,155,473,546,1019
2006,Saarland,Rheinland-Pfalz,159,160,319,2176,2423,4599
2006,Saarland,Baden-Wurttemberg,234,201,435,1028,1024,2052
2006,Saarland,Bayern,117,101,218,672,627,1299
2006,Saarland,Saarland,0,0,0,0,0,0
2006,Saarland,Berlin,40,51,91,183,220,403
2006,Saarland,Brandenburg,3,3,6,67,49,116
2006,Saarland,Mecklenburg-Vorpommern,5,4,9,34,39,73
2006,Saarland,Sachsen,76,53,129,151,137,288
2006,Saarland,Sachsen-Anhalt,27,14,41,65,38,103
2006,Saarland,Thuringen,6,4,10,70,52,122
2006,Saarland,Insgesamt,1008,855,1863,6141,6347,12488
2006,Berlin,Schleswig-Holstein,109,103,212,1264,1249,2513
2006,Berlin,Hamburg,235,176,411,1488,1478,2966
2006,Berlin,Niedersachsen,310,273,583,2649,2619,5268
2006,Berlin,Bremen,39,40,79,321,332,653
2006,Berlin,Nordrhein-Westfalen,707,570,1277,3938,3808,7746
2006,Berlin,Hessen,296,264,560,1800,1811,3611
2006,Berlin,Rheinland-Pfalz,124,100,224,753,779,1532
2006,Berlin,Baden-Wurttemberg,519,400,919,3022,2717,5739
2006,Berlin,Bayern,583,533,1116,3710,3571,7281
2006,Berlin,Saarland,34,20,54,167,147,314
2006,Berlin,Berlin,0,0,0,0,0,0
2006,Berlin,Brandenburg,768,700,1468,14735,15029,29764
2006,Berlin,Mecklenburg-Vorpommern,208,115,323,1389,1414,2803
2006,Berlin,Sachsen,197,151,348,1436,1431,2867
2006,Berlin,Sachsen-Anhalt,129,73,202,827,767,1594
2006,Berlin,Thuringen,58,46,104,517,507,1024
2006,Berlin,Insgesamt,4316,3564,7880,38016,37659,75675
2006,Brandenburg,Schleswig-Holstein,29,18,47,831,807,1638
2006,Brandenburg,Hamburg,53,32,85,676,705,1381
2006,Brandenburg,Niedersachsen,111,99,210,1823,1832,3655
2006,Brandenburg,Bremen,7,6,13,161,161,322
2006,Brandenburg,Nordrhein-Westfalen,202,178,380,2005,2141,4146
2006,Brandenburg,Hessen,74,56,130,913,941,1854
2006,Brandenburg,Rheinland-Pfalz,44,30,74,525,478,1003
2006,Brandenburg,Baden-Wurttemberg,142,82,224,1713,1592,3305
2006,Brandenburg,Bayern,126,130,256,2089,1911,4000
2006,Brandenburg,Saarland,9,7,16,82,82,164
2006,Brandenburg,Berlin,1127,1006,2133,11366,11668,23034
2006,Brandenburg,Brandenburg,0,0,0,0,0,0
2006,Brandenburg,Mecklenburg-Vorpommern,57,44,101,1446,1620,3066
2006,Brandenburg,Sachsen,96,63,159,2451,2479,4930
2006,Brandenburg,Sachsen-Anhalt,51,30,81,1026,1033,2059
2006,Brandenburg,Thuringen,17,5,22,442,445,887
2006,Brandenburg,Insgesamt,2145,1786,3931,27549,27895,55444
2006,Mecklenburg-Vorpommern,Schleswig-Holstein,136,87,223,2927,2896,5823
2006,Mecklenburg-Vorpommern,Hamburg,228,175,403,2400,2418,4818
2006,Mecklenburg-Vorpommern,Niedersachsen,125,103,228,2167,2104,4271
2006,Mecklenburg-Vorpommern,Bremen,26,21,47,265,267,532
2006,Mecklenburg-Vorpommern,Nordrhein-Westfalen,215,116,331,1526,1474,3000
2006,Mecklenburg-Vorpommern,Hessen,55,23,78,557,507,1064
2006,Mecklenburg-Vorpommern,Rheinland-Pfalz,46,25,71,291,282,573
2006,Mecklenburg-Vorpommern,Baden-Wurttemberg,83,67,150,934,806,1740
2006,Mecklenburg-Vorpommern,Bayern,98,71,169,929,864,1793
2006,Mecklenburg-Vorpommern,Saarland,7,4,11,40,43,83
2006,Mecklenburg-Vorpommern,Berlin,264,207,471,2018,2161,4179
2006,Mecklenburg-Vorpommern,Brandenburg,48,33,81,1252,1223,2475
2006,Mecklenburg-Vorpommern,Mecklenburg-Vorpommern,0,0,0,0,0,0
2006,Mecklenburg-Vorpommern,Sachsen,49,27,76,748,743,1491
2006,Mecklenburg-Vorpommern,Sachsen-Anhalt,25,18,43,433,447,880
2006,Mecklenburg-Vorpommern,Thuringen,14,11,25,284,259,543
2006,Mecklenburg-Vorpommern,Insgesamt,1419,988,2407,16771,16494,33265
2006,Sachsen,Schleswig-Holstein,42,37,79,526,511,1037
2006,Sachsen,Hamburg,88,56,144,563,511,1074
2006,Sachsen,Niedersachsen,193,138,331,1590,1647,3237
2006,Sachsen,Bremen,29,10,39,139,153,292
2006,Sachsen,Nordrhein-Westfalen,468,261,729,2761,2829,5590
2006,Sachsen,Hessen,280,171,451,1822,1871,3693
2006,Sachsen,Rheinland-Pfalz,107,81,188,843,942,1785
2006,Sachsen,Baden-Wurttemberg,399,261,660,3970,3768,7738
2006,Sachsen,Bayern,522,375,897,6398,6396,12794
2006,Sachsen,Saarland,20,17,37,111,140,251
2006,Sachsen,Berlin,331,294,625,2045,2394,4439
2006,Sachsen,Brandenburg,121,52,173,1674,1763,3437
2006,Sachsen,Mecklenburg-Vorpommern,53,29,82,610,724,1334
2006,Sachsen,Sachsen,0,0,0,0,0,0
2006,Sachsen,Sachsen-Anhalt,183,120,303,1911,2099,4010
2006,Sachsen,Thuringen,128,84,212,1927,2017,3944
2006,Sachsen,Insgesamt,2964,1986,4950,26890,27765,54655
2006,Sachsen-Anhalt,Schleswig-Holstein,62,51,113,527,581,1108
2006,Sachsen-Anhalt,Hamburg,59,37,96,462,485,947
2006,Sachsen-Anhalt,Niedersachsen,269,180,449,4048,4239,8287
2006,Sachsen-Anhalt,Bremen,20,14,34,162,168,330
2006,Sachsen-Anhalt,Nordrhein-Westfalen,480,303,783,2309,2223,4532
2006,Sachsen-Anhalt,Hessen,156,101,257,1135,1168,2303
2006,Sachsen-Anhalt,Rheinland-Pfalz,85,36,121,530,538,1068
2006,Sachsen-Anhalt,Baden-Wurttemberg,181,149,330,1830,1724,3554
2006,Sachsen-Anhalt,Bayern,270,176,446,2345,2224,4569
2006,Sachsen-Anhalt,Saarland,15,14,29,90,91,181
2006,Sachsen-Anhalt,Berlin,232,176,408,1451,1647,3098
2006,Sachsen-Anhalt,Brandenburg,66,41,107,1080,1186,2266
2006,Sachsen-Anhalt,Mecklenburg-Vorpommern,23,16,39,555,627,1182
2006,Sachsen-Anhalt,Sachsen,241,144,385,2995,3060,6055
2006,Sachsen-Anhalt,Sachsen-Anhalt,0,0,0,0,0,0
2006,Sachsen-Anhalt,Thuringen,85,52,137,1311,1435,2746
2006,Sachsen-Anhalt,Insgesamt,2244,1490,3734,20830,21396,42226
2006,Thuringen,Schleswig-Holstein,18,14,32,311,319,630
2006,Thuringen,Hamburg,45,31,76,326,301,627
2006,Thuringen,Niedersachsen,100,82,182,1353,1463,2816
2006,Thuringen,Bremen,20,11,31,100,82,182
2006,Thuringen,Nordrhein-Westfalen,319,189,508,1795,1847,3642
2006,Thuringen,Hessen,200,152,352,2263,2513,4776
2006,Thuringen,Rheinland-Pfalz,56,49,105,596,658,1254
2006,Thuringen,Baden-Wurttemberg,192,143,335,2167,2039,4206
2006,Thuringen,Bayern,230,173,403,4026,4102,8128
2006,Thuringen,Saarland,15,8,23,97,86,183
2006,Thuringen,Berlin,82,79,161,872,925,1797
2006,Thuringen,Brandenburg,38,20,58,483,518,1001
2006,Thuringen,Mecklenburg-Vorpommern,10,5,15,302,335,637
2006,Thuringen,Sachsen,128,109,237,2785,2951,5736
2006,Thuringen,Sachsen-Anhalt,64,36,100,1113,1142,2255
2006,Thuringen,Thuringen,0,0,0,0,0,0
2006,Thuringen,Insgesamt,1517,1101,2618,18589,19281,37870
2006,Insgesamt,Schleswig-Holstein,2795,2233,5028,29110,29514,58624
2006,Insgesamt,Hamburg,3657,3122,6779,29674,29557,59231
2006,Insgesamt,Niedersachsen,5644,4406,10050,55294,55995,111289
2006,Insgesamt,Bremen,1410,1070,2480,11360,10628,21988
2006,Insgesamt,Nordrhein-Westfalen,12070,9135,21205,68053,67640,135693
2006,Insgesamt,Hessen,7880,6324,14204,44052,44310,88362
2006,Insgesamt,Rheinland-Pfalz,4900,3910,8810,32982,33658,66640
2006,Insgesamt,Baden-Wurttemberg,9802,7679,17481,60239,58260,118499
2006,Insgesamt,Bayern,9542,7417,16959,68466,65769,134235
2006,Insgesamt,Saarland,776,647,1423,5085,5039,10124
2006,Insgesamt,Berlin,5182,4634,9816,38723,38907,77630
2006,Insgesamt,Brandenburg,1468,1189,2657,26258,26141,52399
2006,Insgesamt,Mecklenburg-Vorpommern,835,481,1316,11896,11633,23529
2006,Insgesamt,Sachsen,1890,1387,3277,23142,22229,45371
2006,Insgesamt,Sachsen-Anhalt,1172,675,1847,12994,12438,25432
2006,Insgesamt,Thuringen,937,610,1547,12239,11851,24090
2006,Insgesamt,Insgesamt,69960,54919,124879,529567,523569,1053136
2007,Schleswig-Holstein,Schleswig-Holstein,0,0,0,0,0,0
2007,Schleswig-Holstein,Hamburg,957,907,1864,8900,8976,17876
2007,Schleswig-Holstein,Niedersachsen,290,226,516,3996,4000,7996
2007,Schleswig-Holstein,Bremen,32,30,62,434,461,895
2007,Schleswig-Holstein,Nordrhein-Westfalen,356,250,606,2720,2773,5493
2007,Schleswig-Holstein,Hessen,143,106,249,989,1054,2043
2007,Schleswig-Holstein,Rheinland-Pfalz,39,41,80,507,499,1006
2007,Schleswig-Holstein,Baden-Wurttemberg,123,129,252,1374,1360,2734
2007,Schleswig-Holstein,Bayern,248,163,411,1663,1441,3104
2007,Schleswig-Holstein,Saarland,11,7,18,85,69,154
2007,Schleswig-Holstein,Berlin,124,98,222,1276,1192,2468
2007,Schleswig-Holstein,Brandenburg,14,15,29,546,527,1073
2007,Schleswig-Holstein,Mecklenburg-Vorpommern,59,36,95,1938,1907,3845
2007,Schleswig-Holstein,Sachsen,29,24,53,451,419,870
2007,Schleswig-Holstein,Sachsen-Anhalt,24,18,42,334,322,656
2007,Schleswig-Holstein,Thuringen,10,8,18,192,189,381
2007,Schleswig-Holstein,Insgesamt,2459,2058,4517,25405,25189,50594
2007,Hamburg,Schleswig-Holstein,1051,912,1963,10206,10474,20680
2007,Hamburg,Hamburg,0,0,0,0,0,0
2007,Hamburg,Niedersachsen,522,412,934,5481,5613,11094
2007,Hamburg,Bremen,76,67,143,395,410,805
2007,Hamburg,Nordrhein-Westfalen,406,300,706,2151,2113,4264
2007,Hamburg,Hessen,205,116,321,985,886,1871
2007,Hamburg,Rheinland-Pfalz,61,38,99,308,292,600
2007,Hamburg,Baden-Wurttemberg,130,154,284,1035,1047,2082
2007,Hamburg,Bayern,271,199,470,1457,1307,2764
2007,Hamburg,Saarland,7,5,12,46,44,90
2007,Hamburg,Berlin,207,193,400,1446,1424,2870
2007,Hamburg,Brandenburg,17,15,32,331,337,668
2007,Hamburg,Mecklenburg-Vorpommern,67,48,115,1095,987,2082
2007,Hamburg,Sachsen,36,24,60,290,272,562
2007,Hamburg,Sachsen-Anhalt,40,19,59,223,166,389
2007,Hamburg,Thuringen,14,10,24,131,133,264
2007,Hamburg,Insgesamt,3110,2512,5622,25580,25505,51085
2007,Niedersachsen,Schleswig-Holstein,344,276,620,4580,4845,9425
2007,Niedersachsen,Hamburg,647,560,1207,6342,6384,12726
2007,Niedersachsen,Niedersachsen,0,0,0,0,0,0
2007,Niedersachsen,Bremen,577,512,1089,6209,6342,12551
2007,Niedersachsen,Nordrhein-Westfalen,2165,1813,3978,15127,15897,31024
2007,Niedersachsen,Hessen,604,521,1125,4316,4391,8707
2007,Niedersachsen,Rheinland-Pfalz,208,180,388,1547,1614,3161
2007,Niedersachsen,Baden-Wurttemberg,703,608,1311,4551,4487,9038
2007,Niedersachsen,Bayern,770,670,1440,5042,4806,9848
2007,Niedersachsen,Saarland,56,54,110,282,329,611
2007,Niedersachsen,Berlin,492,482,974,3295,3342,6637
2007,Niedersachsen,Brandenburg,86,45,131,1311,1283,2594
2007,Niedersachsen,Mecklenburg-Vorpommern,55,49,104,1451,1428,2879
2007,Niedersachsen,Sachsen,112,107,219,1475,1410,2885
2007,Niedersachsen,Sachsen-Anhalt,142,108,250,2752,2739,5491
2007,Niedersachsen,Thuringen,65,58,123,997,1016,2013
2007,Niedersachsen,Insgesamt,7026,6043,13069,59277,60313,119590
2007,Bremen,Schleswig-Holstein,61,54,115,423,416,839
2007,Bremen,Hamburg,142,118,260,695,716,1411
2007,Bremen,Niedersachsen,520,466,986,6267,6303,12570
2007,Bremen,Bremen,0,0,0,0,0,0
2007,Bremen,Nordrhein-Westfalen,226,177,403,1020,1024,2044
2007,Bremen,Hessen,53,38,91,338,294,632
2007,Bremen,Rheinland-Pfalz,21,16,37,164,122,286
2007,Bremen,Baden-Wurttemberg,96,104,200,483,449,932
2007,Bremen,Bayern,111,103,214,493,432,925
2007,Bremen,Saarland,4,1,5,22,26,48
2007,Bremen,Berlin,41,55,96,395,439,834
2007,Bremen,Brandenburg,5,5,10,70,84,154
2007,Bremen,Mecklenburg-Vorpommern,27,9,36,175,129,304
2007,Bremen,Sachsen,19,20,39,98,120,218
2007,Bremen,Sachsen-Anhalt,13,4,17,80,79,159
2007,Bremen,Thuringen,9,7,16,63,63,126
2007,Bremen,Insgesamt,1348,1177,2525,10786,10696,21482
2007,Nordrhein-Westfalen,Schleswig-Holstein,288,199,487,3337,3494,6831
2007,Nordrhein-Westfalen,Hamburg,497,403,900,3405,3438,6843
2007,Nordrhein-Westfalen,Niedersachsen,1590,1298,2888,14746,15371,30117
2007,Nordrhein-Westfalen,Bremen,175,162,337,1064,1077,2141
2007,Nordrhein-Westfalen,Nordrhein-Westfalen,0,0,0,0,0,0
2007,Nordrhein-Westfalen,Hessen,1699,1392,3091,9154,9012,18166
2007,Nordrhein-Westfalen,Rheinland-Pfalz,1083,812,1895,8091,8309,16400
2007,Nordrhein-Westfalen,Baden-Wurttemberg,1857,1484,3341,9954,9464,19418
2007,Nordrhein-Westfalen,Bayern,1982,1327,3309,11102,9912,21014
2007,Nordrhein-Westfalen,Saarland,124,99,223,757,678,1435
2007,Nordrhein-Westfalen,Berlin,788,700,1488,5357,5184,10541
2007,Nordrhein-Westfalen,Brandenburg,165,84,249,1666,1562,3228
2007,Nordrhein-Westfalen,Mecklenburg-Vorpommern,89,55,144,1075,975,2050
2007,Nordrhein-Westfalen,Sachsen,263,202,465,2215,2080,4295
2007,Nordrhein-Westfalen,Sachsen-Anhalt,157,83,240,1355,1250,2605
2007,Nordrhein-Westfalen,Thuringen,121,80,201,1079,1044,2123
2007,Nordrhein-Westfalen,Insgesamt,10878,8380,19258,74357,72850,147207
2007,Hessen,Schleswig-Holstein,99,79,178,1116,1265,2381
2007,Hessen,Hamburg,195,143,338,1239,1243,2482
2007,Hessen,Niedersachsen,359,341,700,3630,3884,7514
2007,Hessen,Bremen,37,45,82,314,308,622
2007,Hessen,Nordrhein-Westfalen,1565,1275,2840,8271,8428,16699
2007,Hessen,Hessen,0,0,0,0,0,0
2007,Hessen,Rheinland-Pfalz,1097,1024,2121,6904,7145,14049
2007,Hessen,Baden-Wurttemberg,1546,1178,2724,7811,7565,15376
2007,Hessen,Bayern,1321,1062,2383,7896,7773,15669
2007,Hessen,Saarland,79,71,150,422,435,857
2007,Hessen,Berlin,355,331,686,2257,2189,4446
2007,Hessen,Brandenburg,37,35,72,559,550,1109
2007,Hessen,Mecklenburg-Vorpommern,29,15,44,397,368,765
2007,Hessen,Sachsen,139,93,232,1227,1211,2438
2007,Hessen,Sachsen-Anhalt,45,44,89,600,580,1180
2007,Hessen,Thuringen,92,67,159,1452,1517,2969
2007,Hessen,Insgesamt,6995,5803,12798,44095,44461,88556
2007,Rheinland-Pfalz,Schleswig-Holstein,64,45,109,557,553,1110
2007,Rheinland-Pfalz,Hamburg,79,47,126,502,477,979
2007,Rheinland-Pfalz,Niedersachsen,148,122,270,1397,1416,2813
2007,Rheinland-Pfalz,Bremen,22,24,46,155,132,287
2007,Rheinland-Pfalz,Nordrhein-Westfalen,1212,971,2183,8220,8380,16600
2007,Rheinland-Pfalz,Hessen,1295,1059,2354,6926,6888,13814
2007,Rheinland-Pfalz,Rheinland-Pfalz,0,0,0,0,0,0
2007,Rheinland-Pfalz,Baden-Wurttemberg,1200,1044,2244,6993,6736,13729
2007,Rheinland-Pfalz,Bayern,485,355,840,3203,2931,6134
2007,Rheinland-Pfalz,Saarland,200,202,402,1819,2015,3834
2007,Rheinland-Pfalz,Berlin,110,131,241,980,970,1950
2007,Rheinland-Pfalz,Brandenburg,24,11,35,337,318,655
2007,Rheinland-Pfalz,Mecklenburg-Vorpommern,8,15,23,228,225,453
2007,Rheinland-Pfalz,Sachsen,39,28,67,559,600,1159
2007,Rheinland-Pfalz,Sachsen-Anhalt,34,14,48,298,247,545
2007,Rheinland-Pfalz,Thuringen,21,13,34,340,340,680
2007,Rheinland-Pfalz,Insgesamt,4941,4081,9022,32514,32228,64742
2007,Baden-Wurttemberg,Schleswig-Holstein,167,152,319,1292,1375,2667
2007,Baden-Wurttemberg,Hamburg,202,189,391,1534,1590,3124
2007,Baden-Wurttemberg,Niedersachsen,480,394,874,3362,3400,6762
2007,Baden-Wurttemberg,Bremen,67,58,125,398,335,733
2007,Baden-Wurttemberg,Nordrhein-Westfalen,1783,1466,3249,8253,8129,16382
2007,Baden-Wurttemberg,Hessen,1519,1306,2825,7637,7623,15260
2007,Baden-Wurttemberg,Rheinland-Pfalz,1295,1128,2423,6617,6471,13088
2007,Baden-Wurttemberg,Baden-Wurttemberg,0,0,0,0,0,0
2007,Baden-Wurttemberg,Bayern,2695,2083,4778,18244,17995,36239
2007,Baden-Wurttemberg,Saarland,103,104,207,711,714,1425
2007,Baden-Wurttemberg,Berlin,512,454,966,3302,3139,6441
2007,Baden-Wurttemberg,Brandenburg,55,51,106,1088,991,2079
2007,Baden-Wurttemberg,Mecklenburg-Vorpommern,28,31,59,570,568,1138
2007,Baden-Wurttemberg,Sachsen,188,123,311,2435,2216,4651
2007,Baden-Wurttemberg,Sachsen-Anhalt,107,64,171,959,818,1777
2007,Baden-Wurttemberg,Thuringen,76,53,129,1132,1002,2134
2007,Baden-Wurttemberg,Insgesamt,9277,7656,16933,57534,56366,113900
2007,Bayern,Schleswig-Holstein,345,252,597,1517,1506,3023
2007,Bayern,Hamburg,248,186,434,1521,1450,2971
2007,Bayern,Niedersachsen,532,388,920,3569,3272,6841
2007,Bayern,Bremen,68,51,119,408,338,746
2007,Bayern,Nordrhein-Westfalen,1947,1378,3325,8142,7423,15565
2007,Bayern,Hessen,1247,1052,2299,6577,6432,13009
2007,Bayern,Rheinland-Pfalz,384,308,692,2391,2375,4766
2007,Bayern,Baden-Wurttemberg,2485,1988,4473,15653,15261,30914
2007,Bayern,Bayern,0,0,0,0,0,0
2007,Bayern,Saarland,69,48,117,438,394,832
2007,Bayern,Berlin,590,538,1128,3829,3562,7391
2007,Bayern,Brandenburg,78,41,119,1224,1024,2248
2007,Bayern,Mecklenburg-Vorpommern,47,30,77,605,541,1146
2007,Bayern,Sachsen,239,181,420,3687,3286,6973
2007,Bayern,Sachsen-Anhalt,97,60,157,1151,1047,2198
2007,Bayern,Thuringen,129,99,228,2255,2174,4429
2007,Bayern,Insgesamt,8505,6600,15105,52967,50085,103052
2007,Saarland,Schleswig-Holstein,9,6,15,98,85,183
2007,Saarland,Hamburg,21,16,37,87,98,185
2007,Saarland,Niedersachsen,24,32,56,195,245,440
2007,Saarland,Bremen,13,9,22,36,35,71
2007,Saarland,Nordrhein-Westfalen,183,153,336,892,912,1804
2007,Saarland,Hessen,110,110,220,566,579,1145
2007,Saarland,Rheinland-Pfalz,183,190,373,1947,2046,3993
2007,Saarland,Baden-Wurttemberg,254,186,440,1059,992,2051
2007,Saarland,Bayern,115,90,205,663,592,1255
2007,Saarland,Saarland,0,0,0,0,0,0
2007,Saarland,Berlin,35,50,85,217,213,430
2007,Saarland,Brandenburg,2,2,4,70,50,120
2007,Saarland,Mecklenburg-Vorpommern,8,2,10,47,40,87
2007,Saarland,Sachsen,65,51,116,146,138,284
2007,Saarland,Sachsen-Anhalt,4,5,9,45,29,74
2007,Saarland,Thuringen,5,5,10,59,64,123
2007,Saarland,Insgesamt,1031,907,1938,6127,6118,12245
2007,Berlin,Schleswig-Holstein,111,75,186,1248,1196,2444
2007,Berlin,Hamburg,195,178,373,1464,1440,2904
2007,Berlin,Niedersachsen,312,225,537,2585,2544,5129
2007,Berlin,Bremen,45,35,80,330,347,677
2007,Berlin,Nordrhein-Westfalen,750,591,1341,4126,4111,8237
2007,Berlin,Hessen,298,286,584,1907,1834,3741
2007,Berlin,Rheinland-Pfalz,119,81,200,781,714,1495
2007,Berlin,Baden-Wurttemberg,511,431,942,3128,2816,5944
2007,Berlin,Bayern,579,515,1094,3709,3415,7124
2007,Berlin,Saarland,33,26,59,153,135,288
2007,Berlin,Berlin,0,0,0,0,0,0
2007,Berlin,Brandenburg,742,641,1383,14129,14453,28582
2007,Berlin,Mecklenburg-Vorpommern,162,76,238,1500,1323,2823
2007,Berlin,Sachsen,183,164,347,1471,1443,2914
2007,Berlin,Sachsen-Anhalt,143,102,245,919,858,1777
2007,Berlin,Thuringen,66,66,132,546,524,1070
2007,Berlin,Insgesamt,4249,3492,7741,37996,37153,75149
2007,Brandenburg,Schleswig-Holstein,31,17,48,820,848,1668
2007,Brandenburg,Hamburg,53,45,98,784,755,1539
2007,Brandenburg,Niedersachsen,101,71,172,1761,1711,3472
2007,Brandenburg,Bremen,15,13,28,139,167,306
2007,Brandenburg,Nordrhein-Westfalen,224,140,364,1991,1976,3967
2007,Brandenburg,Hessen,65,46,111,854,927,1781
2007,Brandenburg,Rheinland-Pfalz,42,35,77,450,420,870
2007,Brandenburg,Baden-Wurttemberg,136,132,268,1978,1748,3726
2007,Brandenburg,Bayern,152,121,273,2050,1879,3929
2007,Brandenburg,Saarland,9,6,15,76,70,146
2007,Brandenburg,Berlin,1169,1009,2178,11759,12314,24073
2007,Brandenburg,Brandenburg,0,0,0,0,0,0
2007,Brandenburg,Mecklenburg-Vorpommern,43,29,72,1516,1693,3209
2007,Brandenburg,Sachsen,87,44,131,2256,2354,4610
2007,Brandenburg,Sachsen-Anhalt,51,33,84,1127,1098,2225
2007,Brandenburg,Thuringen,29,19,48,468,510,978
2007,Brandenburg,Insgesamt,2207,1760,3967,28029,28470,56499
2007,Mecklenburg-Vorpommern,Schleswig-Holstein,120,74,194,2978,2908,5886
2007,Mecklenburg-Vorpommern,Hamburg,240,234,474,2652,2729,5381
2007,Mecklenburg-Vorpommern,Niedersachsen,170,106,276,2239,2083,4322
2007,Mecklenburg-Vorpommern,Bremen,21,27,48,264,269,533
2007,Mecklenburg-Vorpommern,Nordrhein-Westfalen,178,130,308,1391,1446,2837
2007,Mecklenburg-Vorpommern,Hessen,60,38,98,506,546,1052
2007,Mecklenburg-Vorpommern,Rheinland-Pfalz,38,22,60,304,259,563
2007,Mecklenburg-Vorpommern,Baden-Wurttemberg,118,71,189,1025,836,1861
2007,Mecklenburg-Vorpommern,Bayern,100,61,161,986,836,1822
2007,Mecklenburg-Vorpommern,Saarland,5,5,10,30,35,65
2007,Mecklenburg-Vorpommern,Berlin,217,160,377,2139,2199,4338
2007,Mecklenburg-Vorpommern,Brandenburg,70,43,113,1332,1454,2786
2007,Mecklenburg-Vorpommern,Mecklenburg-Vorpommern,0,0,0,0,0,0
2007,Mecklenburg-Vorpommern,Sachsen,44,28,72,709,792,1501
2007,Mecklenburg-Vorpommern,Sachsen-Anhalt,42,18,60,501,504,1005
2007,Mecklenburg-Vorpommern,Thuringen,16,8,24,282,277,559
2007,Mecklenburg-Vorpommern,Insgesamt,1439,1025,2464,17338,17173,34511
2007,Sachsen,Schleswig-Holstein,68,38,106,618,628,1246
2007,Sachsen,Hamburg,109,68,177,704,663,1367
2007,Sachsen,Niedersachsen,174,153,327,1657,1709,3366
2007,Sachsen,Bremen,36,23,59,155,168,323
2007,Sachsen,Nordrhein-Westfalen,513,331,844,2870,2805,5675
2007,Sachsen,Hessen,281,189,470,1865,1875,3740
2007,Sachsen,Rheinland-Pfalz,116,90,206,806,810,1616
2007,Sachsen,Baden-Wurttemberg,444,324,768,4128,3788,7916
2007,Sachsen,Bayern,522,380,902,6234,6033,12267
2007,Sachsen,Saarland,23,12,35,133,125,258
2007,Sachsen,Berlin,398,297,695,2310,2461,4771
2007,Sachsen,Brandenburg,119,56,175,1824,1960,3784
2007,Sachsen,Mecklenburg-Vorpommern,59,41,100,749,831,1580
2007,Sachsen,Sachsen,0,0,0,0,0,0
2007,Sachsen,Sachsen-Anhalt,168,120,288,2030,2162,4192
2007,Sachsen,Thuringen,141,82,223,2092,2125,4217
2007,Sachsen,Insgesamt,3171,2204,5375,28175,28143,56318
2007,Sachsen-Anhalt,Schleswig-Holstein,58,26,84,551,558,1109
2007,Sachsen-Anhalt,Hamburg,119,77,196,820,799,1619
2007,Sachsen-Anhalt,Niedersachsen,235,198,433,4016,4374,8390
2007,Sachsen-Anhalt,Bremen,17,19,36,159,167,326
2007,Sachsen-Anhalt,Nordrhein-Westfalen,450,259,709,2358,2277,4635
2007,Sachsen-Anhalt,Hessen,140,115,255,1130,1115,2245
2007,Sachsen-Anhalt,Rheinland-Pfalz,84,45,129,540,490,1030
2007,Sachsen-Anhalt,Baden-Wurttemberg,211,164,375,1991,1807,3798
2007,Sachsen-Anhalt,Bayern,283,150,433,2367,2118,4485
2007,Sachsen-Anhalt,Saarland,10,12,22,80,81,161
2007,Sachsen-Anhalt,Berlin,241,176,417,1569,1761,3330
2007,Sachsen-Anhalt,Brandenburg,61,33,94,1124,1301,2425
2007,Sachsen-Anhalt,Mecklenburg-Vorpommern,27,11,38,606,694,1300
2007,Sachsen-Anhalt,Sachsen,215,151,366,3059,3199,6258
2007,Sachsen-Anhalt,Sachsen-Anhalt,0,0,0,0,0,0
2007,Sachsen-Anhalt,Thuringen,63,28,91,1374,1503,2877
2007,Sachsen-Anhalt,Insgesamt,2214,1464,3678,21744,22244,43988
2007,Thuringen,Schleswig-Holstein,20,17,37,324,318,642
2007,Thuringen,Hamburg,47,44,91,517,489,1006
2007,Thuringen,Niedersachsen,129,98,227,1465,1477,2942
2007,Thuringen,Bremen,12,7,19,78,96,174
2007,Thuringen,Nordrhein-Westfalen,291,187,478,1832,1721,3553
2007,Thuringen,Hessen,218,169,387,2332,2534,4866
2007,Thuringen,Rheinland-Pfalz,68,34,102,538,562,1100
2007,Thuringen,Baden-Wurttemberg,158,120,278,2302,2118,4420
2007,Thuringen,Bayern,265,208,473,4023,3927,7950
2007,Thuringen,Saarland,13,6,19,98,84,182
2007,Thuringen,Berlin,83,87,170,957,1048,2005
2007,Thuringen,Brandenburg,29,10,39,447,526,973
2007,Thuringen,Mecklenburg-Vorpommern,15,10,25,328,364,692
2007,Thuringen,Sachsen,95,73,168,2645,2868,5513
2007,Thuringen,Sachsen-Anhalt,48,26,74,1083,1174,2257
2007,Thuringen,Thuringen,0,0,0,0,0,0
2007,Thuringen,Insgesamt,1491,1096,2587,18969,19306,38275
2007,Insgesamt,Schleswig-Holstein,2836,2222,5058,29665,30469,60134
2007,Insgesamt,Hamburg,3751,3215,6966,31166,31247,62413
2007,Insgesamt,Niedersachsen,5586,4530,10116,56366,57402,113768
2007,Insgesamt,Bremen,1213,1082,2295,10538,10652,21190
2007,Insgesamt,Nordrhein-Westfalen,12249,9421,21670,69364,69415,138779
2007,Insgesamt,Hessen,7937,6543,14480,46082,45990,92072
2007,Insgesamt,Rheinland-Pfalz,4838,4044,8882,31895,32128,64023
2007,Insgesamt,Baden-Wurttemberg,9972,8117,18089,63465,60474,123939
2007,Insgesamt,Bayern,9899,7487,17386,69132,65397,134529
2007,Insgesamt,Saarland,746,658,1404,5152,5234,10386
2007,Insgesamt,Berlin,5362,4761,10123,41088,41437,82525
2007,Insgesamt,Brandenburg,1504,1087,2591,26058,26420,52478
2007,Insgesamt,Mecklenburg-Vorpommern,723,457,1180,12280,12073,24353
2007,Insgesamt,Sachsen,1753,1313,3066,22723,22408,45131
2007,Insgesamt,Sachsen-Anhalt,1115,718,1833,13457,13073,26530
2007,Insgesamt,Thuringen,857,603,1460,12462,12481,24943
2007,Insgesamt,Insgesamt,70341,56258,126599,540893,536300,1077193
2008,Schleswig-Holstein,Schleswig-Holstein,0,0,0,0,0,0
2008,Schleswig-Holstein,Hamburg,949,892,1841,9272,9534,18806
2008,Schleswig-Holstein,Niedersachsen,257,246,503,4118,4232,8350
2008,Schleswig-Holstein,Bremen,61,41,102,508,469,977
2008,Schleswig-Holstein,Nordrhein-Westfalen,290,278,568,2788,2918,5706
2008,Schleswig-Holstein,Hessen,135,112,247,999,1027,2026
2008,Schleswig-Holstein,Rheinland-Pfalz,58,38,96,445,438,883
2008,Schleswig-Holstein,Baden-Wurttemberg,164,155,319,1353,1411,2764
2008,Schleswig-Holstein,Bayern,211,139,350,1624,1497,3121
2008,Schleswig-Holstein,Saarland,6,9,15,77,86,163
2008,Schleswig-Holstein,Berlin,89,99,188,1313,1377,2690
2008,Schleswig-Holstein,Brandenburg,7,17,24,543,544,1087
2008,Schleswig-Holstein,Mecklenburg-Vorpommern,66,57,123,2039,1933,3972
2008,Schleswig-Holstein,Sachsen,23,24,47,437,394,831
2008,Schleswig-Holstein,Sachsen-Anhalt,30,15,45,373,328,701
2008,Schleswig-Holstein,Thuringen,16,8,24,200,201,401
2008,Schleswig-Holstein,Insgesamt,2362,2130,4492,26089,26389,52478
2008,Hamburg,Schleswig-Holstein,1027,846,1873,10516,10781,21297
2008,Hamburg,Hamburg,0,0,0,0,0,0
2008,Hamburg,Niedersachsen,591,500,1091,5815,5855,11670
2008,Hamburg,Bremen,94,84,178,493,491,984
2008,Hamburg,Nordrhein-Westfalen,372,278,650,2229,2142,4371
2008,Hamburg,Hessen,218,147,365,981,901,1882
2008,Hamburg,Rheinland-Pfalz,34,30,64,296,269,565
2008,Hamburg,Baden-Wurttemberg,158,162,320,1164,1128,2292
2008,Hamburg,Bayern,235,198,433,1403,1319,2722
2008,Hamburg,Saarland,6,10,16,45,64,109
2008,Hamburg,Berlin,206,185,391,1647,1565,3212
2008,Hamburg,Brandenburg,17,10,27,325,304,629
2008,Hamburg,Mecklenburg-Vorpommern,51,35,86,1028,1039,2067
2008,Hamburg,Sachsen,34,23,57,308,290,598
2008,Hamburg,Sachsen-Anhalt,14,8,22,239,219,458
2008,Hamburg,Thuringen,12,4,16,167,125,292
2008,Hamburg,Insgesamt,3069,2520,5589,26656,26492,53148
2008,Niedersachsen,Schleswig-Holstein,302,263,565,4528,4695,9223
2008,Niedersachsen,Hamburg,664,622,1286,6679,6959,13638
2008,Niedersachsen,Niedersachsen,0,0,0,0,0,0
2008,Niedersachsen,Bremen,616,599,1215,6751,6611,13362
2008,Niedersachsen,Nordrhein-Westfalen,2241,1855,4096,15401,15964,31365
2008,Niedersachsen,Hessen,643,571,1214,4394,4606,9000
2008,Niedersachsen,Rheinland-Pfalz,222,224,446,1560,1634,3194
2008,Niedersachsen,Baden-Wurttemberg,846,806,1652,4935,4881,9816
2008,Niedersachsen,Bayern,693,569,1262,4875,4632,9507
2008,Niedersachsen,Saarland,49,42,91,266,247,513
2008,Niedersachsen,Berlin,460,509,969,3397,3419,6816
2008,Niedersachsen,Brandenburg,72,66,138,1235,1234,2469
2008,Niedersachsen,Mecklenburg-Vorpommern,119,58,177,1563,1414,2977
2008,Niedersachsen,Sachsen,149,115,264,1484,1465,2949
2008,Niedersachsen,Sachsen-Anhalt,110,101,211,2628,2641,5269
2008,Niedersachsen,Thuringen,103,66,169,1076,1166,2242
2008,Niedersachsen,Insgesamt,7289,6466,13755,60772,61568,122340
2008,Bremen,Schleswig-Holstein,40,45,85,407,414,821
2008,Bremen,Hamburg,124,89,213,721,762,1483
2008,Bremen,Niedersachsen,535,489,1024,6215,6599,12814
2008,Bremen,Bremen,0,0,0,0,0,0
2008,Bremen,Nordrhein-Westfalen,215,213,428,1072,1103,2175
2008,Bremen,Hessen,74,67,141,429,369,798
2008,Bremen,Rheinland-Pfalz,17,21,38,145,125,270
2008,Bremen,Baden-Wurttemberg,122,92,214,527,461,988
2008,Bremen,Bayern,121,79,200,530,481,1011
2008,Bremen,Saarland,8,18,26,32,40,72
2008,Bremen,Berlin,65,78,143,430,481,911
2008,Bremen,Brandenburg,5,3,8,95,100,195
2008,Bremen,Mecklenburg-Vorpommern,12,8,20,148,132,280
2008,Bremen,Sachsen,11,10,21,118,129,247
2008,Bremen,Sachsen-Anhalt,14,8,22,87,88,175
2008,Bremen,Thuringen,4,7,11,66,68,134
2008,Bremen,Insgesamt,1367,1227,2594,11022,11352,22374
2008,Nordrhein-Westfalen,Schleswig-Holstein,304,215,519,3478,3664,7142
2008,Nordrhein-Westfalen,Hamburg,499,424,923,3446,3698,7144
2008,Nordrhein-Westfalen,Niedersachsen,1813,1470,3283,15364,15965,31329
2008,Nordrhein-Westfalen,Bremen,176,139,315,1180,1160,2340
2008,Nordrhein-Westfalen,Nordrhein-Westfalen,0,0,0,0,0,0
2008,Nordrhein-Westfalen,Hessen,1834,1516,3350,9495,9718,19213
2008,Nordrhein-Westfalen,Rheinland-Pfalz,1090,830,1920,8255,8213,16468
2008,Nordrhein-Westfalen,Baden-Wurttemberg,2011,1685,3696,10511,10197,20708
2008,Nordrhein-Westfalen,Bayern,1942,1509,3451,10949,10180,21129
2008,Nordrhein-Westfalen,Saarland,158,124,282,815,786,1601
2008,Nordrhein-Westfalen,Berlin,828,747,1575,5634,5705,11339
2008,Nordrhein-Westfalen,Brandenburg,95,89,184,1559,1490,3049
2008,Nordrhein-Westfalen,Mecklenburg-Vorpommern,129,71,200,1159,1108,2267
2008,Nordrhein-Westfalen,Sachsen,231,149,380,2179,2059,4238
2008,Nordrhein-Westfalen,Sachsen-Anhalt,207,81,288,1425,1240,2665
2008,Nordrhein-Westfalen,Thuringen,121,99,220,1184,1210,2394
2008,Nordrhein-Westfalen,Insgesamt,11438,9148,20586,76633,76393,153026
2008,Hessen,Schleswig-Holstein,140,88,228,1187,1237,2424
2008,Hessen,Hamburg,168,162,330,1231,1286,2517
2008,Hessen,Niedersachsen,427,343,770,3923,4065,7988
2008,Hessen,Bremen,63,36,99,371,327,698
2008,Hessen,Nordrhein-Westfalen,1610,1313,2923,8553,8787,17340
2008,Hessen,Hessen,0,0,0,0,0,0
2008,Hessen,Rheinland-Pfalz,1119,978,2097,6798,7105,13903
2008,Hessen,Baden-Wurttemberg,1428,1220,2648,8173,7943,16116
2008,Hessen,Bayern,1289,1085,2374,7807,7734,15541
2008,Hessen,Saarland,93,76,169,480,450,930
2008,Hessen,Berlin,308,325,633,2240,2339,4579
2008,Hessen,Brandenburg,49,29,78,663,589,1252
2008,Hessen,Mecklenburg-Vorpommern,29,19,48,391,353,744
2008,Hessen,Sachsen,87,94,181,1270,1250,2520
2008,Hessen,Sachsen-Anhalt,59,39,98,616,573,1189
2008,Hessen,Thuringen,126,67,193,1555,1611,3166
2008,Hessen,Insgesamt,6995,5874,12869,45258,45649,90907
2008,Rheinland-Pfalz,Schleswig-Holstein,53,53,106,548,568,1116
2008,Rheinland-Pfalz,Hamburg,58,62,120,471,482,953
2008,Rheinland-Pfalz,Niedersachsen,180,153,333,1457,1488,2945
2008,Rheinland-Pfalz,Bremen,19,21,40,146,155,301
2008,Rheinland-Pfalz,Nordrhein-Westfalen,1179,998,2177,8507,8894,17401
2008,Rheinland-Pfalz,Hessen,1196,1110,2306,7258,7623,14881
2008,Rheinland-Pfalz,Rheinland-Pfalz,0,0,0,0,0,0
2008,Rheinland-Pfalz,Baden-Wurttemberg,1209,1045,2254,7245,7172,14417
2008,Rheinland-Pfalz,Bayern,512,388,900,3125,3069,6194
2008,Rheinland-Pfalz,Saarland,198,186,384,2185,2297,4482
2008,Rheinland-Pfalz,Berlin,121,128,249,1064,1046,2110
2008,Rheinland-Pfalz,Brandenburg,18,16,34,366,314,680
2008,Rheinland-Pfalz,Mecklenburg-Vorpommern,15,10,25,204,193,397
2008,Rheinland-Pfalz,Sachsen,52,38,90,595,562,1157
2008,Rheinland-Pfalz,Sachsen-Anhalt,20,12,32,283,254,537
2008,Rheinland-Pfalz,Thuringen,34,23,57,347,355,702
2008,Rheinland-Pfalz,Insgesamt,4864,4243,9107,33801,34472,68273
2008,Baden-Wurttemberg,Schleswig-Holstein,163,135,298,1321,1374,2695
2008,Baden-Wurttemberg,Hamburg,229,190,419,1577,1583,3160
2008,Baden-Wurttemberg,Niedersachsen,551,440,991,3615,3442,7057
2008,Baden-Wurttemberg,Bremen,87,47,134,429,324,753
2008,Baden-Wurttemberg,Nordrhein-Westfalen,1673,1493,3166,8214,8069,16283
2008,Baden-Wurttemberg,Hessen,1563,1378,2941,7872,7837,15709
2008,Baden-Wurttemberg,Rheinland-Pfalz,1193,1048,2241,6592,6755,13347
2008,Baden-Wurttemberg,Baden-Wurttemberg,0,0,0,0,0,0
2008,Baden-Wurttemberg,Bayern,2796,2228,5024,18013,17620,35633
2008,Baden-Wurttemberg,Saarland,116,121,237,772,778,1550
2008,Baden-Wurttemberg,Berlin,563,450,1013,3606,3528,7134
2008,Baden-Wurttemberg,Brandenburg,56,38,94,1046,1007,2053
2008,Baden-Wurttemberg,Mecklenburg-Vorpommern,57,40,97,673,570,1243
2008,Baden-Wurttemberg,Sachsen,180,149,329,2448,2263,4711
2008,Baden-Wurttemberg,Sachsen-Anhalt,119,76,195,1067,871,1938
2008,Baden-Wurttemberg,Thuringen,93,57,150,1193,1159,2352
2008,Baden-Wurttemberg,Insgesamt,9439,7890,17329,58438,57180,115618
2008,Bayern,Schleswig-Holstein,255,179,434,1542,1506,3048
2008,Bayern,Hamburg,263,213,476,1554,1593,3147
2008,Bayern,Niedersachsen,590,394,984,3596,3424,7020
2008,Bayern,Bremen,80,50,130,376,324,700
2008,Bayern,Nordrhein-Westfalen,1981,1448,3429,8560,7928,16488
2008,Bayern,Hessen,1314,1093,2407,6982,6589,13571
2008,Bayern,Rheinland-Pfalz,414,303,717,2512,2350,4862
2008,Bayern,Baden-Wurttemberg,2640,2073,4713,16442,15807,32249
2008,Bayern,Bayern,0,0,0,0,0,0
2008,Bayern,Saarland,75,64,139,425,422,847
2008,Bayern,Berlin,567,540,1107,3870,3898,7768
2008,Bayern,Brandenburg,68,67,135,1220,1096,2316
2008,Bayern,Mecklenburg-Vorpommern,32,25,57,599,550,1149
2008,Bayern,Sachsen,264,178,442,3770,3583,7353
2008,Bayern,Sachsen-Anhalt,139,60,199,1245,1007,2252
2008,Bayern,Thuringen,138,90,228,2322,2197,4519
2008,Bayern,Insgesamt,8820,6777,15597,55015,52274,107289
2008,Saarland,Schleswig-Holstein,6,6,12,85,96,181
2008,Saarland,Hamburg,15,10,25,104,97,201
2008,Saarland,Niedersachsen,45,32,77,260,241,501
2008,Saarland,Bremen,4,13,17,34,47,81
2008,Saarland,Nordrhein-Westfalen,206,173,379,920,918,1838
2008,Saarland,Hessen,131,115,246,626,574,1200
2008,Saarland,Rheinland-Pfalz,207,177,384,2122,2222,4344
2008,Saarland,Baden-Wurttemberg,201,153,354,1111,1060,2171
2008,Saarland,Bayern,142,111,253,711,666,1377
2008,Saarland,Saarland,0,0,0,0,0,0
2008,Saarland,Berlin,43,46,89,248,234,482
2008,Saarland,Brandenburg,5,0,5,49,41,90
2008,Saarland,Mecklenburg-Vorpommern,2,3,5,44,41,85
2008,Saarland,Sachsen,60,23,83,151,107,258
2008,Saarland,Sachsen-Anhalt,35,12,47,81,59,140
2008,Saarland,Thuringen,6,6,12,76,71,147
2008,Saarland,Insgesamt,1108,880,1988,6622,6474,13096
2008,Berlin,Schleswig-Holstein,102,99,201,1210,1318,2528
2008,Berlin,Hamburg,182,150,332,1425,1484,2909
2008,Berlin,Niedersachsen,322,252,574,2562,2467,5029
2008,Berlin,Bremen,35,41,76,318,320,638
2008,Berlin,Nordrhein-Westfalen,755,593,1348,4065,4048,8113
2008,Berlin,Hessen,393,302,695,1945,1802,3747
2008,Berlin,Rheinland-Pfalz,97,77,174,680,655,1335
2008,Berlin,Baden-Wurttemberg,536,416,952,3137,2766,5903
2008,Berlin,Bayern,613,528,1141,3569,3305,6874
2008,Berlin,Saarland,50,31,81,198,180,378
2008,Berlin,Berlin,0,0,0,0,0,0
2008,Berlin,Brandenburg,693,660,1353,13681,14074,27755
2008,Berlin,Mecklenburg-Vorpommern,143,78,221,1369,1348,2717
2008,Berlin,Sachsen,209,184,393,1562,1518,3080
2008,Berlin,Sachsen-Anhalt,166,94,260,921,868,1789
2008,Berlin,Thuringen,81,44,125,578,573,1151
2008,Berlin,Insgesamt,4377,3549,7926,37220,36726,73946
2008,Brandenburg,Schleswig-Holstein,27,26,53,857,873,1730
2008,Brandenburg,Hamburg,36,33,69,672,721,1393
2008,Brandenburg,Niedersachsen,77,78,155,1578,1577,3155
2008,Brandenburg,Bremen,6,10,16,162,142,304
2008,Brandenburg,Nordrhein-Westfalen,179,138,317,1922,1853,3775
2008,Brandenburg,Hessen,59,52,111,827,810,1637
2008,Brandenburg,Rheinland-Pfalz,18,21,39,453,399,852
2008,Brandenburg,Baden-Wurttemberg,103,91,194,1730,1604,3334
2008,Brandenburg,Bayern,112,96,208,1995,1812,3807
2008,Brandenburg,Saarland,1,4,5,62,56,118
2008,Brandenburg,Berlin,1114,1011,2125,12165,12293,24458
2008,Brandenburg,Brandenburg,0,0,0,0,0,0
2008,Brandenburg,Mecklenburg-Vorpommern,41,32,73,1517,1704,3221
2008,Brandenburg,Sachsen,96,74,170,2414,2443,4857
2008,Brandenburg,Sachsen-Anhalt,68,31,99,1150,1147,2297
2008,Brandenburg,Thuringen,21,5,26,499,547,1046
2008,Brandenburg,Insgesamt,1958,1702,3660,28003,27981,55984
2008,Mecklenburg-Vorpommern,Schleswig-Holstein,108,83,191,2937,2915,5852
2008,Mecklenburg-Vorpommern,Hamburg,374,242,616,2733,2797,5530
2008,Mecklenburg-Vorpommern,Niedersachsen,185,163,348,2245,2248,4493
2008,Mecklenburg-Vorpommern,Bremen,22,12,34,286,269,555
2008,Mecklenburg-Vorpommern,Nordrhein-Westfalen,233,156,389,1441,1395,2836
2008,Mecklenburg-Vorpommern,Hessen,82,44,126,573,542,1115
2008,Mecklenburg-Vorpommern,Rheinland-Pfalz,45,26,71,283,257,540
2008,Mecklenburg-Vorpommern,Baden-Wurttemberg,96,78,174,1023,912,1935
2008,Mecklenburg-Vorpommern,Bayern,119,76,195,1056,892,1948
2008,Mecklenburg-Vorpommern,Saarland,9,1,10,43,36,79
2008,Mecklenburg-Vorpommern,Berlin,172,138,310,2206,2251,4457
2008,Mecklenburg-Vorpommern,Brandenburg,36,49,85,1315,1432,2747
2008,Mecklenburg-Vorpommern,Mecklenburg-Vorpommern,0,0,0,0,0,0
2008,Mecklenburg-Vorpommern,Sachsen,28,22,50,779,800,1579
2008,Mecklenburg-Vorpommern,Sachsen-Anhalt,35,17,52,464,452,916
2008,Mecklenburg-Vorpommern,Thuringen,14,15,29,296,313,609
2008,Mecklenburg-Vorpommern,Insgesamt,1558,1122,2680,17680,17511,35191
2008,Sachsen,Schleswig-Holstein,47,35,82,581,640,1221
2008,Sachsen,Hamburg,103,70,173,675,698,1373
2008,Sachsen,Niedersachsen,232,139,371,1744,1606,3350
2008,Sachsen,Bremen,28,16,44,194,176,370
2008,Sachsen,Nordrhein-Westfalen,615,375,990,3090,3004,6094
2008,Sachsen,Hessen,308,208,516,1863,1836,3699
2008,Sachsen,Rheinland-Pfalz,115,87,202,809,780,1589
2008,Sachsen,Baden-Wurttemberg,388,347,735,4071,3693,7764
2008,Sachsen,Bayern,597,396,993,6154,5821,11975
2008,Sachsen,Saarland,36,22,58,133,113,246
2008,Sachsen,Berlin,400,293,693,2479,2733,5212
2008,Sachsen,Brandenburg,99,78,177,1914,2103,4017
2008,Sachsen,Mecklenburg-Vorpommern,30,25,55,629,788,1417
2008,Sachsen,Sachsen,0,0,0,0,0,0
2008,Sachsen,Sachsen-Anhalt,172,109,281,2057,2244,4301
2008,Sachsen,Thuringen,174,104,278,2250,2376,4626
2008,Sachsen,Insgesamt,3344,2304,5648,28643,28611,57254
2008,Sachsen-Anhalt,Schleswig-Holstein,66,36,102,575,592,1167
2008,Sachsen-Anhalt,Hamburg,89,59,148,702,661,1363
2008,Sachsen-Anhalt,Niedersachsen,327,233,560,4123,4283,8406
2008,Sachsen-Anhalt,Bremen,17,11,28,156,150,306
2008,Sachsen-Anhalt,Nordrhein-Westfalen,438,271,709,2231,2212,4443
2008,Sachsen-Anhalt,Hessen,153,111,264,1151,1218,2369
2008,Sachsen-Anhalt,Rheinland-Pfalz,78,45,123,508,421,929
2008,Sachsen-Anhalt,Baden-Wurttemberg,237,189,426,1920,1733,3653
2008,Sachsen-Anhalt,Bayern,241,170,411,2369,2091,4460
2008,Sachsen-Anhalt,Saarland,21,12,33,62,66,128
2008,Sachsen-Anhalt,Berlin,279,253,532,1745,1884,3629
2008,Sachsen-Anhalt,Brandenburg,45,30,75,1161,1361,2522
2008,Sachsen-Anhalt,Mecklenburg-Vorpommern,22,9,31,611,696,1307
2008,Sachsen-Anhalt,Sachsen,184,116,300,3249,3327,6576
2008,Sachsen-Anhalt,Sachsen-Anhalt,0,0,0,0,0,0
2008,Sachsen-Anhalt,Thuringen,69,36,105,1443,1591,3034
2008,Sachsen-Anhalt,Insgesamt,2266,1581,3847,22006,22286,44292
2008,Thuringen,Schleswig-Holstein,24,8,32,304,321,625
2008,Thuringen,Hamburg,38,24,62,369,359,728
2008,Thuringen,Niedersachsen,130,95,225,1456,1485,2941
2008,Thuringen,Bremen,8,9,17,106,120,226
2008,Thuringen,Nordrhein-Westfalen,342,197,539,1845,1790,3635
2008,Thuringen,Hessen,189,137,326,2330,2495,4825
2008,Thuringen,Rheinland-Pfalz,54,43,97,518,526,1044
2008,Thuringen,Baden-Wurttemberg,210,165,375,2332,2014,4346
2008,Thuringen,Bayern,288,207,495,4122,4017,8139
2008,Thuringen,Saarland,10,9,19,65,77,142
2008,Thuringen,Berlin,109,90,199,996,1110,2106
2008,Thuringen,Brandenburg,42,19,61,498,523,1021
2008,Thuringen,Mecklenburg-Vorpommern,18,9,27,365,411,776
2008,Thuringen,Sachsen,117,77,194,2844,2874,5718
2008,Thuringen,Sachsen-Anhalt,61,32,93,1222,1174,2396
2008,Thuringen,Thuringen,0,0,0,0,0,0
2008,Thuringen,Insgesamt,1640,1121,2761,19372,19296,38668
2008,Insgesamt,Schleswig-Holstein,2664,2117,4781,30076,30994,61070
2008,Insgesamt,Hamburg,3791,3242,7033,31631,32714,64345
2008,Insgesamt,Niedersachsen,6262,5027,11289,58071,58977,117048
2008,Insgesamt,Bremen,1316,1129,2445,11510,11085,22595
2008,Insgesamt,Nordrhein-Westfalen,12329,9779,22108,70838,71025,141863
2008,Insgesamt,Hessen,8292,6963,15255,47725,47947,95672
2008,Insgesamt,Rheinland-Pfalz,4761,3948,8709,31976,32149,64125
2008,Insgesamt,Baden-Wurttemberg,10349,8677,19026,65674,62782,128456
2008,Insgesamt,Bayern,9911,7779,17690,68302,65136,133438
2008,Insgesamt,Saarland,836,729,1565,5660,5698,11358
2008,Insgesamt,Berlin,5324,4892,10216,43040,43863,86903
2008,Insgesamt,Brandenburg,1307,1171,2478,25670,26212,51882
2008,Insgesamt,Mecklenburg-Vorpommern,766,479,1245,12339,12280,24619
2008,Insgesamt,Sachsen,1725,1276,3001,23608,23064,46672
2008,Insgesamt,Sachsen-Anhalt,1249,695,1944,13858,13165,27023
2008,Insgesamt,Thuringen,1012,631,1643,13252,13563,26815
2008,Insgesamt,Insgesamt,71894,58534,130428,553230,550654,1103884
2009,Schleswig-Holstein,Schleswig-Holstein,0,0,0,0,0,0
2009,Schleswig-Holstein,Hamburg,982,919,1901,9266,9610,18876
2009,Schleswig-Holstein,Niedersachsen,275,221,496,4243,4412,8655
2009,Schleswig-Holstein,Bremen,59,36,95,514,467,981
2009,Schleswig-Holstein,Nordrhein-Westfalen,288,266,554,2741,2793,5534
2009,Schleswig-Holstein,Hessen,115,91,206,957,984,1941
2009,Schleswig-Holstein,Rheinland-Pfalz,37,33,70,462,456,918
2009,Schleswig-Holstein,Baden-Wurttemberg,133,134,267,1255,1372,2627
2009,Schleswig-Holstein,Bayern,169,134,303,1500,1383,2883
2009,Schleswig-Holstein,Saarland,10,6,16,49,62,111
2009,Schleswig-Holstein,Berlin,115,128,243,1337,1368,2705
2009,Schleswig-Holstein,Brandenburg,22,19,41,617,559,1176
2009,Schleswig-Holstein,Mecklenburg-Vorpommern,67,42,109,2033,1911,3944
2009,Schleswig-Holstein,Sachsen,31,16,47,473,456,929
2009,Schleswig-Holstein,Sachsen-Anhalt,17,9,26,375,348,723
2009,Schleswig-Holstein,Thuringen,15,11,26,233,223,456
2009,Schleswig-Holstein,Insgesamt,2335,2065,4400,26055,26404,52459
2009,Hamburg,Schleswig-Holstein,1002,930,1932,10766,11133,21899
2009,Hamburg,Hamburg,0,0,0,0,0,0
2009,Hamburg,Niedersachsen,563,522,1085,5872,6207,12079
2009,Hamburg,Bremen,112,75,187,508,500,1008
2009,Hamburg,Nordrhein-Westfalen,354,293,647,2222,2155,4377
2009,Hamburg,Hessen,177,164,341,869,896,1765
2009,Hamburg,Rheinland-Pfalz,50,27,77,309,273,582
2009,Hamburg,Baden-Wurttemberg,189,164,353,1154,1115,2269
2009,Hamburg,Bayern,245,178,423,1285,1257,2542
2009,Hamburg,Saarland,12,9,21,64,59,123
2009,Hamburg,Berlin,239,221,460,1718,1666,3384
2009,Hamburg,Brandenburg,21,23,44,386,365,751
2009,Hamburg,Mecklenburg-Vorpommern,51,33,84,1089,1025,2114
2009,Hamburg,Sachsen,28,28,56,368,320,688
2009,Hamburg,Sachsen-Anhalt,21,12,33,222,226,448
2009,Hamburg,Thuringen,26,7,33,171,153,324
2009,Hamburg,Insgesamt,3090,2686,5776,27003,27350,54353
2009,Niedersachsen,Schleswig-Holstein,307,304,611,4552,4781,9333
2009,Niedersachsen,Hamburg,738,630,1368,6399,7004,13403
2009,Niedersachsen,Niedersachsen,0,0,0,0,0,0
2009,Niedersachsen,Bremen,620,611,1231,6976,6753,13729
2009,Niedersachsen,Nordrhein-Westfalen,2281,1998,4279,14791,15791,30582
2009,Niedersachsen,Hessen,683,613,1296,4309,4432,8741
2009,Niedersachsen,Rheinland-Pfalz,248,247,495,1572,1574,3146
2009,Niedersachsen,Baden-Wurttemberg,751,740,1491,4255,4231,8486
2009,Niedersachsen,Bayern,766,684,1450,4505,4374,8879
2009,Niedersachsen,Saarland,53,57,110,227,244,471
2009,Niedersachsen,Berlin,477,501,978,3485,3690,7175
2009,Niedersachsen,Brandenburg,82,89,171,1302,1277,2579
2009,Niedersachsen,Mecklenburg-Vorpommern,88,65,153,1561,1522,3083
2009,Niedersachsen,Sachsen,145,128,273,1445,1434,2879
2009,Niedersachsen,Sachsen-Anhalt,200,139,339,2710,2743,5453
2009,Niedersachsen,Thuringen,86,76,162,1197,1143,2340
2009,Niedersachsen,Insgesamt,7525,6882,14407,59286,60993,120279
2009,Bremen,Schleswig-Holstein,42,41,83,454,438,892
2009,Bremen,Hamburg,126,90,216,686,728,1414
2009,Bremen,Niedersachsen,559,508,1067,6380,6398,12778
2009,Bremen,Bremen,0,0,0,0,0,0
2009,Bremen,Nordrhein-Westfalen,211,171,382,1020,1066,2086
2009,Bremen,Hessen,68,71,139,349,305,654
2009,Bremen,Rheinland-Pfalz,26,17,43,128,124,252
2009,Bremen,Baden-Wurttemberg,88,68,156,461,386,847
2009,Bremen,Bayern,73,69,142,457,394,851
2009,Bremen,Saarland,8,4,12,17,20,37
2009,Bremen,Berlin,75,73,148,518,526,1044
2009,Bremen,Brandenburg,4,10,14,107,120,227
2009,Bremen,Mecklenburg-Vorpommern,24,12,36,155,144,299
2009,Bremen,Sachsen,10,12,22,131,134,265
2009,Bremen,Sachsen-Anhalt,8,3,11,88,96,184
2009,Bremen,Thuringen,4,6,10,60,64,124
2009,Bremen,Insgesamt,1326,1155,2481,11011,10943,21954
2009,Nordrhein-Westfalen,Schleswig-Holstein,324,268,592,3381,3682,7063
2009,Nordrhein-Westfalen,Hamburg,552,438,990,3454,3586,7040
2009,Nordrhein-Westfalen,Niedersachsen,1783,1467,3250,15411,16054,31465
2009,Nordrhein-Westfalen,Bremen,273,180,453,1302,1311,2613
2009,Nordrhein-Westfalen,Nordrhein-Westfalen,0,0,0,0,0,0
2009,Nordrhein-Westfalen,Hessen,1695,1473,3168,9079,9133,18212
2009,Nordrhein-Westfalen,Rheinland-Pfalz,1046,862,1908,8265,8408,16673
2009,Nordrhein-Westfalen,Baden-Wurttemberg,1665,1431,3096,9467,9422,18889
2009,Nordrhein-Westfalen,Bayern,1818,1369,3187,9925,9335,19260
2009,Nordrhein-Westfalen,Saarland,170,100,270,753,683,1436
2009,Nordrhein-Westfalen,Berlin,850,785,1635,5802,6034,11836
2009,Nordrhein-Westfalen,Brandenburg,117,106,223,1638,1600,3238
2009,Nordrhein-Westfalen,Mecklenburg-Vorpommern,110,79,189,1213,1156,2369
2009,Nordrhein-Westfalen,Sachsen,261,171,432,2168,2077,4245
2009,Nordrhein-Westfalen,Sachsen-Anhalt,130,87,217,1422,1294,2716
2009,Nordrhein-Westfalen,Thuringen,123,75,198,1313,1197,2510
2009,Nordrhein-Westfalen,Insgesamt,10917,8891,19808,74593,74972,149565
2009,Hessen,Schleswig-Holstein,97,87,184,1126,1274,2400
2009,Hessen,Hamburg,178,165,343,1223,1254,2477
2009,Hessen,Niedersachsen,470,438,908,3916,4076,7992
2009,Hessen,Bremen,60,73,133,340,363,703
2009,Hessen,Nordrhein-Westfalen,1590,1377,2967,8351,8813,17164
2009,Hessen,Hessen,0,0,0,0,0,0
2009,Hessen,Rheinland-Pfalz,1113,948,2061,6903,7157,14060
2009,Hessen,Baden-Wurttemberg,1412,1205,2617,7643,7614,15257
2009,Hessen,Bayern,1270,1054,2324,7326,7116,14442
2009,Hessen,Saarland,94,72,166,485,468,953
2009,Hessen,Berlin,413,381,794,2574,2468,5042
2009,Hessen,Brandenburg,94,33,127,640,569,1209
2009,Hessen,Mecklenburg-Vorpommern,29,22,51,396,390,786
2009,Hessen,Sachsen,109,92,201,1276,1235,2511
2009,Hessen,Sachsen-Anhalt,78,49,127,607,621,1228
2009,Hessen,Thuringen,113,73,186,1454,1575,3029
2009,Hessen,Insgesamt,7120,6069,13189,44260,44993,89253
2009,Rheinland-Pfalz,Schleswig-Holstein,53,39,92,537,616,1153
2009,Rheinland-Pfalz,Hamburg,51,58,109,436,416,852
2009,Rheinland-Pfalz,Niedersachsen,195,179,374,1423,1444,2867
2009,Rheinland-Pfalz,Bremen,22,23,45,148,144,292
2009,Rheinland-Pfalz,Nordrhein-Westfalen,1235,1064,2299,8446,8740,17186
2009,Rheinland-Pfalz,Hessen,1283,1139,2422,7299,7684,14983
2009,Rheinland-Pfalz,Rheinland-Pfalz,0,0,0,0,0,0
2009,Rheinland-Pfalz,Baden-Wurttemberg,1131,1013,2144,7220,7151,14371
2009,Rheinland-Pfalz,Bayern,421,341,762,2893,2837,5730
2009,Rheinland-Pfalz,Saarland,204,187,391,2064,2145,4209
2009,Rheinland-Pfalz,Berlin,131,137,268,1099,1063,2162
2009,Rheinland-Pfalz,Brandenburg,39,29,68,359,352,711
2009,Rheinland-Pfalz,Mecklenburg-Vorpommern,4,6,10,209,221,430
2009,Rheinland-Pfalz,Sachsen,53,31,84,608,593,1201
2009,Rheinland-Pfalz,Sachsen-Anhalt,36,17,53,329,283,612
2009,Rheinland-Pfalz,Thuringen,30,15,45,335,293,628
2009,Rheinland-Pfalz,Insgesamt,4888,4278,9166,33405,33982,67387
2009,Baden-Wurttemberg,Schleswig-Holstein,140,130,270,1387,1457,2844
2009,Baden-Wurttemberg,Hamburg,216,190,406,1471,1484,2955
2009,Baden-Wurttemberg,Niedersachsen,598,480,1078,3769,3644,7413
2009,Baden-Wurttemberg,Bremen,73,77,150,494,430,924
2009,Baden-Wurttemberg,Nordrhein-Westfalen,1807,1578,3385,8863,8624,17487
2009,Baden-Wurttemberg,Hessen,1671,1341,3012,8050,7746,15796
2009,Baden-Wurttemberg,Rheinland-Pfalz,1218,1105,2323,6791,6698,13489
2009,Baden-Wurttemberg,Baden-Wurttemberg,0,0,0,0,0,0
2009,Baden-Wurttemberg,Bayern,2691,2099,4790,17005,17179,34184
2009,Baden-Wurttemberg,Saarland,123,123,246,722,747,1469
2009,Baden-Wurttemberg,Berlin,587,532,1119,3926,3841,7767
2009,Baden-Wurttemberg,Brandenburg,97,70,167,1179,1081,2260
2009,Baden-Wurttemberg,Mecklenburg-Vorpommern,52,41,93,664,620,1284
2009,Baden-Wurttemberg,Sachsen,188,164,352,2515,2271,4786
2009,Baden-Wurttemberg,Sachsen-Anhalt,137,101,238,1050,961,2011
2009,Baden-Wurttemberg,Thuringen,125,82,207,1337,1187,2524
2009,Baden-Wurttemberg,Insgesamt,9723,8113,17836,59223,57970,117193
2009,Bayern,Schleswig-Holstein,224,160,384,1500,1518,3018
2009,Bayern,Hamburg,234,191,425,1463,1535,2998
2009,Bayern,Niedersachsen,670,378,1048,3798,3399,7197
2009,Bayern,Bremen,86,57,143,458,389,847
2009,Bayern,Nordrhein-Westfalen,1920,1347,3267,8474,7652,16126
2009,Bayern,Hessen,1375,1051,2426,6747,6538,13285
2009,Bayern,Rheinland-Pfalz,419,313,732,2444,2294,4738
2009,Bayern,Baden-Wurttemberg,2283,1863,4146,15446,15511,30957
2009,Bayern,Bayern,0,0,0,0,0,0
2009,Bayern,Saarland,61,71,132,431,452,883
2009,Bayern,Berlin,624,561,1185,4166,3992,8158
2009,Bayern,Brandenburg,75,49,124,1311,1191,2502
2009,Bayern,Mecklenburg-Vorpommern,44,28,72,647,578,1225
2009,Bayern,Sachsen,322,197,519,3789,3509,7298
2009,Bayern,Sachsen-Anhalt,125,73,198,1284,1134,2418
2009,Bayern,Thuringen,148,101,249,2350,2314,4664
2009,Bayern,Insgesamt,8610,6440,15050,54308,52006,106314
2009,Saarland,Schleswig-Holstein,6,4,10,76,72,148
2009,Saarland,Hamburg,18,8,26,74,82,156
2009,Saarland,Niedersachsen,65,50,115,271,259,530
2009,Saarland,Bremen,25,12,37,53,31,84
2009,Saarland,Nordrhein-Westfalen,209,182,391,940,923,1863
2009,Saarland,Hessen,128,101,229,616,615,1231
2009,Saarland,Rheinland-Pfalz,205,179,384,2229,2243,4472
2009,Saarland,Baden-Wurttemberg,249,175,424,1071,1075,2146
2009,Saarland,Bayern,147,122,269,623,570,1193
2009,Saarland,Saarland,0,0,0,0,0,0
2009,Saarland,Berlin,29,32,61,239,254,493
2009,Saarland,Brandenburg,10,5,15,52,65,117
2009,Saarland,Mecklenburg-Vorpommern,10,5,15,57,40,97
2009,Saarland,Sachsen,58,47,105,160,129,289
2009,Saarland,Sachsen-Anhalt,21,12,33,73,66,139
2009,Saarland,Thuringen,6,7,13,53,66,119
2009,Saarland,Insgesamt,1186,941,2127,6587,6490,13077
2009,Berlin,Schleswig-Holstein,104,79,183,1218,1261,2479
2009,Berlin,Hamburg,197,208,405,1363,1405,2768
2009,Berlin,Niedersachsen,295,287,582,2609,2522,5131
2009,Berlin,Bremen,41,49,90,308,363,671
2009,Berlin,Nordrhein-Westfalen,664,550,1214,3863,3902,7765
2009,Berlin,Hessen,372,269,641,1813,1763,3576
2009,Berlin,Rheinland-Pfalz,103,86,189,704,665,1369
2009,Berlin,Baden-Wurttemberg,502,403,905,2732,2609,5341
2009,Berlin,Bayern,543,464,1007,3370,3200,6570
2009,Berlin,Saarland,39,28,67,147,138,285
2009,Berlin,Berlin,0,0,0,0,0,0
2009,Berlin,Brandenburg,746,702,1448,13421,13700,27121
2009,Berlin,Mecklenburg-Vorpommern,148,86,234,1435,1403,2838
2009,Berlin,Sachsen,226,166,392,1487,1584,3071
2009,Berlin,Sachsen-Anhalt,202,141,343,963,1001,1964
2009,Berlin,Thuringen,87,62,149,608,637,1245
2009,Berlin,Insgesamt,4269,3580,7849,36041,36153,72194
2009,Brandenburg,Schleswig-Holstein,35,17,52,766,783,1549
2009,Brandenburg,Hamburg,35,24,59,619,593,1212
2009,Brandenburg,Niedersachsen,81,65,146,1554,1476,3030
2009,Brandenburg,Bremen,15,8,23,133,141,274
2009,Brandenburg,Nordrhein-Westfalen,163,102,265,1682,1634,3316
2009,Brandenburg,Hessen,75,69,144,754,764,1518
2009,Brandenburg,Rheinland-Pfalz,19,23,42,372,345,717
2009,Brandenburg,Baden-Wurttemberg,84,68,152,1374,1289,2663
2009,Brandenburg,Bayern,114,85,199,1716,1497,3213
2009,Brandenburg,Saarland,11,8,19,71,62,133
2009,Brandenburg,Berlin,1044,957,2001,12440,12490,24930
2009,Brandenburg,Brandenburg,0,0,0,0,0,0
2009,Brandenburg,Mecklenburg-Vorpommern,35,25,60,1624,1813,3437
2009,Brandenburg,Sachsen,114,70,184,2420,2508,4928
2009,Brandenburg,Sachsen-Anhalt,52,25,77,1180,1217,2397
2009,Brandenburg,Thuringen,23,8,31,524,532,1056
2009,Brandenburg,Insgesamt,1900,1554,3454,27229,27144,54373
2009,Mecklenburg-Vorpommern,Schleswig-Holstein,96,60,156,2642,2549,5191
2009,Mecklenburg-Vorpommern,Hamburg,292,178,470,2453,2328,4781
2009,Mecklenburg-Vorpommern,Niedersachsen,179,91,270,2085,1928,4013
2009,Mecklenburg-Vorpommern,Bremen,25,18,43,257,262,519
2009,Mecklenburg-Vorpommern,Nordrhein-Westfalen,194,128,322,1404,1344,2748
2009,Mecklenburg-Vorpommern,Hessen,67,31,98,482,450,932
2009,Mecklenburg-Vorpommern,Rheinland-Pfalz,30,19,49,261,211,472
2009,Mecklenburg-Vorpommern,Baden-Wurttemberg,80,47,127,826,712,1538
2009,Mecklenburg-Vorpommern,Bayern,85,51,136,862,731,1593
2009,Mecklenburg-Vorpommern,Saarland,5,4,9,33,31,64
2009,Mecklenburg-Vorpommern,Berlin,231,158,389,2341,2283,4624
2009,Mecklenburg-Vorpommern,Brandenburg,44,43,87,1362,1418,2780
2009,Mecklenburg-Vorpommern,Mecklenburg-Vorpommern,0,0,0,0,0,0
2009,Mecklenburg-Vorpommern,Sachsen,38,32,70,733,821,1554
2009,Mecklenburg-Vorpommern,Sachsen-Anhalt,18,12,30,462,466,928
2009,Mecklenburg-Vorpommern,Thuringen,17,12,29,302,367,669
2009,Mecklenburg-Vorpommern,Insgesamt,1401,884,2285,16505,15901,32406
2009,Sachsen,Schleswig-Holstein,48,37,85,594,587,1181
2009,Sachsen,Hamburg,113,88,201,618,585,1203
2009,Sachsen,Niedersachsen,228,144,372,1720,1781,3501
2009,Sachsen,Bremen,28,21,49,190,175,365
2009,Sachsen,Nordrhein-Westfalen,589,349,938,2713,2598,5311
2009,Sachsen,Hessen,238,160,398,1703,1717,3420
2009,Sachsen,Rheinland-Pfalz,97,68,165,680,662,1342
2009,Sachsen,Baden-Wurttemberg,364,276,640,3307,3175,6482
2009,Sachsen,Bayern,475,328,803,5278,4864,10142
2009,Sachsen,Saarland,15,6,21,106,87,193
2009,Sachsen,Berlin,398,309,707,2667,2773,5440
2009,Sachsen,Brandenburg,101,46,147,1955,2069,4024
2009,Sachsen,Mecklenburg-Vorpommern,51,25,76,712,840,1552
2009,Sachsen,Sachsen,0,0,0,0,0,0
2009,Sachsen,Sachsen-Anhalt,151,115,266,2249,2446,4695
2009,Sachsen,Thuringen,146,79,225,2249,2420,4669
2009,Sachsen,Insgesamt,3042,2051,5093,26741,26779,53520
2009,Sachsen-Anhalt,Schleswig-Holstein,66,32,98,566,566,1132
2009,Sachsen-Anhalt,Hamburg,88,53,141,519,493,1012
2009,Sachsen-Anhalt,Niedersachsen,334,200,534,3952,3934,7886
2009,Sachsen-Anhalt,Bremen,17,9,26,167,162,329
2009,Sachsen-Anhalt,Nordrhein-Westfalen,430,287,717,2094,1993,4087
2009,Sachsen-Anhalt,Hessen,139,98,237,1017,1026,2043
2009,Sachsen-Anhalt,Rheinland-Pfalz,68,33,101,420,388,808
2009,Sachsen-Anhalt,Baden-Wurttemberg,172,142,314,1488,1398,2886
2009,Sachsen-Anhalt,Bayern,252,147,399,1950,1712,3662
2009,Sachsen-Anhalt,Saarland,16,7,23,81,57,138
2009,Sachsen-Anhalt,Berlin,295,222,517,1760,1889,3649
2009,Sachsen-Anhalt,Brandenburg,83,21,104,1244,1278,2522
2009,Sachsen-Anhalt,Mecklenburg-Vorpommern,26,20,46,595,674,1269
2009,Sachsen-Anhalt,Sachsen,182,126,308,3114,3355,6469
2009,Sachsen-Anhalt,Sachsen-Anhalt,0,0,0,0,0,0
2009,Sachsen-Anhalt,Thuringen,50,43,93,1440,1565,3005
2009,Sachsen-Anhalt,Insgesamt,2218,1440,3658,20407,20490,40897
2009,Thuringen,Schleswig-Holstein,27,15,42,298,357,655
2009,Thuringen,Hamburg,32,26,58,327,293,620
2009,Thuringen,Niedersachsen,125,84,209,1458,1465,2923
2009,Thuringen,Bremen,14,13,27,97,107,204
2009,Thuringen,Nordrhein-Westfalen,327,206,533,1705,1711,3416
2009,Thuringen,Hessen,284,189,473,2273,2379,4652
2009,Thuringen,Rheinland-Pfalz,73,30,103,484,456,940
2009,Thuringen,Baden-Wurttemberg,177,141,318,1820,1678,3498
2009,Thuringen,Bayern,244,167,411,3443,3352,6795
2009,Thuringen,Saarland,8,8,16,77,82,159
2009,Thuringen,Berlin,139,93,232,1044,1093,2137
2009,Thuringen,Brandenburg,53,13,66,479,504,983
2009,Thuringen,Mecklenburg-Vorpommern,15,11,26,348,361,709
2009,Thuringen,Sachsen,124,94,218,2901,2924,5825
2009,Thuringen,Sachsen-Anhalt,57,38,95,1198,1348,2546
2009,Thuringen,Thuringen,0,0,0,0,0,0
2009,Thuringen,Insgesamt,1699,1128,2827,17952,18110,36062
2009,Insgesamt,Schleswig-Holstein,2571,2203,4774,29863,31074,60937
2009,Insgesamt,Hamburg,3852,3266,7118,30371,31396,61767
2009,Insgesamt,Niedersachsen,6420,5114,11534,58461,58999,117460
2009,Insgesamt,Bremen,1470,1262,2732,11945,11598,23543
2009,Insgesamt,Nordrhein-Westfalen,12262,9898,22160,69309,69739,139048
2009,Insgesamt,Hessen,8370,6860,15230,46317,46432,92749
2009,Insgesamt,Rheinland-Pfalz,4752,3990,8742,32024,31954,63978
2009,Insgesamt,Baden-Wurttemberg,9280,7870,17150,59519,58738,118257
2009,Insgesamt,Bayern,9313,7292,16605,62138,59801,121939
2009,Insgesamt,Saarland,829,690,1519,5327,5337,10664
2009,Insgesamt,Berlin,5647,5090,10737,45116,45430,90546
2009,Insgesamt,Brandenburg,1588,1258,2846,26052,26148,52200
2009,Insgesamt,Mecklenburg-Vorpommern,754,500,1254,12738,12698,25436
2009,Insgesamt,Sachsen,1889,1374,3263,23588,23350,46938
2009,Insgesamt,Sachsen-Anhalt,1253,833,2086,14212,14250,28462
2009,Insgesamt,Thuringen,999,657,1656,13626,13736,27362
2009,Insgesamt,Insgesamt,71249,58157,129406,540606,540680,1081286
2010,Schleswig-Holstein,Schleswig-Holstein,0,0,0,0,0,0
2010,Schleswig-Holstein,Hamburg,927,863,1790,9126,9796,18922
2010,Schleswig-Holstein,Niedersachsen,316,241,557,4282,4267,8549
2010,Schleswig-Holstein,Bremen,63,43,106,556,513,1069
2010,Schleswig-Holstein,Nordrhein-Westfalen,294,237,531,2766,2806,5572
2010,Schleswig-Holstein,Hessen,110,121,231,1006,1024,2030
2010,Schleswig-Holstein,Rheinland-Pfalz,42,22,64,431,462,893
2010,Schleswig-Holstein,Baden-Wurttemberg,151,141,292,1271,1293,2564
2010,Schleswig-Holstein,Bayern,191,147,338,1445,1376,2821
2010,Schleswig-Holstein,Saarland,10,8,18,84,69,153
2010,Schleswig-Holstein,Berlin,128,85,213,1384,1423,2807
2010,Schleswig-Holstein,Brandenburg,22,19,41,530,536,1066
2010,Schleswig-Holstein,Mecklenburg-Vorpommern,64,47,111,1931,1976,3907
2010,Schleswig-Holstein,Sachsen,37,32,69,458,480,938
2010,Schleswig-Holstein,Sachsen-Anhalt,12,4,16,341,354,695
2010,Schleswig-Holstein,Thuringen,16,11,27,249,211,460
2010,Schleswig-Holstein,Insgesamt,2383,2021,4404,25860,26586,52446
2010,Hamburg,Schleswig-Holstein,1048,959,2007,10706,11414,22120
2010,Hamburg,Hamburg,0,0,0,0,0,0
2010,Hamburg,Niedersachsen,588,537,1125,5864,6040,11904
2010,Hamburg,Bremen,98,82,180,509,554,1063
2010,Hamburg,Nordrhein-Westfalen,382,313,695,2127,2196,4323
2010,Hamburg,Hessen,176,144,320,925,875,1800
2010,Hamburg,Rheinland-Pfalz,42,36,78,311,315,626
2010,Hamburg,Baden-Wurttemberg,178,146,324,1132,1070,2202
2010,Hamburg,Bayern,236,180,416,1291,1254,2545
2010,Hamburg,Saarland,10,9,19,51,44,95
2010,Hamburg,Berlin,224,201,425,1745,1725,3470
2010,Hamburg,Brandenburg,37,15,52,357,331,688
2010,Hamburg,Mecklenburg-Vorpommern,65,30,95,1128,1111,2239
2010,Hamburg,Sachsen,45,31,76,353,346,699
2010,Hamburg,Sachsen-Anhalt,23,12,35,252,200,452
2010,Hamburg,Thuringen,14,10,24,186,178,364
2010,Hamburg,Insgesamt,3166,2705,5871,26937,27653,54590
2010,Niedersachsen,Schleswig-Holstein,304,299,603,4426,4772,9198
2010,Niedersachsen,Hamburg,642,600,1242,6158,6599,12757
2010,Niedersachsen,Niedersachsen,0,0,0,0,0,0
2010,Niedersachsen,Bremen,620,563,1183,6563,6583,13146
2010,Niedersachsen,Nordrhein-Westfalen,2044,1903,3947,14578,15514,30092
2010,Niedersachsen,Hessen,616,552,1168,4110,4217,8327
2010,Niedersachsen,Rheinland-Pfalz,230,201,431,1544,1643,3187
2010,Niedersachsen,Baden-Wurttemberg,628,594,1222,3928,3958,7886
2010,Niedersachsen,Bayern,678,540,1218,4188,4021,8209
2010,Niedersachsen,Saarland,53,43,96,253,273,526
2010,Niedersachsen,Berlin,423,412,835,3341,3420,6761
2010,Niedersachsen,Brandenburg,79,76,155,1243,1128,2371
2010,Niedersachsen,Mecklenburg-Vorpommern,104,72,176,1529,1486,3015
2010,Niedersachsen,Sachsen,185,118,303,1527,1467,2994
2010,Niedersachsen,Sachsen-Anhalt,142,99,241,2737,2705,5442
2010,Niedersachsen,Thuringen,101,79,180,1186,1197,2383
2010,Niedersachsen,Insgesamt,6849,6151,13000,57311,58983,116294
2010,Bremen,Schleswig-Holstein,25,36,61,431,497,928
2010,Bremen,Hamburg,140,120,260,686,767,1453
2010,Bremen,Niedersachsen,549,503,1052,6168,6192,12360
2010,Bremen,Bremen,0,0,0,0,0,0
2010,Bremen,Nordrhein-Westfalen,216,190,406,1050,1100,2150
2010,Bremen,Hessen,68,75,143,342,367,709
2010,Bremen,Rheinland-Pfalz,20,23,43,168,139,307
2010,Bremen,Baden-Wurttemberg,102,59,161,467,396,863
2010,Bremen,Bayern,96,63,159,436,378,814
2010,Bremen,Saarland,7,5,12,27,28,55
2010,Bremen,Berlin,76,94,170,505,600,1105
2010,Bremen,Brandenburg,10,4,14,111,99,210
2010,Bremen,Mecklenburg-Vorpommern,18,6,24,148,144,292
2010,Bremen,Sachsen,18,13,31,149,150,299
2010,Bremen,Sachsen-Anhalt,10,4,14,96,106,202
2010,Bremen,Thuringen,7,9,16,66,68,134
2010,Bremen,Insgesamt,1362,1204,2566,10850,11031,21881
2010,Nordrhein-Westfalen,Schleswig-Holstein,324,288,612,3354,3750,7104
2010,Nordrhein-Westfalen,Hamburg,529,390,919,3459,3582,7041
2010,Nordrhein-Westfalen,Niedersachsen,1872,1444,3316,15019,15603,30622
2010,Nordrhein-Westfalen,Bremen,236,180,416,1215,1209,2424
2010,Nordrhein-Westfalen,Nordrhein-Westfalen,0,0,0,0,0,0
2010,Nordrhein-Westfalen,Hessen,1845,1470,3315,9136,9044,18180
2010,Nordrhein-Westfalen,Rheinland-Pfalz,1042,816,1858,8129,8385,16514
2010,Nordrhein-Westfalen,Baden-Wurttemberg,1780,1479,3259,9337,9242,18579
2010,Nordrhein-Westfalen,Bayern,1932,1424,3356,9849,9201,19050
2010,Nordrhein-Westfalen,Saarland,159,116,275,747,748,1495
2010,Nordrhein-Westfalen,Berlin,824,727,1551,5719,5741,11460
2010,Nordrhein-Westfalen,Brandenburg,128,103,231,1546,1456,3002
2010,Nordrhein-Westfalen,Mecklenburg-Vorpommern,77,59,136,1131,1054,2185
2010,Nordrhein-Westfalen,Sachsen,250,181,431,2252,2098,4350
2010,Nordrhein-Westfalen,Sachsen-Anhalt,143,93,236,1394,1387,2781
2010,Nordrhein-Westfalen,Thuringen,129,70,199,1267,1176,2443
2010,Nordrhein-Westfalen,Insgesamt,11270,8840,20110,73554,73676,147230
2010,Hessen,Schleswig-Holstein,101,101,202,1102,1237,2339
2010,Hessen,Hamburg,255,187,442,1282,1375,2657
2010,Hessen,Niedersachsen,478,401,879,3959,4037,7996
2010,Hessen,Bremen,38,48,86,324,387,711
2010,Hessen,Nordrhein-Westfalen,1604,1327,2931,8435,8707,17142
2010,Hessen,Hessen,0,0,0,0,0,0
2010,Hessen,Rheinland-Pfalz,1095,939,2034,6726,7190,13916
2010,Hessen,Baden-Wurttemberg,1336,1183,2519,7315,7504,14819
2010,Hessen,Bayern,1400,975,2375,7306,6888,14194
2010,Hessen,Saarland,107,85,192,470,454,924
2010,Hessen,Berlin,373,334,707,2500,2547,5047
2010,Hessen,Brandenburg,50,30,80,597,595,1192
2010,Hessen,Mecklenburg-Vorpommern,34,19,53,390,372,762
2010,Hessen,Sachsen,135,83,218,1299,1199,2498
2010,Hessen,Sachsen-Anhalt,73,34,107,669,670,1339
2010,Hessen,Thuringen,106,66,172,1401,1578,2979
2010,Hessen,Insgesamt,7185,5812,12997,43775,44740,88515
2010,Rheinland-Pfalz,Schleswig-Holstein,47,30,77,536,499,1035
2010,Rheinland-Pfalz,Hamburg,59,51,110,435,432,867
2010,Rheinland-Pfalz,Niedersachsen,200,155,355,1464,1486,2950
2010,Rheinland-Pfalz,Bremen,31,29,60,181,146,327
2010,Rheinland-Pfalz,Nordrhein-Westfalen,1204,1057,2261,8723,8957,17680
2010,Rheinland-Pfalz,Hessen,1193,1088,2281,7162,7406,14568
2010,Rheinland-Pfalz,Rheinland-Pfalz,0,0,0,0,0,0
2010,Rheinland-Pfalz,Baden-Wurttemberg,1144,1045,2189,6861,7041,13902
2010,Rheinland-Pfalz,Bayern,416,341,757,2773,2689,5462
2010,Rheinland-Pfalz,Saarland,214,196,410,2127,2271,4398
2010,Rheinland-Pfalz,Berlin,110,135,245,1050,1120,2170
2010,Rheinland-Pfalz,Brandenburg,17,14,31,313,349,662
2010,Rheinland-Pfalz,Mecklenburg-Vorpommern,9,9,18,205,188,393
2010,Rheinland-Pfalz,Sachsen,83,29,112,663,547,1210
2010,Rheinland-Pfalz,Sachsen-Anhalt,28,8,36,326,300,626
2010,Rheinland-Pfalz,Thuringen,31,29,60,342,333,675
2010,Rheinland-Pfalz,Insgesamt,4786,4216,9002,33161,33764,66925
2010,Baden-Wurttemberg,Schleswig-Holstein,124,117,241,1398,1424,2822
2010,Baden-Wurttemberg,Hamburg,242,210,452,1611,1589,3200
2010,Baden-Wurttemberg,Niedersachsen,509,479,988,3619,3526,7145
2010,Baden-Wurttemberg,Bremen,106,75,181,482,415,897
2010,Baden-Wurttemberg,Nordrhein-Westfalen,1830,1538,3368,8453,8561,17014
2010,Baden-Wurttemberg,Hessen,1604,1434,3038,7905,7944,15849
2010,Baden-Wurttemberg,Rheinland-Pfalz,1267,1051,2318,6731,6882,13613
2010,Baden-Wurttemberg,Baden-Wurttemberg,0,0,0,0,0,0
2010,Baden-Wurttemberg,Bayern,2846,2335,5181,17415,17328,34743
2010,Baden-Wurttemberg,Saarland,156,147,303,849,913,1762
2010,Baden-Wurttemberg,Berlin,558,536,1094,3658,3633,7291
2010,Baden-Wurttemberg,Brandenburg,111,71,182,1144,1109,2253
2010,Baden-Wurttemberg,Mecklenburg-Vorpommern,57,42,99,649,629,1278
2010,Baden-Wurttemberg,Sachsen,206,123,329,2465,2236,4701
2010,Baden-Wurttemberg,Sachsen-Anhalt,81,72,153,974,913,1887
2010,Baden-Wurttemberg,Thuringen,154,85,239,1298,1180,2478
2010,Baden-Wurttemberg,Insgesamt,9851,8315,18166,58651,58282,116933
2010,Bayern,Schleswig-Holstein,186,145,331,1443,1445,2888
2010,Bayern,Hamburg,222,198,420,1681,1590,3271
2010,Bayern,Niedersachsen,544,398,942,3602,3477,7079
2010,Bayern,Bremen,68,51,119,423,352,775
2010,Bayern,Nordrhein-Westfalen,1785,1370,3155,8410,7969,16379
2010,Bayern,Hessen,1467,1036,2503,6913,6459,13372
2010,Bayern,Rheinland-Pfalz,366,286,652,2379,2367,4746
2010,Bayern,Baden-Wurttemberg,2432,1963,4395,15920,16104,32024
2010,Bayern,Bayern,0,0,0,0,0,0
2010,Bayern,Saarland,92,62,154,450,440,890
2010,Bayern,Berlin,566,583,1149,4076,4120,8196
2010,Bayern,Brandenburg,92,66,158,1245,1121,2366
2010,Bayern,Mecklenburg-Vorpommern,41,40,81,669,633,1302
2010,Bayern,Sachsen,315,192,507,3848,3553,7401
2010,Bayern,Sachsen-Anhalt,85,63,148,1214,1105,2319
2010,Bayern,Thuringen,161,100,261,2395,2346,4741
2010,Bayern,Insgesamt,8422,6553,14975,54668,53081,107749
2010,Saarland,Schleswig-Holstein,11,10,21,96,99,195
2010,Saarland,Hamburg,17,15,32,89,96,185
2010,Saarland,Niedersachsen,50,36,86,244,239,483
2010,Saarland,Bremen,3,3,6,21,25,46
2010,Saarland,Nordrhein-Westfalen,238,165,403,960,908,1868
2010,Saarland,Hessen,143,110,253,615,546,1161
2010,Saarland,Rheinland-Pfalz,193,178,371,2211,2409,4620
2010,Saarland,Baden-Wurttemberg,184,164,348,1110,1052,2162
2010,Saarland,Bayern,132,81,213,606,551,1157
2010,Saarland,Saarland,0,0,0,0,0,0
2010,Saarland,Berlin,35,33,68,245,259,504
2010,Saarland,Brandenburg,6,9,15,54,69,123
2010,Saarland,Mecklenburg-Vorpommern,6,4,10,33,35,68
2010,Saarland,Sachsen,80,44,124,176,131,307
2010,Saarland,Sachsen-Anhalt,13,7,20,44,46,90
2010,Saarland,Thuringen,11,8,19,58,58,116
2010,Saarland,Insgesamt,1122,867,1989,6562,6523,13085
2010,Berlin,Schleswig-Holstein,128,95,223,1213,1264,2477
2010,Berlin,Hamburg,220,192,412,1323,1471,2794
2010,Berlin,Niedersachsen,314,235,549,2474,2414,4888
2010,Berlin,Bremen,41,60,101,312,362,674
2010,Berlin,Nordrhein-Westfalen,708,578,1286,3762,3869,7631
2010,Berlin,Hessen,346,256,602,1839,1705,3544
2010,Berlin,Rheinland-Pfalz,89,98,187,643,688,1331
2010,Berlin,Baden-Wurttemberg,422,384,806,2612,2609,5221
2010,Berlin,Bayern,521,482,1003,3173,3069,6242
2010,Berlin,Saarland,45,27,72,164,149,313
2010,Berlin,Berlin,0,0,0,0,0,0
2010,Berlin,Brandenburg,677,658,1335,12776,13077,25853
2010,Berlin,Mecklenburg-Vorpommern,117,95,212,1356,1446,2802
2010,Berlin,Sachsen,250,196,446,1595,1600,3195
2010,Berlin,Sachsen-Anhalt,177,106,283,960,950,1910
2010,Berlin,Thuringen,86,78,164,613,680,1293
2010,Berlin,Insgesamt,4141,3540,7681,34815,35353,70168
2010,Brandenburg,Schleswig-Holstein,23,21,44,711,708,1419
2010,Brandenburg,Hamburg,36,25,61,595,565,1160
2010,Brandenburg,Niedersachsen,75,66,141,1479,1341,2820
2010,Brandenburg,Bremen,12,3,15,141,119,260
2010,Brandenburg,Nordrhein-Westfalen,133,113,246,1610,1513,3123
2010,Brandenburg,Hessen,59,49,108,640,649,1289
2010,Brandenburg,Rheinland-Pfalz,26,15,41,419,370,789
2010,Brandenburg,Baden-Wurttemberg,94,60,154,1311,1108,2419
2010,Brandenburg,Bayern,100,85,185,1478,1287,2765
2010,Brandenburg,Saarland,6,6,12,59,55,114
2010,Brandenburg,Berlin,970,885,1855,12001,12114,24115
2010,Brandenburg,Brandenburg,0,0,0,0,0,0
2010,Brandenburg,Mecklenburg-Vorpommern,43,36,79,1570,1763,3333
2010,Brandenburg,Sachsen,80,43,123,2336,2422,4758
2010,Brandenburg,Sachsen-Anhalt,62,32,94,1148,1175,2323
2010,Brandenburg,Thuringen,15,16,31,487,529,1016
2010,Brandenburg,Insgesamt,1734,1455,3189,25985,25718,51703
2010,Mecklenburg-Vorpommern,Schleswig-Holstein,102,74,176,2654,2501,5155
2010,Mecklenburg-Vorpommern,Hamburg,329,225,554,2173,1988,4161
2010,Mecklenburg-Vorpommern,Niedersachsen,148,89,237,1906,1720,3626
2010,Mecklenburg-Vorpommern,Bremen,18,17,35,218,187,405
2010,Mecklenburg-Vorpommern,Nordrhein-Westfalen,190,122,312,1264,1126,2390
2010,Mecklenburg-Vorpommern,Hessen,60,43,103,487,401,888
2010,Mecklenburg-Vorpommern,Rheinland-Pfalz,22,15,37,260,223,483
2010,Mecklenburg-Vorpommern,Baden-Wurttemberg,53,43,96,701,649,1350
2010,Mecklenburg-Vorpommern,Bayern,79,75,154,755,683,1438
2010,Mecklenburg-Vorpommern,Saarland,7,4,11,36,34,70
2010,Mecklenburg-Vorpommern,Berlin,199,153,352,2147,2134,4281
2010,Mecklenburg-Vorpommern,Brandenburg,53,34,87,1445,1448,2893
2010,Mecklenburg-Vorpommern,Mecklenburg-Vorpommern,0,0,0,0,0,0
2010,Mecklenburg-Vorpommern,Sachsen,41,24,65,766,714,1480
2010,Mecklenburg-Vorpommern,Sachsen-Anhalt,12,17,29,437,450,887
2010,Mecklenburg-Vorpommern,Thuringen,11,6,17,269,287,556
2010,Mecklenburg-Vorpommern,Insgesamt,1324,941,2265,15518,14545,30063
2010,Sachsen,Schleswig-Holstein,49,36,85,551,567,1118
2010,Sachsen,Hamburg,173,67,240,649,540,1189
2010,Sachsen,Niedersachsen,194,126,320,1652,1615,3267
2010,Sachsen,Bremen,33,28,61,185,176,361
2010,Sachsen,Nordrhein-Westfalen,529,342,871,2572,2455,5027
2010,Sachsen,Hessen,279,190,469,1644,1583,3227
2010,Sachsen,Rheinland-Pfalz,86,69,155,711,621,1332
2010,Sachsen,Baden-Wurttemberg,321,249,570,3025,2770,5795
2010,Sachsen,Bayern,510,321,831,4915,4313,9228
2010,Sachsen,Saarland,22,11,33,122,106,228
2010,Sachsen,Berlin,387,278,665,2601,2808,5409
2010,Sachsen,Brandenburg,104,47,151,1870,2078,3948
2010,Sachsen,Mecklenburg-Vorpommern,54,17,71,742,827,1569
2010,Sachsen,Sachsen,0,0,0,0,0,0
2010,Sachsen,Sachsen-Anhalt,139,91,230,2340,2459,4799
2010,Sachsen,Thuringen,141,75,216,2331,2402,4733
2010,Sachsen,Insgesamt,3021,1947,4968,25910,25320,51230
2010,Sachsen-Anhalt,Schleswig-Holstein,47,26,73,521,493,1014
2010,Sachsen-Anhalt,Hamburg,78,45,123,430,510,940
2010,Sachsen-Anhalt,Niedersachsen,212,170,382,3662,3554,7216
2010,Sachsen-Anhalt,Bremen,23,9,32,130,123,253
2010,Sachsen-Anhalt,Nordrhein-Westfalen,282,201,483,1775,1740,3515
2010,Sachsen-Anhalt,Hessen,158,96,254,949,945,1894
2010,Sachsen-Anhalt,Rheinland-Pfalz,58,31,89,392,375,767
2010,Sachsen-Anhalt,Baden-Wurttemberg,156,100,256,1287,1119,2406
2010,Sachsen-Anhalt,Bayern,197,112,309,1796,1557,3353
2010,Sachsen-Anhalt,Saarland,16,11,27,78,67,145
2010,Sachsen-Anhalt,Berlin,253,195,448,1655,1732,3387
2010,Sachsen-Anhalt,Brandenburg,59,31,90,1229,1321,2550
2010,Sachsen-Anhalt,Mecklenburg-Vorpommern,31,21,52,579,649,1228
2010,Sachsen-Anhalt,Sachsen,185,147,332,3241,3358,6599
2010,Sachsen-Anhalt,Sachsen-Anhalt,0,0,0,0,0,0
2010,Sachsen-Anhalt,Thuringen,64,34,98,1399,1586,2985
2010,Sachsen-Anhalt,Insgesamt,1819,1229,3048,19123,19129,38252
2010,Thuringen,Schleswig-Holstein,26,16,42,374,304,678
2010,Thuringen,Hamburg,47,31,78,326,291,617
2010,Thuringen,Niedersachsen,146,91,237,1490,1408,2898
2010,Thuringen,Bremen,11,9,20,117,92,209
2010,Thuringen,Nordrhein-Westfalen,292,225,517,1623,1575,3198
2010,Thuringen,Hessen,247,147,394,2171,2117,4288
2010,Thuringen,Rheinland-Pfalz,47,40,87,500,455,955
2010,Thuringen,Baden-Wurttemberg,160,123,283,1606,1529,3135
2010,Thuringen,Bayern,244,190,434,3308,3165,6473
2010,Thuringen,Saarland,8,2,10,55,52,107
2010,Thuringen,Berlin,113,116,229,1017,1138,2155
2010,Thuringen,Brandenburg,13,20,33,482,526,1008
2010,Thuringen,Mecklenburg-Vorpommern,11,10,21,348,344,692
2010,Thuringen,Sachsen,117,87,204,2925,2919,5844
2010,Thuringen,Sachsen-Anhalt,57,24,81,1288,1355,2643
2010,Thuringen,Thuringen,0,0,0,0,0,0
2010,Thuringen,Insgesamt,1539,1131,2670,17630,17270,34900
2010,Insgesamt,Schleswig-Holstein,2545,2253,4798,29516,30974,60490
2010,Insgesamt,Hamburg,3916,3219,7135,30023,31191,61214
2010,Insgesamt,Niedersachsen,6195,4971,11166,56884,56919,113803
2010,Insgesamt,Bremen,1401,1200,2601,11377,11243,22620
2010,Insgesamt,Nordrhein-Westfalen,11731,9681,21412,68108,68996,137104
2010,Insgesamt,Hessen,8371,6811,15182,45844,45282,91126
2010,Insgesamt,Rheinland-Pfalz,4625,3820,8445,31555,32524,64079
2010,Insgesamt,Baden-Wurttemberg,9141,7733,16874,57883,57444,115327
2010,Insgesamt,Bayern,9578,7351,16929,60734,57760,118494
2010,Insgesamt,Saarland,912,732,1644,5572,5703,11275
2010,Insgesamt,Berlin,5239,4767,10006,43644,44514,88158
2010,Insgesamt,Brandenburg,1458,1197,2655,24942,25243,50185
2010,Insgesamt,Mecklenburg-Vorpommern,731,507,1238,12408,12657,25065
2010,Insgesamt,Sachsen,2027,1343,3370,24053,23220,47273
2010,Insgesamt,Sachsen-Anhalt,1057,666,1723,14220,14175,28395
2010,Insgesamt,Thuringen,1047,676,1723,13547,13809,27356
2010,Insgesamt,Insgesamt,69974,56927,126901,530310,531654,1061964
2011,Schleswig-Holstein,Schleswig-Holstein,0,0,0,0,0,0
2011,Schleswig-Holstein,Hamburg,957,964,1921,9380,9810,19190
2011,Schleswig-Holstein,Niedersachsen,281,287,568,4497,4674,9171
2011,Schleswig-Holstein,Bremen,67,56,123,559,479,1038
2011,Schleswig-Holstein,Nordrhein-Westfalen,337,285,622,2947,3034,5981
2011,Schleswig-Holstein,Hessen,143,100,243,1070,1086,2156
2011,Schleswig-Holstein,Rheinland-Pfalz,48,42,90,494,434,928
2011,Schleswig-Holstein,Baden-Wurttemberg,157,127,284,1437,1359,2796
2011,Schleswig-Holstein,Bayern,212,151,363,1645,1505,3150
2011,Schleswig-Holstein,Saarland,8,5,13,76,77,153
2011,Schleswig-Holstein,Berlin,123,125,248,1343,1445,2788
2011,Schleswig-Holstein,Brandenburg,33,25,58,579,557,1136
2011,Schleswig-Holstein,Mecklenburg-Vorpommern,52,52,104,2117,2030,4147
2011,Schleswig-Holstein,Sachsen,38,32,70,510,489,999
2011,Schleswig-Holstein,Sachsen-Anhalt,23,9,32,425,417,842
2011,Schleswig-Holstein,Thuringen,17,12,29,286,271,557
2011,Schleswig-Holstein,Insgesamt,2496,2272,4768,27365,27667,55032
2011,Hamburg,Schleswig-Holstein,1136,1025,2161,11453,11961,23414
2011,Hamburg,Hamburg,0,0,0,0,0,0
2011,Hamburg,Niedersachsen,630,536,1166,6309,6382,12691
2011,Hamburg,Bremen,126,85,211,531,547,1078
2011,Hamburg,Nordrhein-Westfalen,470,283,753,2430,2348,4778
2011,Hamburg,Hessen,214,138,352,1020,939,1959
2011,Hamburg,Rheinland-Pfalz,52,39,91,359,340,699
2011,Hamburg,Baden-Wurttemberg,239,168,407,1339,1226,2565
2011,Hamburg,Bayern,351,233,584,1609,1376,2985
2011,Hamburg,Saarland,16,17,33,62,59,121
2011,Hamburg,Berlin,230,201,431,1776,1857,3633
2011,Hamburg,Brandenburg,39,27,66,378,334,712
2011,Hamburg,Mecklenburg-Vorpommern,48,38,86,1120,1114,2234
2011,Hamburg,Sachsen,43,33,76,395,383,778
2011,Hamburg,Sachsen-Anhalt,33,15,48,291,264,555
2011,Hamburg,Thuringen,24,9,33,188,167,355
2011,Hamburg,Insgesamt,3651,2847,6498,29260,29297,58557
2011,Niedersachsen,Schleswig-Holstein,281,284,565,4565,4808,9373
2011,Niedersachsen,Hamburg,643,618,1261,6529,6872,13401
2011,Niedersachsen,Niedersachsen,0,0,0,0,0,0
2011,Niedersachsen,Bremen,658,588,1246,6558,6569,13127
2011,Niedersachsen,Nordrhein-Westfalen,2385,2037,4422,16212,17081,33293
2011,Niedersachsen,Hessen,677,546,1223,4485,4376,8861
2011,Niedersachsen,Rheinland-Pfalz,217,184,401,1587,1556,3143
2011,Niedersachsen,Baden-Wurttemberg,764,602,1366,4352,4162,8514
2011,Niedersachsen,Bayern,767,606,1373,4773,4352,9125
2011,Niedersachsen,Saarland,62,43,105,283,269,552
2011,Niedersachsen,Berlin,413,385,798,3411,3619,7030
2011,Niedersachsen,Brandenburg,82,60,142,1307,1220,2527
2011,Niedersachsen,Mecklenburg-Vorpommern,100,66,166,1599,1513,3112
2011,Niedersachsen,Sachsen,145,103,248,1763,1680,3443
2011,Niedersachsen,Sachsen-Anhalt,166,119,285,3004,2869,5873
2011,Niedersachsen,Thuringen,97,65,162,1253,1191,2444
2011,Niedersachsen,Insgesamt,7457,6306,13763,61681,62137,123818
2011,Bremen,Schleswig-Holstein,46,45,91,477,442,919
2011,Bremen,Hamburg,178,128,306,769,796,1565
2011,Bremen,Niedersachsen,612,495,1107,6491,6441,12932
2011,Bremen,Bremen,0,0,0,0,0,0
2011,Bremen,Nordrhein-Westfalen,276,203,479,1211,1214,2425
2011,Bremen,Hessen,83,60,143,405,399,804
2011,Bremen,Rheinland-Pfalz,24,23,47,162,125,287
2011,Bremen,Baden-Wurttemberg,101,82,183,553,467,1020
2011,Bremen,Bayern,169,92,261,605,459,1064
2011,Bremen,Saarland,8,7,15,31,19,50
2011,Bremen,Berlin,69,64,133,519,516,1035
2011,Bremen,Brandenburg,5,3,8,104,85,189
2011,Bremen,Mecklenburg-Vorpommern,23,7,30,155,147,302
2011,Bremen,Sachsen,33,22,55,174,148,322
2011,Bremen,Sachsen-Anhalt,11,8,19,84,113,197
2011,Bremen,Thuringen,10,12,22,72,80,152
2011,Bremen,Insgesamt,1648,1251,2899,11812,11451,23263
2011,Nordrhein-Westfalen,Schleswig-Holstein,244,223,467,3201,3405,6606
2011,Nordrhein-Westfalen,Hamburg,594,408,1002,3620,3702,7322
2011,Nordrhein-Westfalen,Niedersachsen,2030,1592,3622,16095,16333,32428
2011,Nordrhein-Westfalen,Bremen,267,199,466,1256,1200,2456
2011,Nordrhein-Westfalen,Nordrhein-Westfalen,0,0,0,0,0,0
2011,Nordrhein-Westfalen,Hessen,1956,1628,3584,10008,9881,19889
2011,Nordrhein-Westfalen,Rheinland-Pfalz,1042,838,1880,8413,8603,17016
2011,Nordrhein-Westfalen,Baden-Wurttemberg,2051,1664,3715,10210,9590,19800
2011,Nordrhein-Westfalen,Bayern,2171,1562,3733,10912,9796,20708
2011,Nordrhein-Westfalen,Saarland,178,146,324,845,825,1670
2011,Nordrhein-Westfalen,Berlin,861,743,1604,5749,5946,11695
2011,Nordrhein-Westfalen,Brandenburg,116,78,194,1535,1394,2929
2011,Nordrhein-Westfalen,Mecklenburg-Vorpommern,91,74,165,1269,1203,2472
2011,Nordrhein-Westfalen,Sachsen,305,206,511,2341,2282,4623
2011,Nordrhein-Westfalen,Sachsen-Anhalt,190,86,276,1558,1375,2933
2011,Nordrhein-Westfalen,Thuringen,166,130,296,1234,1167,2401
2011,Nordrhein-Westfalen,Insgesamt,12262,9577,21839,78246,76702,154948
2011,Hessen,Schleswig-Holstein,110,100,210,1205,1262,2467
2011,Hessen,Hamburg,270,178,448,1326,1423,2749
2011,Hessen,Niedersachsen,559,397,956,4212,4214,8426
2011,Hessen,Bremen,64,60,124,361,381,742
2011,Hessen,Nordrhein-Westfalen,1729,1395,3124,9006,9240,18246
2011,Hessen,Hessen,0,0,0,0,0,0
2011,Hessen,Rheinland-Pfalz,1160,986,2146,7138,7406,14544
2011,Hessen,Baden-Wurttemberg,1554,1281,2835,8137,8035,16172
2011,Hessen,Bayern,1630,1001,2631,7911,7213,15124
2011,Hessen,Saarland,109,91,200,490,508,998
2011,Hessen,Berlin,391,338,729,2504,2616,5120
2011,Hessen,Brandenburg,58,41,99,614,630,1244
2011,Hessen,Mecklenburg-Vorpommern,41,22,63,410,376,786
2011,Hessen,Sachsen,159,110,269,1403,1345,2748
2011,Hessen,Sachsen-Anhalt,81,54,135,678,723,1401
2011,Hessen,Thuringen,139,95,234,1630,1661,3291
2011,Hessen,Insgesamt,8054,6149,14203,47025,47033,94058
2011,Rheinland-Pfalz,Schleswig-Holstein,49,39,88,577,583,1160
2011,Rheinland-Pfalz,Hamburg,60,57,117,432,447,879
2011,Rheinland-Pfalz,Niedersachsen,172,153,325,1505,1515,3020
2011,Rheinland-Pfalz,Bremen,23,32,55,157,186,343
2011,Rheinland-Pfalz,Nordrhein-Westfalen,1140,1030,2170,8826,9116,17942
2011,Rheinland-Pfalz,Hessen,1344,1174,2518,7831,7951,15782
2011,Rheinland-Pfalz,Rheinland-Pfalz,0,0,0,0,0,0
2011,Rheinland-Pfalz,Baden-Wurttemberg,1286,1096,2382,7442,7409,14851
2011,Rheinland-Pfalz,Bayern,501,394,895,2952,2879,5831
2011,Rheinland-Pfalz,Saarland,225,203,428,2152,2259,4411
2011,Rheinland-Pfalz,Berlin,127,120,247,995,1024,2019
2011,Rheinland-Pfalz,Brandenburg,26,17,43,336,320,656
2011,Rheinland-Pfalz,Mecklenburg-Vorpommern,19,11,30,208,211,419
2011,Rheinland-Pfalz,Sachsen,66,44,110,638,588,1226
2011,Rheinland-Pfalz,Sachsen-Anhalt,31,21,52,319,291,610
2011,Rheinland-Pfalz,Thuringen,33,26,59,410,371,781
2011,Rheinland-Pfalz,Insgesamt,5102,4417,9519,34780,35150,69930
2011,Baden-Wurttemberg,Schleswig-Holstein,137,136,273,1396,1421,2817
2011,Baden-Wurttemberg,Hamburg,242,223,465,1654,1661,3315
2011,Baden-Wurttemberg,Niedersachsen,572,452,1024,3684,3581,7265
2011,Baden-Wurttemberg,Bremen,75,53,128,433,371,804
2011,Baden-Wurttemberg,Nordrhein-Westfalen,1909,1620,3529,8975,8799,17774
2011,Baden-Wurttemberg,Hessen,1881,1407,3288,8343,8129,16472
2011,Baden-Wurttemberg,Rheinland-Pfalz,1437,1183,2620,7316,7153,14469
2011,Baden-Wurttemberg,Baden-Wurttemberg,0,0,0,0,0,0
2011,Baden-Wurttemberg,Bayern,3299,2463,5762,19230,18280,37510
2011,Baden-Wurttemberg,Saarland,175,135,310,862,890,1752
2011,Baden-Wurttemberg,Berlin,550,549,1099,3865,3804,7669
2011,Baden-Wurttemberg,Brandenburg,95,45,140,1090,997,2087
2011,Baden-Wurttemberg,Mecklenburg-Vorpommern,43,35,78,597,623,1220
2011,Baden-Wurttemberg,Sachsen,208,156,364,2578,2499,5077
2011,Baden-Wurttemberg,Sachsen-Anhalt,116,74,190,1034,923,1957
2011,Baden-Wurttemberg,Thuringen,120,92,212,1314,1240,2554
2011,Baden-Wurttemberg,Insgesamt,10859,8623,19482,62371,60371,122742
2011,Bayern,Schleswig-Holstein,207,175,382,1546,1507,3053
2011,Bayern,Hamburg,273,202,475,1671,1767,3438
2011,Bayern,Niedersachsen,650,386,1036,3797,3474,7271
2011,Bayern,Bremen,88,51,139,438,373,811
2011,Bayern,Nordrhein-Westfalen,2048,1372,3420,8840,7926,16766
2011,Bayern,Hessen,1505,1091,2596,7417,6874,14291
2011,Bayern,Rheinland-Pfalz,414,300,714,2440,2356,4796
2011,Bayern,Baden-Wurttemberg,3011,2139,5150,17312,16834,34146
2011,Bayern,Bayern,0,0,0,0,0,0
2011,Bayern,Saarland,94,70,164,470,426,896
2011,Bayern,Berlin,555,573,1128,4224,4114,8338
2011,Bayern,Brandenburg,148,61,209,1290,1144,2434
2011,Bayern,Mecklenburg-Vorpommern,57,32,89,644,541,1185
2011,Bayern,Sachsen,322,193,515,4130,3788,7918
2011,Bayern,Sachsen-Anhalt,124,64,188,1227,1144,2371
2011,Bayern,Thuringen,235,128,363,2534,2424,4958
2011,Bayern,Insgesamt,9731,6837,16568,57980,54692,112672
2011,Saarland,Schleswig-Holstein,5,10,15,89,114,203
2011,Saarland,Hamburg,6,7,13,77,90,167
2011,Saarland,Niedersachsen,47,39,86,276,263,539
2011,Saarland,Bremen,13,7,20,39,35,74
2011,Saarland,Nordrhein-Westfalen,215,179,394,980,975,1955
2011,Saarland,Hessen,136,123,259,637,646,1283
2011,Saarland,Rheinland-Pfalz,200,180,380,2182,2336,4518
2011,Saarland,Baden-Wurttemberg,198,180,378,1098,1157,2255
2011,Saarland,Bayern,195,124,319,715,643,1358
2011,Saarland,Saarland,0,0,0,0,0,0
2011,Saarland,Berlin,32,52,84,257,269,526
2011,Saarland,Brandenburg,5,8,13,62,56,118
2011,Saarland,Mecklenburg-Vorpommern,4,1,5,33,23,56
2011,Saarland,Sachsen,82,47,129,179,131,310
2011,Saarland,Sachsen-Anhalt,10,3,13,48,48,96
2011,Saarland,Thuringen,17,8,25,71,71,142
2011,Saarland,Insgesamt,1165,968,2133,6743,6857,13600
2011,Berlin,Schleswig-Holstein,125,90,215,1170,1237,2407
2011,Berlin,Hamburg,229,193,422,1299,1369,2668
2011,Berlin,Niedersachsen,324,267,591,2654,2647,5301
2011,Berlin,Bremen,64,64,128,382,342,724
2011,Berlin,Nordrhein-Westfalen,816,640,1456,4053,4055,8108
2011,Berlin,Hessen,369,359,728,1859,1844,3703
2011,Berlin,Rheinland-Pfalz,119,98,217,749,694,1443
2011,Berlin,Baden-Wurttemberg,508,409,917,2863,2668,5531
2011,Berlin,Bayern,647,562,1209,3598,3362,6960
2011,Berlin,Saarland,36,32,68,153,154,307
2011,Berlin,Berlin,0,0,0,0,0,0
2011,Berlin,Brandenburg,755,666,1421,13008,13281,26289
2011,Berlin,Mecklenburg-Vorpommern,140,87,227,1525,1492,3017
2011,Berlin,Sachsen,279,193,472,1767,1816,3583
2011,Berlin,Sachsen-Anhalt,230,125,355,1154,1089,2243
2011,Berlin,Thuringen,78,67,145,658,645,1303
2011,Berlin,Insgesamt,4719,3852,8571,36892,36695,73587
2011,Brandenburg,Schleswig-Holstein,79,23,102,736,673,1409
2011,Brandenburg,Hamburg,64,33,97,570,547,1117
2011,Brandenburg,Niedersachsen,116,85,201,1537,1403,2940
2011,Brandenburg,Bremen,24,11,35,152,119,271
2011,Brandenburg,Nordrhein-Westfalen,172,136,308,1619,1515,3134
2011,Brandenburg,Hessen,77,54,131,739,650,1389
2011,Brandenburg,Rheinland-Pfalz,24,20,44,364,334,698
2011,Brandenburg,Baden-Wurttemberg,127,83,210,1374,1232,2606
2011,Brandenburg,Bayern,144,79,223,1559,1325,2884
2011,Brandenburg,Saarland,6,3,9,53,57,110
2011,Brandenburg,Berlin,987,896,1883,12136,11708,23844
2011,Brandenburg,Brandenburg,0,0,0,0,0,0
2011,Brandenburg,Mecklenburg-Vorpommern,92,35,127,1755,1726,3481
2011,Brandenburg,Sachsen,78,59,137,2590,2446,5036
2011,Brandenburg,Sachsen-Anhalt,44,33,77,1127,1149,2276
2011,Brandenburg,Thuringen,21,19,40,553,551,1104
2011,Brandenburg,Insgesamt,2055,1569,3624,26864,25435,52299
2011,Mecklenburg-Vorpommern,Schleswig-Holstein,102,73,175,2534,2388,4922
2011,Mecklenburg-Vorpommern,Hamburg,345,272,617,2099,1789,3888
2011,Mecklenburg-Vorpommern,Niedersachsen,129,102,231,1971,1670,3641
2011,Mecklenburg-Vorpommern,Bremen,28,19,47,194,215,409
2011,Mecklenburg-Vorpommern,Nordrhein-Westfalen,180,107,287,1336,1207,2543
2011,Mecklenburg-Vorpommern,Hessen,63,39,102,489,439,928
2011,Mecklenburg-Vorpommern,Rheinland-Pfalz,17,24,41,243,249,492
2011,Mecklenburg-Vorpommern,Baden-Wurttemberg,90,72,162,756,671,1427
2011,Mecklenburg-Vorpommern,Bayern,102,78,180,867,724,1591
2011,Mecklenburg-Vorpommern,Saarland,4,4,8,31,38,69
2011,Mecklenburg-Vorpommern,Berlin,208,132,340,2113,2033,4146
2011,Mecklenburg-Vorpommern,Brandenburg,42,38,80,1452,1482,2934
2011,Mecklenburg-Vorpommern,Mecklenburg-Vorpommern,0,0,0,0,0,0
2011,Mecklenburg-Vorpommern,Sachsen,44,27,71,885,848,1733
2011,Mecklenburg-Vorpommern,Sachsen-Anhalt,25,14,39,477,481,958
2011,Mecklenburg-Vorpommern,Thuringen,22,6,28,338,309,647
2011,Mecklenburg-Vorpommern,Insgesamt,1401,1007,2408,15785,14543,30328
2011,Sachsen,Schleswig-Holstein,81,40,121,644,601,1245
2011,Sachsen,Hamburg,122,87,209,594,614,1208
2011,Sachsen,Niedersachsen,216,121,337,1738,1614,3352
2011,Sachsen,Bremen,39,17,56,207,158,365
2011,Sachsen,Nordrhein-Westfalen,595,341,936,2649,2505,5154
2011,Sachsen,Hessen,293,188,481,1723,1600,3323
2011,Sachsen,Rheinland-Pfalz,80,67,147,680,638,1318
2011,Sachsen,Baden-Wurttemberg,397,308,705,3342,2894,6236
2011,Sachsen,Bayern,565,415,980,5146,4447,9593
2011,Sachsen,Saarland,16,16,32,106,86,192
2011,Sachsen,Berlin,388,316,704,2643,2861,5504
2011,Sachsen,Brandenburg,88,64,152,1974,2053,4027
2011,Sachsen,Mecklenburg-Vorpommern,35,16,51,701,837,1538
2011,Sachsen,Sachsen,0,0,0,0,0,0
2011,Sachsen,Sachsen-Anhalt,178,109,287,2474,2448,4922
2011,Sachsen,Thuringen,112,82,194,2418,2519,4937
2011,Sachsen,Insgesamt,3205,2187,5392,27039,25875,52914
2011,Sachsen-Anhalt,Schleswig-Holstein,40,35,75,481,488,969
2011,Sachsen-Anhalt,Hamburg,72,43,115,473,439,912
2011,Sachsen-Anhalt,Niedersachsen,277,219,496,3718,3625,7343
2011,Sachsen-Anhalt,Bremen,14,17,31,147,131,278
2011,Sachsen-Anhalt,Nordrhein-Westfalen,370,237,607,1910,1811,3721
2011,Sachsen-Anhalt,Hessen,135,103,238,945,977,1922
2011,Sachsen-Anhalt,Rheinland-Pfalz,55,33,88,398,371,769
2011,Sachsen-Anhalt,Baden-Wurttemberg,176,116,292,1345,1282,2627
2011,Sachsen-Anhalt,Bayern,248,151,399,1991,1630,3621
2011,Sachsen-Anhalt,Saarland,14,13,27,73,61,134
2011,Sachsen-Anhalt,Berlin,230,191,421,1691,1706,3397
2011,Sachsen-Anhalt,Brandenburg,61,34,95,1179,1244,2423
2011,Sachsen-Anhalt,Mecklenburg-Vorpommern,16,16,32,599,683,1282
2011,Sachsen-Anhalt,Sachsen,211,129,340,3622,3496,7118
2011,Sachsen-Anhalt,Sachsen-Anhalt,0,0,0,0,0,0
2011,Sachsen-Anhalt,Thuringen,80,43,123,1499,1673,3172
2011,Sachsen-Anhalt,Insgesamt,1999,1380,3379,20071,19617,39688
2011,Thuringen,Schleswig-Holstein,25,23,48,303,292,595
2011,Thuringen,Hamburg,47,31,78,332,267,599
2011,Thuringen,Niedersachsen,141,98,239,1586,1478,3064
2011,Thuringen,Bremen,15,12,27,88,91,179
2011,Thuringen,Nordrhein-Westfalen,311,245,556,1665,1531,3196
2011,Thuringen,Hessen,282,191,473,2160,2095,4255
2011,Thuringen,Rheinland-Pfalz,47,37,84,447,431,878
2011,Thuringen,Baden-Wurttemberg,188,146,334,1733,1517,3250
2011,Thuringen,Bayern,334,205,539,3463,3068,6531
2011,Thuringen,Saarland,12,15,27,82,86,168
2011,Thuringen,Berlin,134,135,269,1057,1127,2184
2011,Thuringen,Brandenburg,27,15,42,474,524,998
2011,Thuringen,Mecklenburg-Vorpommern,18,14,32,358,369,727
2011,Thuringen,Sachsen,145,107,252,3285,3126,6411
2011,Thuringen,Sachsen-Anhalt,64,39,103,1324,1375,2699
2011,Thuringen,Thuringen,0,0,0,0,0,0
2011,Thuringen,Insgesamt,1790,1313,3103,18357,17377,35734
2011,Insgesamt,Schleswig-Holstein,2667,2321,4988,30377,31182,61559
2011,Insgesamt,Hamburg,4102,3444,7546,30825,31593,62418
2011,Insgesamt,Niedersachsen,6756,5229,11985,60070,59314,119384
2011,Insgesamt,Bremen,1565,1271,2836,11502,11197,22699
2011,Insgesamt,Nordrhein-Westfalen,12953,10110,23063,72659,72357,145016
2011,Insgesamt,Hessen,9158,7201,16359,49131,47886,97017
2011,Insgesamt,Rheinland-Pfalz,4936,4054,8990,32972,33026,65998
2011,Insgesamt,Baden-Wurttemberg,10847,8473,19320,63293,60503,123796
2011,Insgesamt,Bayern,11335,8116,19451,66976,61059,128035
2011,Insgesamt,Saarland,963,800,1763,5769,5814,11583
2011,Insgesamt,Berlin,5298,4820,10118,44283,44645,88928
2011,Insgesamt,Brandenburg,1580,1182,2762,25382,25321,50703
2011,Insgesamt,Mecklenburg-Vorpommern,779,506,1285,13090,12888,25978
2011,Insgesamt,Sachsen,2158,1461,3619,26260,25065,51325
2011,Insgesamt,Sachsen-Anhalt,1326,773,2099,15224,14709,29933
2011,Insgesamt,Thuringen,1171,794,1965,14458,14340,28798
2011,Insgesamt,Insgesamt,77594,60555,138149,562271,550899,1113170
2012,Schleswig-Holstein,Schleswig-Holstein,0,0,0,0,0,0
2012,Schleswig-Holstein,Hamburg,1031,833,1864,9376,9931,19307
2012,Schleswig-Holstein,Niedersachsen,382,273,655,4696,4804,9500
2012,Schleswig-Holstein,Bremen,101,55,156,559,526,1085
2012,Schleswig-Holstein,Nordrhein-Westfalen,412,316,728,2891,2888,5779
2012,Schleswig-Holstein,Hessen,140,93,233,1022,1014,2036
2012,Schleswig-Holstein,Rheinland-Pfalz,54,50,104,521,492,1013
2012,Schleswig-Holstein,Baden-Wurttemberg,191,164,355,1487,1368,2855
2012,Schleswig-Holstein,Bayern,253,168,421,1643,1429,3072
2012,Schleswig-Holstein,Saarland,15,11,26,73,77,150
2012,Schleswig-Holstein,Berlin,142,111,253,1463,1434,2897
2012,Schleswig-Holstein,Brandenburg,26,16,42,586,555,1141
2012,Schleswig-Holstein,Mecklenburg-Vorpommern,58,51,109,2103,2028,4131
2012,Schleswig-Holstein,Sachsen,50,18,68,556,469,1025
2012,Schleswig-Holstein,Sachsen-Anhalt,25,15,40,362,381,743
2012,Schleswig-Holstein,Thuringen,24,19,43,257,267,524
2012,Schleswig-Holstein,Insgesamt,2904,2193,5097,27595,27663,55258
2012,Hamburg,Schleswig-Holstein,1301,1075,2376,11344,11770,23114
2012,Hamburg,Hamburg,0,0,0,0,0,0
2012,Hamburg,Niedersachsen,691,586,1277,6420,6507,12927
2012,Hamburg,Bremen,121,112,233,565,539,1104
2012,Hamburg,Nordrhein-Westfalen,490,295,785,2406,2282,4688
2012,Hamburg,Hessen,251,162,413,1010,913,1923
2012,Hamburg,Rheinland-Pfalz,49,56,105,328,343,671
2012,Hamburg,Baden-Wurttemberg,246,178,424,1279,1203,2482
2012,Hamburg,Bayern,352,218,570,1564,1480,3044
2012,Hamburg,Saarland,13,11,24,57,55,112
2012,Hamburg,Berlin,305,221,526,1810,1804,3614
2012,Hamburg,Brandenburg,41,22,63,432,382,814
2012,Hamburg,Mecklenburg-Vorpommern,53,40,93,1088,1043,2131
2012,Hamburg,Sachsen,66,37,103,436,418,854
2012,Hamburg,Sachsen-Anhalt,40,18,58,265,263,528
2012,Hamburg,Thuringen,23,13,36,168,182,350
2012,Hamburg,Insgesamt,4042,3044,7086,29172,29184,58356
2012,Niedersachsen,Schleswig-Holstein,343,286,629,4502,4705,9207
2012,Niedersachsen,Hamburg,723,597,1320,6387,6745,13132
2012,Niedersachsen,Niedersachsen,0,0,0,0,0,0
2012,Niedersachsen,Bremen,700,650,1350,6631,6554,13185
2012,Niedersachsen,Nordrhein-Westfalen,2528,2028,4556,15147,15714,30861
2012,Niedersachsen,Hessen,688,585,1273,4056,4235,8291
2012,Niedersachsen,Rheinland-Pfalz,224,218,442,1414,1471,2885
2012,Niedersachsen,Baden-Wurttemberg,791,689,1480,4144,4036,8180
2012,Niedersachsen,Bayern,887,618,1505,4638,4212,8850
2012,Niedersachsen,Saarland,56,45,101,237,231,468
2012,Niedersachsen,Berlin,433,389,822,3362,3690,7052
2012,Niedersachsen,Brandenburg,90,62,152,1179,1123,2302
2012,Niedersachsen,Mecklenburg-Vorpommern,140,73,213,1582,1471,3053
2012,Niedersachsen,Sachsen,184,134,318,1674,1674,3348
2012,Niedersachsen,Sachsen-Anhalt,198,150,348,2964,2928,5892
2012,Niedersachsen,Thuringen,138,96,234,1263,1208,2471
2012,Niedersachsen,Insgesamt,8123,6620,14743,59180,59997,119177
2012,Bremen,Schleswig-Holstein,51,33,84,438,471,909
2012,Bremen,Hamburg,173,110,283,733,753,1486
2012,Bremen,Niedersachsen,602,511,1113,6479,6579,13058
2012,Bremen,Bremen,0,0,0,0,0,0
2012,Bremen,Nordrhein-Westfalen,235,208,443,1107,1155,2262
2012,Bremen,Hessen,64,67,131,364,321,685
2012,Bremen,Rheinland-Pfalz,32,31,63,145,148,293
2012,Bremen,Baden-Wurttemberg,132,74,206,568,450,1018
2012,Bremen,Bayern,146,102,248,622,546,1168
2012,Bremen,Saarland,7,6,13,28,35,63
2012,Bremen,Berlin,77,83,160,528,515,1043
2012,Bremen,Brandenburg,14,4,18,91,96,187
2012,Bremen,Mecklenburg-Vorpommern,18,5,23,156,164,320
2012,Bremen,Sachsen,26,23,49,190,159,349
2012,Bremen,Sachsen-Anhalt,12,11,23,100,99,199
2012,Bremen,Thuringen,6,7,13,65,75,140
2012,Bremen,Insgesamt,1595,1275,2870,11614,11566,23180
2012,Nordrhein-Westfalen,Schleswig-Holstein,317,276,593,3246,3491,6737
2012,Nordrhein-Westfalen,Hamburg,603,467,1070,3467,3645,7112
2012,Nordrhein-Westfalen,Niedersachsen,2179,1679,3858,15977,16746,32723
2012,Nordrhein-Westfalen,Bremen,227,200,427,1232,1302,2534
2012,Nordrhein-Westfalen,Nordrhein-Westfalen,0,0,0,0,0,0
2012,Nordrhein-Westfalen,Hessen,2023,1595,3618,9338,9287,18625
2012,Nordrhein-Westfalen,Rheinland-Pfalz,1204,926,2130,8600,8744,17344
2012,Nordrhein-Westfalen,Baden-Wurttemberg,2268,1800,4068,10536,10019,20555
2012,Nordrhein-Westfalen,Bayern,2324,1655,3979,10696,9903,20599
2012,Nordrhein-Westfalen,Saarland,212,147,359,843,788,1631
2012,Nordrhein-Westfalen,Berlin,860,772,1632,5777,5882,11659
2012,Nordrhein-Westfalen,Brandenburg,119,80,199,1434,1442,2876
2012,Nordrhein-Westfalen,Mecklenburg-Vorpommern,151,72,223,1196,1144,2340
2012,Nordrhein-Westfalen,Sachsen,299,199,498,2368,2245,4613
2012,Nordrhein-Westfalen,Sachsen-Anhalt,193,117,310,1456,1336,2792
2012,Nordrhein-Westfalen,Thuringen,192,124,316,1319,1234,2553
2012,Nordrhein-Westfalen,Insgesamt,13171,10109,23280,77485,77208,154693
2012,Hessen,Schleswig-Holstein,122,73,195,1137,1275,2412
2012,Hessen,Hamburg,226,182,408,1335,1326,2661
2012,Hessen,Niedersachsen,529,418,947,4135,4394,8529
2012,Hessen,Bremen,82,62,144,393,362,755
2012,Hessen,Nordrhein-Westfalen,1861,1456,3317,8765,8940,17705
2012,Hessen,Hessen,0,0,0,0,0,0
2012,Hessen,Rheinland-Pfalz,1308,1046,2354,7314,7400,14714
2012,Hessen,Baden-Wurttemberg,1829,1405,3234,8452,8220,16672
2012,Hessen,Bayern,1861,1193,3054,8249,7445,15694
2012,Hessen,Saarland,140,102,242,541,521,1062
2012,Hessen,Berlin,452,398,850,2572,2628,5200
2012,Hessen,Brandenburg,51,45,96,622,609,1231
2012,Hessen,Mecklenburg-Vorpommern,44,33,77,439,411,850
2012,Hessen,Sachsen,178,132,310,1461,1472,2933
2012,Hessen,Sachsen-Anhalt,101,37,138,659,662,1321
2012,Hessen,Thuringen,154,94,248,1547,1597,3144
2012,Hessen,Insgesamt,8938,6676,15614,47621,47262,94883
2012,Rheinland-Pfalz,Schleswig-Holstein,57,59,116,523,580,1103
2012,Rheinland-Pfalz,Hamburg,64,58,122,441,494,935
2012,Rheinland-Pfalz,Niedersachsen,189,159,348,1492,1513,3005
2012,Rheinland-Pfalz,Bremen,27,37,64,166,146,312
2012,Rheinland-Pfalz,Nordrhein-Westfalen,1154,1001,2155,8598,9031,17629
2012,Rheinland-Pfalz,Hessen,1388,1151,2539,7324,7595,14919
2012,Rheinland-Pfalz,Rheinland-Pfalz,0,0,0,0,0,0
2012,Rheinland-Pfalz,Baden-Wurttemberg,1456,1191,2647,7770,7398,15168
2012,Rheinland-Pfalz,Bayern,606,404,1010,3074,2817,5891
2012,Rheinland-Pfalz,Saarland,291,209,500,2157,2273,4430
2012,Rheinland-Pfalz,Berlin,124,132,256,1008,1090,2098
2012,Rheinland-Pfalz,Brandenburg,22,21,43,366,340,706
2012,Rheinland-Pfalz,Mecklenburg-Vorpommern,8,11,19,207,207,414
2012,Rheinland-Pfalz,Sachsen,88,60,148,673,617,1290
2012,Rheinland-Pfalz,Sachsen-Anhalt,29,16,45,305,265,570
2012,Rheinland-Pfalz,Thuringen,35,28,63,354,378,732
2012,Rheinland-Pfalz,Insgesamt,5538,4537,10075,34458,34744,69202
2012,Baden-Wurttemberg,Schleswig-Holstein,131,114,245,1250,1400,2650
2012,Baden-Wurttemberg,Hamburg,250,220,470,1635,1713,3348
2012,Baden-Wurttemberg,Niedersachsen,678,457,1135,3838,3549,7387
2012,Baden-Wurttemberg,Bremen,129,78,207,488,372,860
2012,Baden-Wurttemberg,Nordrhein-Westfalen,2138,1682,3820,8928,8679,17607
2012,Baden-Wurttemberg,Hessen,1924,1482,3406,8141,8055,16196
2012,Baden-Wurttemberg,Rheinland-Pfalz,1625,1276,2901,7309,7301,14610
2012,Baden-Wurttemberg,Baden-Wurttemberg,0,0,0,0,0,0
2012,Baden-Wurttemberg,Bayern,3871,2539,6410,19175,18252,37427
2012,Baden-Wurttemberg,Saarland,183,167,350,841,879,1720
2012,Baden-Wurttemberg,Berlin,646,567,1213,3877,4005,7882
2012,Baden-Wurttemberg,Brandenburg,81,61,142,1064,988,2052
2012,Baden-Wurttemberg,Mecklenburg-Vorpommern,53,46,99,595,574,1169
2012,Baden-Wurttemberg,Sachsen,281,185,466,2641,2341,4982
2012,Baden-Wurttemberg,Sachsen-Anhalt,124,77,201,948,902,1850
2012,Baden-Wurttemberg,Thuringen,184,110,294,1310,1203,2513
2012,Baden-Wurttemberg,Insgesamt,12298,9061,21359,62040,60213,122253
2012,Bayern,Schleswig-Holstein,231,202,433,1484,1511,2995
2012,Bayern,Hamburg,327,192,519,1718,1714,3432
2012,Bayern,Niedersachsen,755,495,1250,3891,3561,7452
2012,Bayern,Bremen,118,62,180,471,392,863
2012,Bayern,Nordrhein-Westfalen,2154,1486,3640,8580,7820,16400
2012,Bayern,Hessen,1625,1094,2719,6921,6435,13356
2012,Bayern,Rheinland-Pfalz,468,363,831,2481,2412,4893
2012,Bayern,Baden-Wurttemberg,3541,2412,5953,17254,16769,34023
2012,Bayern,Bayern,0,0,0,0,0,0
2012,Bayern,Saarland,120,84,204,473,413,886
2012,Bayern,Berlin,704,617,1321,4213,4147,8360
2012,Bayern,Brandenburg,149,57,206,1310,1100,2410
2012,Bayern,Mecklenburg-Vorpommern,61,29,90,611,529,1140
2012,Bayern,Sachsen,385,213,598,4011,3724,7735
2012,Bayern,Sachsen-Anhalt,133,74,207,1223,1081,2304
2012,Bayern,Thuringen,223,152,375,2525,2491,5016
2012,Bayern,Insgesamt,10994,7532,18526,57166,54099,111265
2012,Saarland,Schleswig-Holstein,11,9,20,90,120,210
2012,Saarland,Hamburg,19,16,35,108,109,217
2012,Saarland,Niedersachsen,63,42,105,279,300,579
2012,Saarland,Bremen,9,9,18,29,38,67
2012,Saarland,Nordrhein-Westfalen,213,157,370,932,937,1869
2012,Saarland,Hessen,191,114,305,638,620,1258
2012,Saarland,Rheinland-Pfalz,235,231,466,2154,2401,4555
2012,Saarland,Baden-Wurttemberg,298,210,508,1193,1206,2399
2012,Saarland,Bayern,162,122,284,645,610,1255
2012,Saarland,Saarland,0,0,0,0,0,0
2012,Saarland,Berlin,33,31,64,245,236,481
2012,Saarland,Brandenburg,8,7,15,59,45,104
2012,Saarland,Mecklenburg-Vorpommern,4,7,11,36,35,71
2012,Saarland,Sachsen,73,35,108,186,115,301
2012,Saarland,Sachsen-Anhalt,12,3,15,50,39,89
2012,Saarland,Thuringen,10,8,18,61,67,128
2012,Saarland,Insgesamt,1341,1001,2342,6705,6878,13583
2012,Berlin,Schleswig-Holstein,166,98,264,1247,1253,2500
2012,Berlin,Hamburg,273,232,505,1378,1470,2848
2012,Berlin,Niedersachsen,390,319,709,2622,2732,5354
2012,Berlin,Bremen,78,57,135,358,345,703
2012,Berlin,Nordrhein-Westfalen,924,708,1632,4063,3985,8048
2012,Berlin,Hessen,461,364,825,1867,1809,3676
2012,Berlin,Rheinland-Pfalz,118,101,219,695,683,1378
2012,Berlin,Baden-Wurttemberg,636,530,1166,3153,2942,6095
2012,Berlin,Bayern,711,619,1330,3679,3457,7136
2012,Berlin,Saarland,41,30,71,169,140,309
2012,Berlin,Berlin,0,0,0,0,0,0
2012,Berlin,Brandenburg,928,759,1687,13530,13373,26903
2012,Berlin,Mecklenburg-Vorpommern,149,86,235,1462,1432,2894
2012,Berlin,Sachsen,352,220,572,1915,1909,3824
2012,Berlin,Sachsen-Anhalt,218,179,397,1103,1169,2272
2012,Berlin,Thuringen,99,100,199,672,727,1399
2012,Berlin,Insgesamt,5544,4402,9946,37913,37426,75339
2012,Brandenburg,Schleswig-Holstein,40,39,79,691,629,1320
2012,Brandenburg,Hamburg,71,47,118,528,450,978
2012,Brandenburg,Niedersachsen,115,77,192,1444,1313,2757
2012,Brandenburg,Bremen,13,9,22,128,115,243
2012,Brandenburg,Nordrhein-Westfalen,175,121,296,1461,1393,2854
2012,Brandenburg,Hessen,92,61,153,640,571,1211
2012,Brandenburg,Rheinland-Pfalz,22,26,48,359,330,689
2012,Brandenburg,Baden-Wurttemberg,153,71,224,1271,1038,2309
2012,Brandenburg,Bayern,124,93,217,1562,1303,2865
2012,Brandenburg,Saarland,7,4,11,59,49,108
2012,Brandenburg,Berlin,1101,960,2061,11706,11145,22851
2012,Brandenburg,Brandenburg,0,0,0,0,0,0
2012,Brandenburg,Mecklenburg-Vorpommern,58,36,94,1520,1630,3150
2012,Brandenburg,Sachsen,118,72,190,2544,2550,5094
2012,Brandenburg,Sachsen-Anhalt,74,46,120,1128,1188,2316
2012,Brandenburg,Thuringen,34,22,56,460,486,946
2012,Brandenburg,Insgesamt,2197,1684,3881,25501,24190,49691
2012,Mecklenburg-Vorpommern,Schleswig-Holstein,96,77,173,2347,2208,4555
2012,Mecklenburg-Vorpommern,Hamburg,559,399,958,2134,1830,3964
2012,Mecklenburg-Vorpommern,Niedersachsen,164,132,296,1984,1746,3730
2012,Mecklenburg-Vorpommern,Bremen,10,16,26,173,179,352
2012,Mecklenburg-Vorpommern,Nordrhein-Westfalen,212,131,343,1248,1146,2394
2012,Mecklenburg-Vorpommern,Hessen,78,39,117,457,380,837
2012,Mecklenburg-Vorpommern,Rheinland-Pfalz,23,13,36,255,211,466
2012,Mecklenburg-Vorpommern,Baden-Wurttemberg,86,68,154,768,648,1416
2012,Mecklenburg-Vorpommern,Bayern,158,66,224,880,656,1536
2012,Mecklenburg-Vorpommern,Saarland,4,4,8,34,37,71
2012,Mecklenburg-Vorpommern,Berlin,171,142,313,1991,1903,3894
2012,Mecklenburg-Vorpommern,Brandenburg,79,43,122,1407,1416,2823
2012,Mecklenburg-Vorpommern,Mecklenburg-Vorpommern,0,0,0,0,0,0
2012,Mecklenburg-Vorpommern,Sachsen,51,40,91,834,836,1670
2012,Mecklenburg-Vorpommern,Sachsen-Anhalt,37,15,52,497,488,985
2012,Mecklenburg-Vorpommern,Thuringen,21,12,33,286,317,603
2012,Mecklenburg-Vorpommern,Insgesamt,1749,1197,2946,15295,14001,29296
2012,Sachsen,Schleswig-Holstein,61,35,96,533,491,1024
2012,Sachsen,Hamburg,81,71,152,519,521,1040
2012,Sachsen,Niedersachsen,256,171,427,1670,1514,3184
2012,Sachsen,Bremen,37,31,68,152,143,295
2012,Sachsen,Nordrhein-Westfalen,584,325,909,2399,2143,4542
2012,Sachsen,Hessen,277,197,474,1496,1398,2894
2012,Sachsen,Rheinland-Pfalz,103,51,154,632,543,1175
2012,Sachsen,Baden-Wurttemberg,372,245,617,2832,2468,5300
2012,Sachsen,Bayern,512,365,877,4669,3986,8655
2012,Sachsen,Saarland,31,17,48,108,97,205
2012,Sachsen,Berlin,454,320,774,2439,2589,5028
2012,Sachsen,Brandenburg,105,70,175,1903,2061,3964
2012,Sachsen,Mecklenburg-Vorpommern,39,28,67,689,763,1452
2012,Sachsen,Sachsen,0,0,0,0,0,0
2012,Sachsen,Sachsen-Anhalt,157,94,251,2357,2410,4767
2012,Sachsen,Thuringen,149,107,256,2411,2390,4801
2012,Sachsen,Insgesamt,3218,2127,5345,24809,23517,48326
2012,Sachsen-Anhalt,Schleswig-Holstein,54,30,84,463,455,918
2012,Sachsen-Anhalt,Hamburg,99,44,143,474,414,888
2012,Sachsen-Anhalt,Niedersachsen,343,262,605,3708,3432,7140
2012,Sachsen-Anhalt,Bremen,18,16,34,138,111,249
2012,Sachsen-Anhalt,Nordrhein-Westfalen,400,260,660,1700,1584,3284
2012,Sachsen-Anhalt,Hessen,144,82,226,925,816,1741
2012,Sachsen-Anhalt,Rheinland-Pfalz,41,31,72,367,337,704
2012,Sachsen-Anhalt,Baden-Wurttemberg,217,153,370,1344,1220,2564
2012,Sachsen-Anhalt,Bayern,248,140,388,1681,1390,3071
2012,Sachsen-Anhalt,Saarland,12,11,23,55,59,114
2012,Sachsen-Anhalt,Berlin,291,210,501,1631,1708,3339
2012,Sachsen-Anhalt,Brandenburg,63,44,107,1153,1295,2448
2012,Sachsen-Anhalt,Mecklenburg-Vorpommern,25,14,39,584,575,1159
2012,Sachsen-Anhalt,Sachsen,246,177,423,3573,3566,7139
2012,Sachsen-Anhalt,Sachsen-Anhalt,0,0,0,0,0,0
2012,Sachsen-Anhalt,Thuringen,78,41,119,1447,1466,2913
2012,Sachsen-Anhalt,Insgesamt,2279,1515,3794,19243,18428,37671
2012,Thuringen,Schleswig-Holstein,22,29,51,310,320,630
2012,Thuringen,Hamburg,47,42,89,296,290,586
2012,Thuringen,Niedersachsen,160,117,277,1527,1458,2985
2012,Thuringen,Bremen,17,16,33,89,106,195
2012,Thuringen,Nordrhein-Westfalen,363,248,611,1610,1402,3012
2012,Thuringen,Hessen,260,175,435,1978,1986,3964
2012,Thuringen,Rheinland-Pfalz,82,49,131,445,445,890
2012,Thuringen,Baden-Wurttemberg,236,159,395,1645,1452,3097
2012,Thuringen,Bayern,337,239,576,3440,3048,6488
2012,Thuringen,Saarland,15,13,28,67,77,144
2012,Thuringen,Berlin,136,105,241,1020,1055,2075
2012,Thuringen,Brandenburg,23,11,34,467,515,982
2012,Thuringen,Mecklenburg-Vorpommern,17,13,30,329,330,659
2012,Thuringen,Sachsen,135,111,246,3140,3179,6319
2012,Thuringen,Sachsen-Anhalt,66,43,109,1365,1358,2723
2012,Thuringen,Thuringen,0,0,0,0,0,0
2012,Thuringen,Insgesamt,1916,1370,3286,17728,17021,34749
2012,Insgesamt,Schleswig-Holstein,3003,2435,5438,29605,30679,60284
2012,Insgesamt,Hamburg,4546,3510,8056,30529,31405,61934
2012,Insgesamt,Niedersachsen,7496,5698,13194,60162,60148,120310
2012,Insgesamt,Bremen,1687,1410,3097,11572,11230,22802
2012,Insgesamt,Nordrhein-Westfalen,13843,10422,24265,69835,69099,138934
2012,Insgesamt,Hessen,9606,7261,16867,46177,45435,91612
2012,Insgesamt,Rheinland-Pfalz,5588,4468,10056,33019,33261,66280
2012,Insgesamt,Baden-Wurttemberg,12452,9349,21801,63696,60437,124133
2012,Insgesamt,Bayern,12552,8541,21093,66217,60534,126751
2012,Insgesamt,Saarland,1147,861,2008,5742,5731,11473
2012,Insgesamt,Berlin,5929,5058,10987,43642,43831,87473
2012,Insgesamt,Brandenburg,1799,1302,3101,25603,25340,50943
2012,Insgesamt,Mecklenburg-Vorpommern,878,544,1422,12597,12336,24933
2012,Insgesamt,Sachsen,2532,1656,4188,26202,25274,51476
2012,Insgesamt,Sachsen-Anhalt,1419,895,2314,14782,14569,29351
2012,Insgesamt,Thuringen,1370,933,2303,14145,14088,28233
2012,Insgesamt,Insgesamt,85847,64343,150190,553525,543397,1096922
2013,Schleswig-Holstein,Schleswig-Holstein,0,0,0,0,0,0
2013,Schleswig-Holstein,Hamburg,1202,1085,2287,9601,9937,19538
2013,Schleswig-Holstein,Niedersachsen,440,275,715,4718,4694,9412
2013,Schleswig-Holstein,Bremen,58,46,104,492,496,988
2013,Schleswig-Holstein,Nordrhein-Westfalen,437,357,794,2916,2880,5796
2013,Schleswig-Holstein,Hessen,121,119,240,969,1009,1978
2013,Schleswig-Holstein,Rheinland-Pfalz,66,58,124,503,493,996
2013,Schleswig-Holstein,Baden-Wurttemberg,203,193,396,1488,1526,3014
2013,Schleswig-Holstein,Bayern,269,182,451,1612,1421,3033
2013,Schleswig-Holstein,Saarland,5,5,10,76,87,163
2013,Schleswig-Holstein,Berlin,145,140,285,1277,1446,2723
2013,Schleswig-Holstein,Brandenburg,35,23,58,591,588,1179
2013,Schleswig-Holstein,Mecklenburg-Vorpommern,86,57,143,2108,2056,4164
2013,Schleswig-Holstein,Sachsen,43,24,67,563,521,1084
2013,Schleswig-Holstein,Sachsen-Anhalt,42,22,64,418,391,809
2013,Schleswig-Holstein,Thuringen,19,22,41,237,252,489
2013,Schleswig-Holstein,Insgesamt,3171,2608,5779,27569,27797,55366
2013,Hamburg,Schleswig-Holstein,1481,1174,2655,11991,12166,24157
2013,Hamburg,Hamburg,0,0,0,0,0,0
2013,Hamburg,Niedersachsen,779,584,1363,6566,6721,13287
2013,Hamburg,Bremen,134,80,214,550,561,1111
2013,Hamburg,Nordrhein-Westfalen,456,352,808,2320,2365,4685
2013,Hamburg,Hessen,181,162,343,946,974,1920
2013,Hamburg,Rheinland-Pfalz,59,36,95,336,342,678
2013,Hamburg,Baden-Wurttemberg,295,185,480,1321,1215,2536
2013,Hamburg,Bayern,348,242,590,1594,1497,3091
2013,Hamburg,Saarland,13,12,25,62,61,123
2013,Hamburg,Berlin,313,230,543,1780,1771,3551
2013,Hamburg,Brandenburg,31,22,53,349,323,672
2013,Hamburg,Mecklenburg-Vorpommern,68,56,124,1077,1069,2146
2013,Hamburg,Sachsen,58,32,90,425,433,858
2013,Hamburg,Sachsen-Anhalt,38,21,59,295,245,540
2013,Hamburg,Thuringen,21,16,37,189,154,343
2013,Hamburg,Insgesamt,4275,3204,7479,29801,29897,59698
2013,Niedersachsen,Schleswig-Holstein,425,325,750,4675,4782,9457
2013,Niedersachsen,Hamburg,812,674,1486,6554,6931,13485
2013,Niedersachsen,Niedersachsen,0,0,0,0,0,0
2013,Niedersachsen,Bremen,787,665,1452,6709,6610,13319
2013,Niedersachsen,Nordrhein-Westfalen,2773,2188,4961,15537,16151,31688
2013,Niedersachsen,Hessen,727,634,1361,3931,4162,8093
2013,Niedersachsen,Rheinland-Pfalz,257,226,483,1477,1467,2944
2013,Niedersachsen,Baden-Wurttemberg,1023,785,1808,4263,4090,8353
2013,Niedersachsen,Bayern,1107,751,1858,4812,4254,9066
2013,Niedersachsen,Saarland,85,51,136,291,261,552
2013,Niedersachsen,Berlin,445,390,835,3304,3364,6668
2013,Niedersachsen,Brandenburg,126,63,189,1218,1073,2291
2013,Niedersachsen,Mecklenburg-Vorpommern,169,65,234,1536,1427,2963
2013,Niedersachsen,Sachsen,248,152,400,1695,1573,3268
2013,Niedersachsen,Sachsen-Anhalt,200,131,331,2800,2766,5566
2013,Niedersachsen,Thuringen,145,98,243,1211,1217,2428
2013,Niedersachsen,Insgesamt,9329,7198,16527,60013,60128,120141
2013,Bremen,Schleswig-Holstein,86,46,132,447,401,848
2013,Bremen,Hamburg,148,147,295,695,774,1469
2013,Bremen,Niedersachsen,659,562,1221,6675,7048,13723
2013,Bremen,Bremen,0,0,0,0,0,0
2013,Bremen,Nordrhein-Westfalen,259,209,468,1151,1203,2354
2013,Bremen,Hessen,93,74,167,376,351,727
2013,Bremen,Rheinland-Pfalz,26,30,56,161,145,306
2013,Bremen,Baden-Wurttemberg,103,79,182,454,408,862
2013,Bremen,Bayern,171,115,286,590,482,1072
2013,Bremen,Saarland,8,2,10,26,24,50
2013,Bremen,Berlin,92,99,191,468,513,981
2013,Bremen,Brandenburg,15,13,28,109,108,217
2013,Bremen,Mecklenburg-Vorpommern,8,10,18,124,149,273
2013,Bremen,Sachsen,27,21,48,181,161,342
2013,Bremen,Sachsen-Anhalt,15,16,31,119,105,224
2013,Bremen,Thuringen,11,11,22,90,92,182
2013,Bremen,Insgesamt,1721,1434,3155,11666,11964,23630
2013,Nordrhein-Westfalen,Schleswig-Holstein,417,295,712,3473,3710,7183
2013,Nordrhein-Westfalen,Hamburg,665,456,1121,3634,3742,7376
2013,Nordrhein-Westfalen,Niedersachsen,2618,1734,4352,16864,16933,33797
2013,Nordrhein-Westfalen,Bremen,277,243,520,1330,1354,2684
2013,Nordrhein-Westfalen,Nordrhein-Westfalen,0,0,0,0,0,0
2013,Nordrhein-Westfalen,Hessen,2268,1684,3952,9734,9605,19339
2013,Nordrhein-Westfalen,Rheinland-Pfalz,1330,974,2304,8992,8791,17783
2013,Nordrhein-Westfalen,Baden-Wurttemberg,2663,1870,4533,10590,9790,20380
2013,Nordrhein-Westfalen,Bayern,2708,1736,4444,11041,9592,20633
2013,Nordrhein-Westfalen,Saarland,205,132,337,841,779,1620
2013,Nordrhein-Westfalen,Berlin,1111,862,1973,5811,5839,11650
2013,Nordrhein-Westfalen,Brandenburg,164,90,254,1497,1419,2916
2013,Nordrhein-Westfalen,Mecklenburg-Vorpommern,145,72,217,1184,1206,2390
2013,Nordrhein-Westfalen,Sachsen,381,210,591,2585,2339,4924
2013,Nordrhein-Westfalen,Sachsen-Anhalt,288,124,412,1654,1378,3032
2013,Nordrhein-Westfalen,Thuringen,251,125,376,1403,1256,2659
2013,Nordrhein-Westfalen,Insgesamt,15491,10607,26098,80633,77733,158366
2013,Hessen,Schleswig-Holstein,154,133,287,1260,1342,2602
2013,Hessen,Hamburg,194,176,370,1264,1305,2569
2013,Hessen,Niedersachsen,631,480,1111,4355,4344,8699
2013,Hessen,Bremen,78,52,130,397,328,725
2013,Hessen,Nordrhein-Westfalen,2060,1515,3575,8990,9122,18112
2013,Hessen,Hessen,0,0,0,0,0,0
2013,Hessen,Rheinland-Pfalz,1363,1059,2422,7452,7637,15089
2013,Hessen,Baden-Wurttemberg,2121,1372,3493,8645,8139,16784
2013,Hessen,Bayern,1853,1276,3129,8098,7578,15676
2013,Hessen,Saarland,116,120,236,498,547,1045
2013,Hessen,Berlin,500,448,948,2609,2665,5274
2013,Hessen,Brandenburg,65,40,105,616,594,1210
2013,Hessen,Mecklenburg-Vorpommern,48,29,77,416,442,858
2013,Hessen,Sachsen,197,113,310,1362,1372,2734
2013,Hessen,Sachsen-Anhalt,94,49,143,726,678,1404
2013,Hessen,Thuringen,148,87,235,1536,1621,3157
2013,Hessen,Insgesamt,9622,6949,16571,48224,47714,95938
2013,Rheinland-Pfalz,Schleswig-Holstein,55,46,101,570,593,1163
2013,Rheinland-Pfalz,Hamburg,65,65,130,472,536,1008
2013,Rheinland-Pfalz,Niedersachsen,279,204,483,1607,1517,3124
2013,Rheinland-Pfalz,Bremen,22,26,48,138,151,289
2013,Rheinland-Pfalz,Nordrhein-Westfalen,1347,1111,2458,8742,9048,17790
2013,Rheinland-Pfalz,Hessen,1450,1245,2695,7711,7904,15615
2013,Rheinland-Pfalz,Rheinland-Pfalz,0,0,0,0,0,0
2013,Rheinland-Pfalz,Baden-Wurttemberg,1605,1312,2917,7677,7631,15308
2013,Rheinland-Pfalz,Bayern,578,439,1017,3030,2877,5907
2013,Rheinland-Pfalz,Saarland,287,236,523,2275,2373,4648
2013,Rheinland-Pfalz,Berlin,144,131,275,1018,1099,2117
2013,Rheinland-Pfalz,Brandenburg,35,25,60,354,348,702
2013,Rheinland-Pfalz,Mecklenburg-Vorpommern,26,26,52,237,241,478
2013,Rheinland-Pfalz,Sachsen,75,55,130,662,673,1335
2013,Rheinland-Pfalz,Sachsen-Anhalt,66,26,92,362,295,657
2013,Rheinland-Pfalz,Thuringen,55,27,82,376,374,750
2013,Rheinland-Pfalz,Insgesamt,6089,4974,11063,35231,35660,70891
2013,Baden-Wurttemberg,Schleswig-Holstein,194,148,342,1419,1463,2882
2013,Baden-Wurttemberg,Hamburg,320,232,552,1597,1664,3261
2013,Baden-Wurttemberg,Niedersachsen,820,537,1357,3842,3480,7322
2013,Baden-Wurttemberg,Bremen,112,76,188,475,452,927
2013,Baden-Wurttemberg,Nordrhein-Westfalen,2518,1813,4331,9270,8777,18047
2013,Baden-Wurttemberg,Hessen,1991,1534,3525,8380,8213,16593
2013,Baden-Wurttemberg,Rheinland-Pfalz,1889,1400,3289,7798,7628,15426
2013,Baden-Wurttemberg,Baden-Wurttemberg,0,0,0,0,0,0
2013,Baden-Wurttemberg,Bayern,4340,2866,7206,19418,18627,38045
2013,Baden-Wurttemberg,Saarland,196,141,337,894,842,1736
2013,Baden-Wurttemberg,Berlin,714,524,1238,3794,3751,7545
2013,Baden-Wurttemberg,Brandenburg,114,69,183,1026,956,1982
2013,Baden-Wurttemberg,Mecklenburg-Vorpommern,89,54,143,647,638,1285
2013,Baden-Wurttemberg,Sachsen,285,181,466,2564,2381,4945
2013,Baden-Wurttemberg,Sachsen-Anhalt,153,91,244,1062,930,1992
2013,Baden-Wurttemberg,Thuringen,217,168,385,1362,1290,2652
2013,Baden-Wurttemberg,Insgesamt,13952,9834,23786,63548,61092,124640
2013,Bayern,Schleswig-Holstein,283,183,466,1618,1510,3128
2013,Bayern,Hamburg,321,223,544,1638,1696,3334
2013,Bayern,Niedersachsen,842,538,1380,3846,3422,7268
2013,Bayern,Bremen,123,70,193,427,388,815
2013,Bayern,Nordrhein-Westfalen,2485,1669,4154,9005,7929,16934
2013,Bayern,Hessen,1905,1177,3082,7239,6577,13816
2013,Bayern,Rheinland-Pfalz,594,394,988,2445,2389,4834
2013,Bayern,Baden-Wurttemberg,3923,2544,6467,17540,16687,34227
2013,Bayern,Bayern,0,0,0,0,0,0
2013,Bayern,Saarland,98,88,186,427,429,856
2013,Bayern,Berlin,803,683,1486,4353,4243,8596
2013,Bayern,Brandenburg,170,79,249,1216,1075,2291
2013,Bayern,Mecklenburg-Vorpommern,99,53,152,647,610,1257
2013,Bayern,Sachsen,448,260,708,4009,3562,7571
2013,Bayern,Sachsen-Anhalt,170,93,263,1212,1076,2288
2013,Bayern,Thuringen,266,160,426,2537,2326,4863
2013,Bayern,Insgesamt,12530,8214,20744,58159,53919,112078
2013,Saarland,Schleswig-Holstein,13,12,25,101,107,208
2013,Saarland,Hamburg,15,11,26,83,94,177
2013,Saarland,Niedersachsen,55,47,102,302,283,585
2013,Saarland,Bremen,10,14,24,35,45,80
2013,Saarland,Nordrhein-Westfalen,307,184,491,1053,1004,2057
2013,Saarland,Hessen,180,132,312,636,669,1305
2013,Saarland,Rheinland-Pfalz,241,217,458,2240,2400,4640
2013,Saarland,Baden-Wurttemberg,214,148,362,1081,1094,2175
2013,Saarland,Bayern,195,113,308,740,623,1363
2013,Saarland,Saarland,0,0,0,0,0,0
2013,Saarland,Berlin,48,27,75,243,236,479
2013,Saarland,Brandenburg,8,8,16,51,62,113
2013,Saarland,Mecklenburg-Vorpommern,3,8,11,33,39,72
2013,Saarland,Sachsen,29,10,39,114,108,222
2013,Saarland,Sachsen-Anhalt,27,10,37,65,48,113
2013,Saarland,Thuringen,7,10,17,68,51,119
2013,Saarland,Insgesamt,1352,951,2303,6845,6863,13708
2013,Berlin,Schleswig-Holstein,179,122,301,1179,1302,2481
2013,Berlin,Hamburg,287,229,516,1429,1439,2868
2013,Berlin,Niedersachsen,478,336,814,2749,2616,5365
2013,Berlin,Bremen,83,78,161,339,355,694
2013,Berlin,Nordrhein-Westfalen,1052,726,1778,4128,3973,8101
2013,Berlin,Hessen,509,424,933,1960,1980,3940
2013,Berlin,Rheinland-Pfalz,129,128,257,721,706,1427
2013,Berlin,Baden-Wurttemberg,718,554,1272,3015,2883,5898
2013,Berlin,Bayern,785,657,1442,3539,3313,6852
2013,Berlin,Saarland,42,21,63,166,144,310
2013,Berlin,Berlin,0,0,0,0,0,0
2013,Berlin,Brandenburg,1168,839,2007,14397,13952,28349
2013,Berlin,Mecklenburg-Vorpommern,155,118,273,1574,1581,3155
2013,Berlin,Sachsen,382,254,636,1936,1897,3833
2013,Berlin,Sachsen-Anhalt,230,177,407,1206,1171,2377
2013,Berlin,Thuringen,119,95,214,653,670,1323
2013,Berlin,Insgesamt,6316,4758,11074,38991,37982,76973
2013,Brandenburg,Schleswig-Holstein,57,36,93,649,651,1300
2013,Brandenburg,Hamburg,39,32,71,440,389,829
2013,Brandenburg,Niedersachsen,171,99,270,1472,1243,2715
2013,Brandenburg,Bremen,26,14,40,126,110,236
2013,Brandenburg,Nordrhein-Westfalen,324,181,505,1533,1386,2919
2013,Brandenburg,Hessen,83,64,147,629,546,1175
2013,Brandenburg,Rheinland-Pfalz,31,22,53,376,329,705
2013,Brandenburg,Baden-Wurttemberg,128,97,225,1113,972,2085
2013,Brandenburg,Bayern,161,117,278,1390,1135,2525
2013,Brandenburg,Saarland,4,4,8,48,57,105
2013,Brandenburg,Berlin,1238,1063,2301,11205,10563,21768
2013,Brandenburg,Brandenburg,0,0,0,0,0,0
2013,Brandenburg,Mecklenburg-Vorpommern,73,46,119,1543,1658,3201
2013,Brandenburg,Sachsen,123,101,224,2596,2489,5085
2013,Brandenburg,Sachsen-Anhalt,76,50,126,1174,1148,2322
2013,Brandenburg,Thuringen,34,22,56,478,518,996
2013,Brandenburg,Insgesamt,2568,1948,4516,24772,23194,47966
2013,Mecklenburg-Vorpommern,Schleswig-Holstein,137,88,225,2272,2095,4367
2013,Mecklenburg-Vorpommern,Hamburg,668,466,1134,2035,1687,3722
2013,Mecklenburg-Vorpommern,Niedersachsen,211,100,311,1787,1578,3365
2013,Mecklenburg-Vorpommern,Bremen,37,20,57,200,168,368
2013,Mecklenburg-Vorpommern,Nordrhein-Westfalen,231,148,379,1198,1080,2278
2013,Mecklenburg-Vorpommern,Hessen,62,37,99,446,387,833
2013,Mecklenburg-Vorpommern,Rheinland-Pfalz,30,21,51,238,198,436
2013,Mecklenburg-Vorpommern,Baden-Wurttemberg,109,78,187,759,648,1407
2013,Mecklenburg-Vorpommern,Bayern,146,82,228,837,691,1528
2013,Mecklenburg-Vorpommern,Saarland,4,2,6,28,20,48
2013,Mecklenburg-Vorpommern,Berlin,189,134,323,1879,1754,3633
2013,Mecklenburg-Vorpommern,Brandenburg,63,48,111,1378,1461,2839
2013,Mecklenburg-Vorpommern,Mecklenburg-Vorpommern,0,0,0,0,0,0
2013,Mecklenburg-Vorpommern,Sachsen,51,35,86,827,775,1602
2013,Mecklenburg-Vorpommern,Sachsen-Anhalt,26,21,47,477,534,1011
2013,Mecklenburg-Vorpommern,Thuringen,9,6,15,278,325,603
2013,Mecklenburg-Vorpommern,Insgesamt,1973,1286,3259,14639,13401,28040
2013,Sachsen,Schleswig-Holstein,75,49,124,563,579,1142
2013,Sachsen,Hamburg,104,84,188,487,506,993
2013,Sachsen,Niedersachsen,291,148,439,1625,1515,3140
2013,Sachsen,Bremen,52,24,76,188,121,309
2013,Sachsen,Nordrhein-Westfalen,652,352,1004,2546,2226,4772
2013,Sachsen,Hessen,339,192,531,1438,1288,2726
2013,Sachsen,Rheinland-Pfalz,96,50,146,606,530,1136
2013,Sachsen,Baden-Wurttemberg,477,320,797,2790,2322,5112
2013,Sachsen,Bayern,582,368,950,4423,3803,8226
2013,Sachsen,Saarland,24,16,40,102,90,192
2013,Sachsen,Berlin,471,323,794,2445,2416,4861
2013,Sachsen,Brandenburg,159,105,264,2048,2122,4170
2013,Sachsen,Mecklenburg-Vorpommern,50,25,75,733,739,1472
2013,Sachsen,Sachsen,0,0,0,0,0,0
2013,Sachsen,Sachsen-Anhalt,231,146,377,2446,2400,4846
2013,Sachsen,Thuringen,173,107,280,2327,2348,4675
2013,Sachsen,Insgesamt,3776,2309,6085,24767,23005,47772
2013,Sachsen-Anhalt,Schleswig-Holstein,52,37,89,450,473,923
2013,Sachsen-Anhalt,Hamburg,90,60,150,396,354,750
2013,Sachsen-Anhalt,Niedersachsen,414,273,687,3673,3288,6961
2013,Sachsen-Anhalt,Bremen,22,5,27,129,93,222
2013,Sachsen-Anhalt,Nordrhein-Westfalen,420,253,673,1640,1483,3123
2013,Sachsen-Anhalt,Hessen,162,125,287,785,773,1558
2013,Sachsen-Anhalt,Rheinland-Pfalz,65,34,99,369,325,694
2013,Sachsen-Anhalt,Baden-Wurttemberg,196,127,323,1178,1047,2225
2013,Sachsen-Anhalt,Bayern,234,174,408,1624,1316,2940
2013,Sachsen-Anhalt,Saarland,13,5,18,58,45,103
2013,Sachsen-Anhalt,Berlin,278,209,487,1562,1595,3157
2013,Sachsen-Anhalt,Brandenburg,82,54,136,1167,1243,2410
2013,Sachsen-Anhalt,Mecklenburg-Vorpommern,34,15,49,575,593,1168
2013,Sachsen-Anhalt,Sachsen,247,188,435,3688,3439,7127
2013,Sachsen-Anhalt,Sachsen-Anhalt,0,0,0,0,0,0
2013,Sachsen-Anhalt,Thuringen,75,45,120,1449,1469,2918
2013,Sachsen-Anhalt,Insgesamt,2384,1604,3988,18743,17536,36279
2013,Thuringen,Schleswig-Holstein,37,33,70,316,343,659
2013,Thuringen,Hamburg,62,46,108,279,285,564
2013,Thuringen,Niedersachsen,196,151,347,1519,1399,2918
2013,Thuringen,Bremen,35,25,60,114,114,228
2013,Thuringen,Nordrhein-Westfalen,424,283,707,1641,1369,3010
2013,Thuringen,Hessen,277,163,440,2034,1809,3843
2013,Thuringen,Rheinland-Pfalz,78,51,129,421,376,797
2013,Thuringen,Baden-Wurttemberg,302,184,486,1593,1366,2959
2013,Thuringen,Bayern,409,240,649,3345,2861,6206
2013,Thuringen,Saarland,16,8,24,73,56,129
2013,Thuringen,Berlin,169,127,296,1018,1020,2038
2013,Thuringen,Brandenburg,24,17,41,462,438,900
2013,Thuringen,Mecklenburg-Vorpommern,10,15,25,358,377,735
2013,Thuringen,Sachsen,184,104,288,3341,3099,6440
2013,Thuringen,Sachsen-Anhalt,65,44,109,1298,1311,2609
2013,Thuringen,Thuringen,0,0,0,0,0,0
2013,Thuringen,Insgesamt,2288,1491,3779,17812,16223,34035
2013,Insgesamt,Schleswig-Holstein,3645,2727,6372,30983,31517,62500
2013,Insgesamt,Hamburg,4992,3986,8978,30604,31339,61943
2013,Insgesamt,Niedersachsen,8884,6068,14952,61600,60081,121681
2013,Insgesamt,Bremen,1856,1438,3294,11649,11346,22995
2013,Insgesamt,Nordrhein-Westfalen,15745,11341,27086,71670,69996,141666
2013,Insgesamt,Hessen,10348,7766,18114,47214,46247,93461
2013,Insgesamt,Rheinland-Pfalz,6254,4700,10954,34135,33756,67891
2013,Insgesamt,Baden-Wurttemberg,14080,9848,23928,63507,59818,123325
2013,Insgesamt,Bayern,13886,9358,23244,66093,60070,126163
2013,Insgesamt,Saarland,1116,843,1959,5865,5815,11680
2013,Insgesamt,Berlin,6660,5390,12050,42766,42275,85041
2013,Insgesamt,Brandenburg,2259,1495,3754,26479,25762,52241
2013,Insgesamt,Mecklenburg-Vorpommern,1063,649,1712,12792,12825,25617
2013,Insgesamt,Sachsen,2778,1740,4518,26548,24822,51370
2013,Insgesamt,Sachsen-Anhalt,1721,1021,2742,15314,14476,29790
2013,Insgesamt,Thuringen,1550,999,2549,14194,13963,28157
2013,Insgesamt,Insgesamt,96837,69369,166206,561413,544108,1105521
2014,Schleswig-Holstein,Schleswig-Holstein,0,0,0,0,0,0
2014,Schleswig-Holstein,Hamburg,1273,1041,2314,9136,9501,18637
2014,Schleswig-Holstein,Niedersachsen,490,348,838,4542,4691,9233
2014,Schleswig-Holstein,Bremen,101,50,151,498,472,970
2014,Schleswig-Holstein,Nordrhein-Westfalen,496,356,852,2814,2826,5640
2014,Schleswig-Holstein,Hessen,170,135,305,1008,1008,2016
2014,Schleswig-Holstein,Rheinland-Pfalz,66,49,115,457,479,936
2014,Schleswig-Holstein,Baden-Wurttemberg,281,152,433,1518,1350,2868
2014,Schleswig-Holstein,Bayern,316,193,509,1524,1250,2774
2014,Schleswig-Holstein,Saarland,10,5,15,65,66,131
2014,Schleswig-Holstein,Berlin,175,131,306,1203,1304,2507
2014,Schleswig-Holstein,Brandenburg,44,31,75,608,544,1152
2014,Schleswig-Holstein,Mecklenburg-Vorpommern,133,93,226,2164,2076,4240
2014,Schleswig-Holstein,Sachsen,80,34,114,577,510,1087
2014,Schleswig-Holstein,Sachsen-Anhalt,38,19,57,420,389,809
2014,Schleswig-Holstein,Thuringen,34,22,56,261,250,511
2014,Schleswig-Holstein,Insgesamt,3707,2659,6366,26795,26716,53511
2014,Hamburg,Schleswig-Holstein,1571,1260,2831,11954,12096,24050
2014,Hamburg,Hamburg,0,0,0,0,0,0
2014,Hamburg,Niedersachsen,804,629,1433,6538,6588,13126
2014,Hamburg,Bremen,131,82,213,534,526,1060
2014,Hamburg,Nordrhein-Westfalen,493,362,855,2427,2417,4844
2014,Hamburg,Hessen,213,176,389,967,963,1930
2014,Hamburg,Rheinland-Pfalz,79,64,143,363,388,751
2014,Hamburg,Baden-Wurttemberg,277,190,467,1303,1301,2604
2014,Hamburg,Bayern,393,214,607,1544,1402,2946
2014,Hamburg,Saarland,10,10,20,56,60,116
2014,Hamburg,Berlin,334,258,592,1622,1669,3291
2014,Hamburg,Brandenburg,26,24,50,361,344,705
2014,Hamburg,Mecklenburg-Vorpommern,71,67,138,1033,1029,2062
2014,Hamburg,Sachsen,73,36,109,406,383,789
2014,Hamburg,Sachsen-Anhalt,38,32,70,253,236,489
2014,Hamburg,Thuringen,33,17,50,195,169,364
2014,Hamburg,Insgesamt,4546,3421,7967,29556,29571,59127
2014,Niedersachsen,Schleswig-Holstein,562,404,966,4559,4802,9361
2014,Niedersachsen,Hamburg,800,695,1495,5914,6327,12241
2014,Niedersachsen,Niedersachsen,0,0,0,0,0,0
2014,Niedersachsen,Bremen,867,715,1582,6331,6290,12621
2014,Niedersachsen,Nordrhein-Westfalen,3610,2897,6507,16125,16595,32720
2014,Niedersachsen,Hessen,911,778,1689,4315,4335,8650
2014,Niedersachsen,Rheinland-Pfalz,505,331,836,1803,1701,3504
2014,Niedersachsen,Baden-Wurttemberg,1410,1118,2528,4619,4269,8888
2014,Niedersachsen,Bayern,1508,1072,2580,5175,4519,9694
2014,Niedersachsen,Saarland,90,86,176,263,287,550
2014,Niedersachsen,Berlin,606,496,1102,3262,3453,6715
2014,Niedersachsen,Brandenburg,190,120,310,1276,1202,2478
2014,Niedersachsen,Mecklenburg-Vorpommern,249,133,382,1645,1538,3183
2014,Niedersachsen,Sachsen,392,268,660,1978,1766,3744
2014,Niedersachsen,Sachsen-Anhalt,325,182,507,2930,2795,5725
2014,Niedersachsen,Thuringen,180,166,346,1257,1314,2571
2014,Niedersachsen,Insgesamt,12205,9461,21666,61452,61193,122645
2014,Bremen,Schleswig-Holstein,73,46,119,436,419,855
2014,Bremen,Hamburg,131,105,236,640,668,1308
2014,Bremen,Niedersachsen,771,691,1462,7028,7064,14092
2014,Bremen,Bremen,0,0,0,0,0,0
2014,Bremen,Nordrhein-Westfalen,344,260,604,1244,1157,2401
2014,Bremen,Hessen,94,74,168,397,347,744
2014,Bremen,Rheinland-Pfalz,37,36,73,163,167,330
2014,Bremen,Baden-Wurttemberg,135,111,246,478,447,925
2014,Bremen,Bayern,157,108,265,511,449,960
2014,Bremen,Saarland,4,5,9,31,31,62
2014,Bremen,Berlin,89,108,197,470,508,978
2014,Bremen,Brandenburg,16,8,24,98,78,176
2014,Bremen,Mecklenburg-Vorpommern,19,13,32,145,150,295
2014,Bremen,Sachsen,37,18,55,206,179,385
2014,Bremen,Sachsen-Anhalt,23,12,35,93,82,175
2014,Bremen,Thuringen,18,10,28,67,79,146
2014,Bremen,Insgesamt,1948,1605,3553,12007,11825,23832
2014,Nordrhein-Westfalen,Schleswig-Holstein,495,296,791,3471,3562,7033
2014,Nordrhein-Westfalen,Hamburg,686,479,1165,3374,3461,6835
2014,Nordrhein-Westfalen,Niedersachsen,2858,1956,4814,17055,17281,34336
2014,Nordrhein-Westfalen,Bremen,316,248,564,1250,1297,2547
2014,Nordrhein-Westfalen,Nordrhein-Westfalen,0,0,0,0,0,0
2014,Nordrhein-Westfalen,Hessen,2492,1865,4357,9845,9813,19658
2014,Nordrhein-Westfalen,Rheinland-Pfalz,1420,1084,2504,8867,8862,17729
2014,Nordrhein-Westfalen,Baden-Wurttemberg,3079,1937,5016,10761,9525,20286
2014,Nordrhein-Westfalen,Bayern,2910,1838,4748,10926,9631,20557
2014,Nordrhein-Westfalen,Saarland,255,170,425,851,843,1694
2014,Nordrhein-Westfalen,Berlin,1160,940,2100,5655,5697,11352
2014,Nordrhein-Westfalen,Brandenburg,250,145,395,1549,1455,3004
2014,Nordrhein-Westfalen,Mecklenburg-Vorpommern,191,103,294,1300,1226,2526
2014,Nordrhein-Westfalen,Sachsen,549,299,848,2710,2418,5128
2014,Nordrhein-Westfalen,Sachsen-Anhalt,297,135,432,1545,1359,2904
2014,Nordrhein-Westfalen,Thuringen,335,204,539,1460,1237,2697
2014,Nordrhein-Westfalen,Insgesamt,17293,11699,28992,80619,77667,158286
2014,Hessen,Schleswig-Holstein,199,150,349,1266,1360,2626
2014,Hessen,Hamburg,207,162,369,1160,1278,2438
2014,Hessen,Niedersachsen,827,592,1419,4415,4521,8936
2014,Hessen,Bremen,90,69,159,352,333,685
2014,Hessen,Nordrhein-Westfalen,2499,1676,4175,9435,9081,18516
2014,Hessen,Hessen,0,0,0,0,0,0
2014,Hessen,Rheinland-Pfalz,1736,1275,3011,7992,8135,16127
2014,Hessen,Baden-Wurttemberg,2577,1567,4144,9052,8403,17455
2014,Hessen,Bayern,2133,1387,3520,8234,7443,15677
2014,Hessen,Saarland,125,113,238,459,458,917
2014,Hessen,Berlin,568,484,1052,2511,2571,5082
2014,Hessen,Brandenburg,91,52,143,617,591,1208
2014,Hessen,Mecklenburg-Vorpommern,154,51,205,565,444,1009
2014,Hessen,Sachsen,275,162,437,1549,1452,3001
2014,Hessen,Sachsen-Anhalt,120,82,202,730,706,1436
2014,Hessen,Thuringen,217,123,340,1556,1618,3174
2014,Hessen,Insgesamt,11818,7945,19763,49893,48394,98287
2014,Rheinland-Pfalz,Schleswig-Holstein,80,49,129,552,566,1118
2014,Rheinland-Pfalz,Hamburg,77,66,143,453,485,938
2014,Rheinland-Pfalz,Niedersachsen,252,219,471,1616,1620,3236
2014,Rheinland-Pfalz,Bremen,45,32,77,171,162,333
2014,Rheinland-Pfalz,Nordrhein-Westfalen,1688,1228,2916,8929,8852,17781
2014,Rheinland-Pfalz,Hessen,1591,1306,2897,7568,7633,15201
2014,Rheinland-Pfalz,Rheinland-Pfalz,0,0,0,0,0,0
2014,Rheinland-Pfalz,Baden-Wurttemberg,1865,1312,3177,7990,7766,15756
2014,Rheinland-Pfalz,Bayern,702,405,1107,2928,2747,5675
2014,Rheinland-Pfalz,Saarland,270,211,481,2293,2293,4586
2014,Rheinland-Pfalz,Berlin,175,190,365,1018,1087,2105
2014,Rheinland-Pfalz,Brandenburg,47,27,74,372,341,713
2014,Rheinland-Pfalz,Mecklenburg-Vorpommern,25,18,43,252,227,479
2014,Rheinland-Pfalz,Sachsen,91,58,149,692,612,1304
2014,Rheinland-Pfalz,Sachsen-Anhalt,62,31,93,359,336,695
2014,Rheinland-Pfalz,Thuringen,54,31,85,352,349,701
2014,Rheinland-Pfalz,Insgesamt,7024,5183,12207,35545,35076,70621
2014,Baden-Wurttemberg,Schleswig-Holstein,215,167,382,1487,1463,2950
2014,Baden-Wurttemberg,Hamburg,330,250,580,1574,1554,3128
2014,Baden-Wurttemberg,Niedersachsen,906,582,1488,3957,3734,7691
2014,Baden-Wurttemberg,Bremen,125,105,230,485,410,895
2014,Baden-Wurttemberg,Nordrhein-Westfalen,2910,1943,4853,9666,8963,18629
2014,Baden-Wurttemberg,Hessen,2416,1753,4169,8706,8566,17272
2014,Baden-Wurttemberg,Rheinland-Pfalz,1996,1510,3506,7906,7827,15733
2014,Baden-Wurttemberg,Baden-Wurttemberg,0,0,0,0,0,0
2014,Baden-Wurttemberg,Bayern,5128,3091,8219,19856,18282,38138
2014,Baden-Wurttemberg,Saarland,209,167,376,866,866,1732
2014,Baden-Wurttemberg,Berlin,771,589,1360,3619,3640,7259
2014,Baden-Wurttemberg,Brandenburg,135,82,217,1081,958,2039
2014,Baden-Wurttemberg,Mecklenburg-Vorpommern,102,61,163,697,642,1339
2014,Baden-Wurttemberg,Sachsen,487,222,709,2869,2392,5261
2014,Baden-Wurttemberg,Sachsen-Anhalt,151,76,227,1004,902,1906
2014,Baden-Wurttemberg,Thuringen,212,126,338,1318,1206,2524
2014,Baden-Wurttemberg,Insgesamt,16093,10724,26817,65091,61405,126496
2014,Bayern,Schleswig-Holstein,380,213,593,1627,1534,3161
2014,Bayern,Hamburg,535,272,807,1855,1699,3554
2014,Bayern,Niedersachsen,1108,651,1759,4415,3667,8082
2014,Bayern,Bremen,167,94,261,471,346,817
2014,Bayern,Nordrhein-Westfalen,2996,1815,4811,9549,8104,17653
2014,Bayern,Hessen,2223,1294,3517,7753,6871,14624
2014,Bayern,Rheinland-Pfalz,674,475,1149,2718,2507,5225
2014,Bayern,Baden-Wurttemberg,5040,2905,7945,18747,17361,36108
2014,Bayern,Bayern,0,0,0,0,0,0
2014,Bayern,Saarland,164,97,261,493,467,960
2014,Bayern,Berlin,935,730,1665,4336,4116,8452
2014,Bayern,Brandenburg,158,97,255,1323,1177,2500
2014,Bayern,Mecklenburg-Vorpommern,107,71,178,716,678,1394
2014,Bayern,Sachsen,566,278,844,4104,3682,7786
2014,Bayern,Sachsen-Anhalt,189,96,285,1245,1055,2300
2014,Bayern,Thuringen,310,210,520,2589,2393,4982
2014,Bayern,Insgesamt,15552,9298,24850,61941,55657,117598
2014,Saarland,Schleswig-Holstein,13,8,21,75,84,159
2014,Saarland,Hamburg,17,18,35,80,90,170
2014,Saarland,Niedersachsen,83,51,134,292,238,530
2014,Saarland,Bremen,12,4,16,27,26,53
2014,Saarland,Nordrhein-Westfalen,357,225,582,1061,949,2010
2014,Saarland,Hessen,155,108,263,594,592,1186
2014,Saarland,Rheinland-Pfalz,290,233,523,2353,2531,4884
2014,Saarland,Baden-Wurttemberg,285,185,470,1175,1103,2278
2014,Saarland,Bayern,141,104,245,564,555,1119
2014,Saarland,Saarland,0,0,0,0,0,0
2014,Saarland,Berlin,55,53,108,242,264,506
2014,Saarland,Brandenburg,10,7,17,57,48,105
2014,Saarland,Mecklenburg-Vorpommern,13,4,17,41,38,79
2014,Saarland,Sachsen,29,26,55,108,111,219
2014,Saarland,Sachsen-Anhalt,5,4,9,40,43,83
2014,Saarland,Thuringen,19,13,32,73,64,137
2014,Saarland,Insgesamt,1484,1043,2527,6782,6736,13518
2014,Berlin,Schleswig-Holstein,199,135,334,1187,1212,2399
2014,Berlin,Hamburg,333,270,603,1352,1438,2790
2014,Berlin,Niedersachsen,508,388,896,2766,2650,5416
2014,Berlin,Bremen,102,81,183,332,342,674
2014,Berlin,Nordrhein-Westfalen,1071,809,1880,4100,3989,8089
2014,Berlin,Hessen,488,392,880,1970,1816,3786
2014,Berlin,Rheinland-Pfalz,172,128,300,769,728,1497
2014,Berlin,Baden-Wurttemberg,809,560,1369,3102,2843,5945
2014,Berlin,Bayern,842,601,1443,3483,3304,6787
2014,Berlin,Saarland,55,42,97,168,169,337
2014,Berlin,Berlin,0,0,0,0,0,0
2014,Berlin,Brandenburg,1268,1048,2316,15103,15049,30152
2014,Berlin,Mecklenburg-Vorpommern,196,117,313,1583,1578,3161
2014,Berlin,Sachsen,434,323,757,2052,2043,4095
2014,Berlin,Sachsen-Anhalt,267,194,461,1225,1126,2351
2014,Berlin,Thuringen,129,101,230,642,685,1327
2014,Berlin,Insgesamt,6873,5189,12062,39834,38972,78806
2014,Brandenburg,Schleswig-Holstein,65,34,99,588,536,1124
2014,Brandenburg,Hamburg,51,31,82,424,352,776
2014,Brandenburg,Niedersachsen,178,110,288,1310,1198,2508
2014,Brandenburg,Bremen,35,13,48,134,88,222
2014,Brandenburg,Nordrhein-Westfalen,345,177,522,1435,1233,2668
2014,Brandenburg,Hessen,124,68,192,650,540,1190
2014,Brandenburg,Rheinland-Pfalz,47,30,77,350,302,652
2014,Brandenburg,Baden-Wurttemberg,168,123,291,1071,928,1999
2014,Brandenburg,Bayern,211,120,331,1347,1049,2396
2014,Brandenburg,Saarland,10,11,21,58,52,110
2014,Brandenburg,Berlin,1338,1117,2455,10661,9802,20463
2014,Brandenburg,Brandenburg,0,0,0,0,0,0
2014,Brandenburg,Mecklenburg-Vorpommern,50,51,101,1686,1722,3408
2014,Brandenburg,Sachsen,170,65,235,2436,2325,4761
2014,Brandenburg,Sachsen-Anhalt,99,52,151,1165,1159,2324
2014,Brandenburg,Thuringen,27,15,42,440,457,897
2014,Brandenburg,Insgesamt,2918,2017,4935,23755,21743,45498
2014,Mecklenburg-Vorpommern,Schleswig-Holstein,146,105,251,2241,2050,4291
2014,Mecklenburg-Vorpommern,Hamburg,637,523,1160,1769,1518,3287
2014,Mecklenburg-Vorpommern,Niedersachsen,247,114,361,1746,1487,3233
2014,Mecklenburg-Vorpommern,Bremen,33,17,50,174,128,302
2014,Mecklenburg-Vorpommern,Nordrhein-Westfalen,264,171,435,1203,1028,2231
2014,Mecklenburg-Vorpommern,Hessen,122,54,176,438,346,784
2014,Mecklenburg-Vorpommern,Rheinland-Pfalz,63,24,87,252,208,460
2014,Mecklenburg-Vorpommern,Baden-Wurttemberg,147,98,245,692,537,1229
2014,Mecklenburg-Vorpommern,Bayern,164,103,267,766,652,1418
2014,Mecklenburg-Vorpommern,Saarland,9,4,13,27,28,55
2014,Mecklenburg-Vorpommern,Berlin,211,197,408,1667,1564,3231
2014,Mecklenburg-Vorpommern,Brandenburg,80,53,133,1416,1440,2856
2014,Mecklenburg-Vorpommern,Mecklenburg-Vorpommern,0,0,0,0,0,0
2014,Mecklenburg-Vorpommern,Sachsen,56,44,100,780,800,1580
2014,Mecklenburg-Vorpommern,Sachsen-Anhalt,37,17,54,444,489,933
2014,Mecklenburg-Vorpommern,Thuringen,25,23,48,279,320,599
2014,Mecklenburg-Vorpommern,Insgesamt,2241,1547,3788,13894,12595,26489
2014,Sachsen,Schleswig-Holstein,79,49,128,544,515,1059
2014,Sachsen,Hamburg,122,86,208,510,484,994
2014,Sachsen,Niedersachsen,344,205,549,1761,1533,3294
2014,Sachsen,Bremen,59,39,98,163,164,327
2014,Sachsen,Nordrhein-Westfalen,784,410,1194,2491,2149,4640
2014,Sachsen,Hessen,384,230,614,1473,1290,2763
2014,Sachsen,Rheinland-Pfalz,142,87,229,658,584,1242
2014,Sachsen,Baden-Wurttemberg,550,332,882,2545,2200,4745
2014,Sachsen,Bayern,674,401,1075,4180,3440,7620
2014,Sachsen,Saarland,38,26,64,103,85,188
2014,Sachsen,Berlin,466,343,809,2250,2282,4532
2014,Sachsen,Brandenburg,171,94,265,1998,1959,3957
2014,Sachsen,Mecklenburg-Vorpommern,65,38,103,813,853,1666
2014,Sachsen,Sachsen,0,0,0,0,0,0
2014,Sachsen,Sachsen-Anhalt,213,148,361,2552,2495,5047
2014,Sachsen,Thuringen,194,118,312,2373,2372,4745
2014,Sachsen,Insgesamt,4285,2606,6891,24414,22405,46819
2014,Sachsen-Anhalt,Schleswig-Holstein,67,42,109,479,425,904
2014,Sachsen-Anhalt,Hamburg,107,65,172,390,361,751
2014,Sachsen-Anhalt,Niedersachsen,445,281,726,3363,3089,6452
2014,Sachsen-Anhalt,Bremen,31,18,49,133,100,233
2014,Sachsen-Anhalt,Nordrhein-Westfalen,556,326,882,1742,1477,3219
2014,Sachsen-Anhalt,Hessen,172,99,271,774,693,1467
2014,Sachsen-Anhalt,Rheinland-Pfalz,90,53,143,344,313,657
2014,Sachsen-Anhalt,Baden-Wurttemberg,282,162,444,1215,989,2204
2014,Sachsen-Anhalt,Bayern,285,158,443,1444,1150,2594
2014,Sachsen-Anhalt,Saarland,21,11,32,62,53,115
2014,Sachsen-Anhalt,Berlin,349,249,598,1489,1517,3006
2014,Sachsen-Anhalt,Brandenburg,89,45,134,1179,1209,2388
2014,Sachsen-Anhalt,Mecklenburg-Vorpommern,27,23,50,609,649,1258
2014,Sachsen-Anhalt,Sachsen,352,192,544,3764,3518,7282
2014,Sachsen-Anhalt,Sachsen-Anhalt,0,0,0,0,0,0
2014,Sachsen-Anhalt,Thuringen,91,50,141,1401,1410,2811
2014,Sachsen-Anhalt,Insgesamt,2964,1774,4738,18388,16953,35341
2014,Thuringen,Schleswig-Holstein,51,32,83,359,284,643
2014,Thuringen,Hamburg,80,51,131,331,285,616
2014,Thuringen,Niedersachsen,221,162,383,1447,1366,2813
2014,Thuringen,Bremen,22,19,41,97,86,183
2014,Thuringen,Nordrhein-Westfalen,571,347,918,1640,1392,3032
2014,Thuringen,Hessen,323,225,548,1955,1783,3738
2014,Thuringen,Rheinland-Pfalz,72,50,122,406,363,769
2014,Thuringen,Baden-Wurttemberg,335,199,534,1551,1257,2808
2014,Thuringen,Bayern,433,286,719,3183,2737,5920
2014,Thuringen,Saarland,17,17,34,62,58,120
2014,Thuringen,Berlin,147,170,317,963,1036,1999
2014,Thuringen,Brandenburg,36,31,67,484,502,986
2014,Thuringen,Mecklenburg-Vorpommern,29,16,45,358,370,728
2014,Thuringen,Sachsen,185,164,349,3356,3290,6646
2014,Thuringen,Sachsen-Anhalt,70,43,113,1412,1429,2841
2014,Thuringen,Thuringen,0,0,0,0,0,0
2014,Thuringen,Insgesamt,2592,1812,4404,17604,16238,33842
2014,Insgesamt,Schleswig-Holstein,4195,2990,7185,30825,30908,61733
2014,Insgesamt,Hamburg,5386,4114,9500,28962,29501,58463
2014,Insgesamt,Niedersachsen,10042,6979,17021,62251,60727,122978
2014,Insgesamt,Bremen,2136,1586,3722,11152,10770,21922
2014,Insgesamt,Nordrhein-Westfalen,18984,13002,31986,73861,70212,144073
2014,Insgesamt,Hessen,11878,8557,20435,48413,46596,95009
2014,Insgesamt,Rheinland-Pfalz,7389,5429,12818,35401,35095,70496
2014,Insgesamt,Baden-Wurttemberg,17240,10951,28191,65819,60279,126098
2014,Insgesamt,Bayern,15997,10081,26078,65665,58610,124275
2014,Insgesamt,Saarland,1287,975,2262,5857,5816,11673
2014,Insgesamt,Berlin,7379,6055,13434,40968,40510,81478
2014,Insgesamt,Brandenburg,2611,1864,4475,27522,26897,54419
2014,Insgesamt,Mecklenburg-Vorpommern,1431,859,2290,13607,13220,26827
2014,Insgesamt,Sachsen,3776,2189,5965,27587,25481,53068
2014,Insgesamt,Sachsen-Anhalt,1934,1123,3057,15417,14601,30018
2014,Insgesamt,Thuringen,1878,1229,3107,14263,13923,28186
2014,Insgesamt,Insgesamt,113543,77983,191526,567570,543146,1110716
2015,Schleswig-Holstein,Schleswig-Holstein,0,0,0,0,0,0
2015,Schleswig-Holstein,Hamburg,1563,1289,2852,9944,9898,19842
2015,Schleswig-Holstein,Niedersachsen,715,423,1138,4783,4607,9390
2015,Schleswig-Holstein,Bremen,126,44,170,487,397,884
2015,Schleswig-Holstein,Nordrhein-Westfalen,824,449,1273,3100,2836,5936
2015,Schleswig-Holstein,Hessen,235,131,366,1059,1011,2070
2015,Schleswig-Holstein,Rheinland-Pfalz,79,60,139,486,413,899
2015,Schleswig-Holstein,Baden-Wurttemberg,333,213,546,1431,1321,2752
2015,Schleswig-Holstein,Bayern,361,221,582,1612,1396,3008
2015,Schleswig-Holstein,Saarland,17,14,31,93,89,182
2015,Schleswig-Holstein,Berlin,216,167,383,1151,1149,2300
2015,Schleswig-Holstein,Brandenburg,55,38,93,589,580,1169
2015,Schleswig-Holstein,Mecklenburg-Vorpommern,107,71,178,2070,2012,4082
2015,Schleswig-Holstein,Sachsen,93,52,145,493,546,1039
2015,Schleswig-Holstein,Sachsen-Anhalt,50,30,80,400,426,826
2015,Schleswig-Holstein,Thuringen,46,21,67,280,282,562
2015,Schleswig-Holstein,Insgesamt,4820,3223,8043,27978,26963,54941
2015,Hamburg,Schleswig-Holstein,1825,1377,3202,12016,12247,24263
2015,Hamburg,Hamburg,0,0,0,0,0,0
2015,Hamburg,Niedersachsen,976,716,1692,6537,6603,13140
2015,Hamburg,Bremen,107,86,193,476,481,957
2015,Hamburg,Nordrhein-Westfalen,718,443,1161,2629,2470,5099
2015,Hamburg,Hessen,247,157,404,965,915,1880
2015,Hamburg,Rheinland-Pfalz,71,38,109,323,296,619
2015,Hamburg,Baden-Wurttemberg,385,217,602,1387,1311,2698
2015,Hamburg,Bayern,407,236,643,1473,1449,2922
2015,Hamburg,Saarland,22,11,33,67,67,134
2015,Hamburg,Berlin,319,229,548,1517,1471,2988
2015,Hamburg,Brandenburg,45,35,80,390,407,797
2015,Hamburg,Mecklenburg-Vorpommern,202,153,355,1114,1082,2196
2015,Hamburg,Sachsen,74,48,122,406,364,770
2015,Hamburg,Sachsen-Anhalt,41,20,61,267,222,489
2015,Hamburg,Thuringen,37,20,57,186,177,363
2015,Hamburg,Insgesamt,5476,3786,9262,29753,29562,59315
2015,Niedersachsen,Schleswig-Holstein,594,424,1018,4626,4717,9343
2015,Niedersachsen,Hamburg,1047,812,1859,6601,6744,13345
2015,Niedersachsen,Niedersachsen,0,0,0,0,0,0
2015,Niedersachsen,Bremen,929,703,1632,5846,5767,11613
2015,Niedersachsen,Nordrhein-Westfalen,4254,3016,7270,16727,16504,33231
2015,Niedersachsen,Hessen,1052,781,1833,4425,4324,8749
2015,Niedersachsen,Rheinland-Pfalz,492,390,882,1691,1600,3291
2015,Niedersachsen,Baden-Wurttemberg,1600,1112,2712,4760,4251,9011
2015,Niedersachsen,Bayern,1606,1095,2701,5070,4434,9504
2015,Niedersachsen,Saarland,109,74,183,302,259,561
2015,Niedersachsen,Berlin,627,525,1152,3088,3168,6256
2015,Niedersachsen,Brandenburg,189,120,309,1245,1147,2392
2015,Niedersachsen,Mecklenburg-Vorpommern,266,133,399,1665,1539,3204
2015,Niedersachsen,Sachsen,388,292,680,1910,1739,3649
2015,Niedersachsen,Sachsen-Anhalt,322,203,525,2899,2846,5745
2015,Niedersachsen,Thuringen,231,170,401,1227,1201,2428
2015,Niedersachsen,Insgesamt,13706,9850,23556,62082,60240,122322
2015,Bremen,Schleswig-Holstein,90,42,132,441,412,853
2015,Bremen,Hamburg,145,101,246,692,699,1391
2015,Bremen,Niedersachsen,944,655,1599,7055,6939,13994
2015,Bremen,Bremen,0,0,0,0,0,0
2015,Bremen,Nordrhein-Westfalen,392,249,641,1233,1138,2371
2015,Bremen,Hessen,113,80,193,329,312,641
2015,Bremen,Rheinland-Pfalz,50,31,81,151,154,305
2015,Bremen,Baden-Wurttemberg,151,93,244,540,454,994
2015,Bremen,Bayern,188,111,299,531,384,915
2015,Bremen,Saarland,10,5,15,27,26,53
2015,Bremen,Berlin,122,104,226,416,472,888
2015,Bremen,Brandenburg,12,11,23,94,101,195
2015,Bremen,Mecklenburg-Vorpommern,28,11,39,145,131,276
2015,Bremen,Sachsen,33,22,55,164,147,311
2015,Bremen,Sachsen-Anhalt,17,11,28,96,115,211
2015,Bremen,Thuringen,12,14,26,72,94,166
2015,Bremen,Insgesamt,2307,1540,3847,11986,11578,23564
2015,Nordrhein-Westfalen,Schleswig-Holstein,676,397,1073,3494,3551,7045
2015,Nordrhein-Westfalen,Hamburg,809,586,1395,3591,3631,7222
2015,Nordrhein-Westfalen,Niedersachsen,3925,2454,6379,18326,17861,36187
2015,Nordrhein-Westfalen,Bremen,368,269,637,1129,1157,2286
2015,Nordrhein-Westfalen,Nordrhein-Westfalen,0,0,0,0,0,0
2015,Nordrhein-Westfalen,Hessen,3094,2033,5127,10435,9680,20115
2015,Nordrhein-Westfalen,Rheinland-Pfalz,1853,1277,3130,9174,9026,18200
2015,Nordrhein-Westfalen,Baden-Wurttemberg,3788,2239,6027,11386,9832,21218
2015,Nordrhein-Westfalen,Bayern,3293,1956,5249,11086,9223,20309
2015,Nordrhein-Westfalen,Saarland,251,175,426,826,817,1643
2015,Nordrhein-Westfalen,Berlin,1168,931,2099,4925,5090,10015
2015,Nordrhein-Westfalen,Brandenburg,432,251,683,1685,1499,3184
2015,Nordrhein-Westfalen,Mecklenburg-Vorpommern,263,139,402,1357,1271,2628
2015,Nordrhein-Westfalen,Sachsen,818,384,1202,2741,2296,5037
2015,Nordrhein-Westfalen,Sachsen-Anhalt,521,258,779,1748,1452,3200
2015,Nordrhein-Westfalen,Thuringen,602,329,931,1615,1292,2907
2015,Nordrhein-Westfalen,Insgesamt,21861,13678,35539,83518,77678,161196
2015,Hessen,Schleswig-Holstein,216,130,346,1232,1329,2561
2015,Hessen,Hamburg,275,217,492,1343,1355,2698
2015,Hessen,Niedersachsen,1021,624,1645,4619,4522,9141
2015,Hessen,Bremen,127,77,204,395,332,727
2015,Hessen,Nordrhein-Westfalen,3218,2063,5281,10089,9651,19740
2015,Hessen,Hessen,0,0,0,0,0,0
2015,Hessen,Rheinland-Pfalz,1940,1329,3269,8070,7958,16028
2015,Hessen,Baden-Wurttemberg,2946,1733,4679,9373,8350,17723
2015,Hessen,Bayern,2557,1514,4071,8576,7485,16061
2015,Hessen,Saarland,158,115,273,482,450,932
2015,Hessen,Berlin,564,461,1025,2321,2303,4624
2015,Hessen,Brandenburg,104,80,184,658,628,1286
2015,Hessen,Mecklenburg-Vorpommern,134,58,192,542,450,992
2015,Hessen,Sachsen,406,208,614,1621,1410,3031
2015,Hessen,Sachsen-Anhalt,168,75,243,773,675,1448
2015,Hessen,Thuringen,300,146,446,1675,1636,3311
2015,Hessen,Insgesamt,14134,8830,22964,51769,48534,100303
2015,Rheinland-Pfalz,Schleswig-Holstein,93,69,162,575,595,1170
2015,Rheinland-Pfalz,Hamburg,99,76,175,460,496,956
2015,Rheinland-Pfalz,Niedersachsen,394,260,654,1697,1579,3276
2015,Rheinland-Pfalz,Bremen,50,28,78,142,141,283
2015,Rheinland-Pfalz,Nordrhein-Westfalen,2126,1481,3607,9387,9172,18559
2015,Rheinland-Pfalz,Hessen,1763,1291,3054,7913,7792,15705
2015,Rheinland-Pfalz,Rheinland-Pfalz,0,0,0,0,0,0
2015,Rheinland-Pfalz,Baden-Wurttemberg,2156,1457,3613,8510,7876,16386
2015,Rheinland-Pfalz,Bayern,873,508,1381,3106,2794,5900
2015,Rheinland-Pfalz,Saarland,313,266,579,2298,2359,4657
2015,Rheinland-Pfalz,Berlin,214,183,397,941,960,1901
2015,Rheinland-Pfalz,Brandenburg,65,46,111,422,321,743
2015,Rheinland-Pfalz,Mecklenburg-Vorpommern,34,17,51,257,256,513
2015,Rheinland-Pfalz,Sachsen,156,63,219,728,573,1301
2015,Rheinland-Pfalz,Sachsen-Anhalt,61,42,103,318,297,615
2015,Rheinland-Pfalz,Thuringen,103,44,147,385,344,729
2015,Rheinland-Pfalz,Insgesamt,8500,5831,14331,37139,35555,72694
2015,Baden-Wurttemberg,Schleswig-Holstein,293,193,486,1514,1493,3007
2015,Baden-Wurttemberg,Hamburg,380,262,642,1610,1687,3297
2015,Baden-Wurttemberg,Niedersachsen,1087,655,1742,4197,3694,7891
2015,Baden-Wurttemberg,Bremen,150,106,256,449,408,857
2015,Baden-Wurttemberg,Nordrhein-Westfalen,3396,2118,5514,10105,8996,19101
2015,Baden-Wurttemberg,Hessen,2628,1765,4393,9206,8559,17765
2015,Baden-Wurttemberg,Rheinland-Pfalz,2315,1525,3840,8328,7793,16121
2015,Baden-Wurttemberg,Baden-Wurttemberg,0,0,0,0,0,0
2015,Baden-Wurttemberg,Bayern,5790,3149,8939,20634,18605,39239
2015,Baden-Wurttemberg,Saarland,284,186,470,921,843,1764
2015,Baden-Wurttemberg,Berlin,816,612,1428,3419,3263,6682
2015,Baden-Wurttemberg,Brandenburg,185,100,285,1100,967,2067
2015,Baden-Wurttemberg,Mecklenburg-Vorpommern,123,83,206,757,694,1451
2015,Baden-Wurttemberg,Sachsen,510,291,801,2748,2348,5096
2015,Baden-Wurttemberg,Sachsen-Anhalt,230,112,342,1100,871,1971
2015,Baden-Wurttemberg,Thuringen,293,168,461,1322,1129,2451
2015,Baden-Wurttemberg,Insgesamt,18480,11325,29805,67410,61350,128760
2015,Bayern,Schleswig-Holstein,472,248,720,1721,1656,3377
2015,Bayern,Hamburg,462,276,738,1771,1808,3579
2015,Bayern,Niedersachsen,1361,736,2097,4566,3806,8372
2015,Bayern,Bremen,219,109,328,490,398,888
2015,Bayern,Nordrhein-Westfalen,3878,2203,6081,10172,8390,18562
2015,Bayern,Hessen,2355,1522,3877,8014,6925,14939
2015,Bayern,Rheinland-Pfalz,901,510,1411,2911,2481,5392
2015,Bayern,Baden-Wurttemberg,5944,3272,9216,20079,17916,37995
2015,Bayern,Bayern,0,0,0,0,0,0
2015,Bayern,Saarland,217,110,327,571,412,983
2015,Bayern,Berlin,968,761,1729,4051,3853,7904
2015,Bayern,Brandenburg,241,130,371,1363,1198,2561
2015,Bayern,Mecklenburg-Vorpommern,138,82,220,778,693,1471
2015,Bayern,Sachsen,745,326,1071,4418,3640,8058
2015,Bayern,Sachsen-Anhalt,319,127,446,1291,992,2283
2015,Bayern,Thuringen,477,242,719,2612,2309,4921
2015,Bayern,Insgesamt,18697,10654,29351,64808,56477,121285
2015,Saarland,Schleswig-Holstein,35,13,48,103,87,190
2015,Saarland,Hamburg,26,16,42,101,98,199
2015,Saarland,Niedersachsen,87,45,132,298,279,577
2015,Saarland,Bremen,13,4,17,35,26,61
2015,Saarland,Nordrhein-Westfalen,623,320,943,1340,1093,2433
2015,Saarland,Hessen,185,118,303,646,621,1267
2015,Saarland,Rheinland-Pfalz,347,336,683,2475,2595,5070
2015,Saarland,Baden-Wurttemberg,326,203,529,1209,1153,2362
2015,Saarland,Bayern,201,102,303,648,534,1182
2015,Saarland,Saarland,0,0,0,0,0,0
2015,Saarland,Berlin,69,58,127,241,228,469
2015,Saarland,Brandenburg,16,8,24,71,64,135
2015,Saarland,Mecklenburg-Vorpommern,12,1,13,51,43,94
2015,Saarland,Sachsen,39,12,51,150,104,254
2015,Saarland,Sachsen-Anhalt,22,1,23,70,44,114
2015,Saarland,Thuringen,22,9,31,74,60,134
2015,Saarland,Insgesamt,2023,1246,3269,7512,7029,14541
2015,Berlin,Schleswig-Holstein,197,142,339,1188,1226,2414
2015,Berlin,Hamburg,336,270,606,1376,1410,2786
2015,Berlin,Niedersachsen,615,401,1016,2682,2577,5259
2015,Berlin,Bremen,90,77,167,318,329,647
2015,Berlin,Nordrhein-Westfalen,1246,907,2153,4236,4067,8303
2015,Berlin,Hessen,612,388,1000,1972,1830,3802
2015,Berlin,Rheinland-Pfalz,186,134,320,792,708,1500
2015,Berlin,Baden-Wurttemberg,813,610,1423,2925,2772,5697
2015,Berlin,Bayern,899,623,1522,3530,3180,6710
2015,Berlin,Saarland,44,38,82,161,145,306
2015,Berlin,Berlin,0,0,0,0,0,0
2015,Berlin,Brandenburg,1472,1169,2641,15545,15285,30830
2015,Berlin,Mecklenburg-Vorpommern,186,118,304,1551,1551,3102
2015,Berlin,Sachsen,552,329,881,2018,1983,4001
2015,Berlin,Sachsen-Anhalt,391,290,681,1269,1225,2494
2015,Berlin,Thuringen,155,117,272,680,680,1360
2015,Berlin,Insgesamt,7794,5613,13407,40243,38968,79211
2015,Brandenburg,Schleswig-Holstein,56,36,92,560,530,1090
2015,Brandenburg,Hamburg,68,42,110,415,373,788
2015,Brandenburg,Niedersachsen,268,131,399,1312,1150,2462
2015,Brandenburg,Bremen,32,9,41,112,66,178
2015,Brandenburg,Nordrhein-Westfalen,607,278,885,1625,1191,2816
2015,Brandenburg,Hessen,161,88,249,656,534,1190
2015,Brandenburg,Rheinland-Pfalz,63,31,94,298,234,532
2015,Brandenburg,Baden-Wurttemberg,217,119,336,1134,890,2024
2015,Brandenburg,Bayern,264,143,407,1328,1074,2402
2015,Brandenburg,Saarland,16,10,26,60,46,106
2015,Brandenburg,Berlin,1601,1113,2714,9763,8678,18441
2015,Brandenburg,Brandenburg,0,0,0,0,0,0
2015,Brandenburg,Mecklenburg-Vorpommern,87,42,129,1606,1618,3224
2015,Brandenburg,Sachsen,197,103,300,2463,2271,4734
2015,Brandenburg,Sachsen-Anhalt,163,65,228,1243,1239,2482
2015,Brandenburg,Thuringen,53,21,74,453,429,882
2015,Brandenburg,Insgesamt,3853,2231,6084,23028,20323,43351
2015,Mecklenburg-Vorpommern,Schleswig-Holstein,302,179,481,2237,2027,4264
2015,Mecklenburg-Vorpommern,Hamburg,710,571,1281,1854,1560,3414
2015,Mecklenburg-Vorpommern,Niedersachsen,414,218,632,1828,1655,3483
2015,Mecklenburg-Vorpommern,Bremen,68,25,93,190,138,328
2015,Mecklenburg-Vorpommern,Nordrhein-Westfalen,719,343,1062,1587,1218,2805
2015,Mecklenburg-Vorpommern,Hessen,153,77,230,488,364,852
2015,Mecklenburg-Vorpommern,Rheinland-Pfalz,84,39,123,271,192,463
2015,Mecklenburg-Vorpommern,Baden-Wurttemberg,216,117,333,721,577,1298
2015,Mecklenburg-Vorpommern,Bayern,240,93,333,793,571,1364
2015,Mecklenburg-Vorpommern,Saarland,15,7,22,34,23,57
2015,Mecklenburg-Vorpommern,Berlin,335,225,560,1536,1524,3060
2015,Mecklenburg-Vorpommern,Brandenburg,90,71,161,1330,1394,2724
2015,Mecklenburg-Vorpommern,Mecklenburg-Vorpommern,0,0,0,0,0,0
2015,Mecklenburg-Vorpommern,Sachsen,84,47,131,861,819,1680
2015,Mecklenburg-Vorpommern,Sachsen-Anhalt,49,31,80,444,442,886
2015,Mecklenburg-Vorpommern,Thuringen,47,23,70,347,289,636
2015,Mecklenburg-Vorpommern,Insgesamt,3526,2066,5592,14521,12793,27314
2015,Sachsen,Schleswig-Holstein,149,78,227,571,568,1139
2015,Sachsen,Hamburg,128,75,203,523,523,1046
2015,Sachsen,Niedersachsen,538,230,768,1877,1487,3364
2015,Sachsen,Bremen,52,21,73,147,112,259
2015,Sachsen,Nordrhein-Westfalen,1165,545,1710,2832,2133,4965
2015,Sachsen,Hessen,382,230,612,1389,1210,2599
2015,Sachsen,Rheinland-Pfalz,180,76,256,663,553,1216
2015,Sachsen,Baden-Wurttemberg,669,351,1020,2697,2030,4727
2015,Sachsen,Bayern,834,467,1301,4191,3295,7486
2015,Sachsen,Saarland,36,20,56,92,91,183
2015,Sachsen,Berlin,650,399,1049,2248,2201,4449
2015,Sachsen,Brandenburg,141,105,246,2044,2001,4045
2015,Sachsen,Mecklenburg-Vorpommern,72,40,112,829,850,1679
2015,Sachsen,Sachsen,0,0,0,0,0,0
2015,Sachsen,Sachsen-Anhalt,320,145,465,2671,2485,5156
2015,Sachsen,Thuringen,251,149,400,2416,2293,4709
2015,Sachsen,Insgesamt,5567,2931,8498,25190,21832,47022
2015,Sachsen-Anhalt,Schleswig-Holstein,102,54,156,468,426,894
2015,Sachsen-Anhalt,Hamburg,111,56,167,407,352,759
2015,Sachsen-Anhalt,Niedersachsen,655,418,1073,3559,3104,6663
2015,Sachsen-Anhalt,Bremen,64,15,79,146,106,252
2015,Sachsen-Anhalt,Nordrhein-Westfalen,1129,480,1609,2237,1597,3834
2015,Sachsen-Anhalt,Hessen,290,152,442,893,706,1599
2015,Sachsen-Anhalt,Rheinland-Pfalz,117,63,180,386,331,717
2015,Sachsen-Anhalt,Baden-Wurttemberg,364,185,549,1190,964,2154
2015,Sachsen-Anhalt,Bayern,354,157,511,1397,1083,2480
2015,Sachsen-Anhalt,Saarland,22,3,25,63,39,102
2015,Sachsen-Anhalt,Berlin,422,235,657,1416,1292,2708
2015,Sachsen-Anhalt,Brandenburg,130,73,203,1215,1333,2548
2015,Sachsen-Anhalt,Mecklenburg-Vorpommern,42,13,55,588,624,1212
2015,Sachsen-Anhalt,Sachsen,453,225,678,3696,3486,7182
2015,Sachsen-Anhalt,Sachsen-Anhalt,0,0,0,0,0,0
2015,Sachsen-Anhalt,Thuringen,126,70,196,1477,1470,2947
2015,Sachsen-Anhalt,Insgesamt,4381,2199,6580,19138,16913,36051
2015,Thuringen,Schleswig-Holstein,79,33,112,371,301,672
2015,Thuringen,Hamburg,74,57,131,313,262,575
2015,Thuringen,Niedersachsen,334,160,494,1520,1351,2871
2015,Thuringen,Bremen,36,11,47,82,80,162
2015,Thuringen,Nordrhein-Westfalen,976,433,1409,2027,1455,3482
2015,Thuringen,Hessen,397,230,627,1988,1759,3747
2015,Thuringen,Rheinland-Pfalz,122,89,211,434,405,839
2015,Thuringen,Baden-Wurttemberg,471,279,750,1681,1313,2994
2015,Thuringen,Bayern,624,337,961,3182,2632,5814
2015,Thuringen,Saarland,25,15,40,94,56,150
2015,Thuringen,Berlin,216,161,377,931,967,1898
2015,Thuringen,Brandenburg,74,28,102,502,488,990
2015,Thuringen,Mecklenburg-Vorpommern,36,30,66,343,369,712
2015,Thuringen,Sachsen,298,195,493,3295,3245,6540
2015,Thuringen,Sachsen-Anhalt,114,62,176,1372,1381,2753
2015,Thuringen,Thuringen,0,0,0,0,0,0
2015,Thuringen,Insgesamt,3876,2120,5996,18135,16064,34199
2015,Insgesamt,Schleswig-Holstein,5179,3415,8594,31117,31165,62282
2015,Insgesamt,Hamburg,6233,4706,10939,31001,30896,61897
2015,Insgesamt,Niedersachsen,13334,8126,21460,64856,61214,126070
2015,Insgesamt,Bremen,2431,1584,4015,10444,9938,20382
2015,Insgesamt,Nordrhein-Westfalen,25271,15328,40599,79326,71911,151237
2015,Insgesamt,Hessen,13667,9043,22710,50378,46542,96920
2015,Insgesamt,Rheinland-Pfalz,8800,5928,14728,36453,34739,71192
2015,Insgesamt,Baden-Wurttemberg,20379,12200,32579,69023,61010,130033
2015,Insgesamt,Bayern,18491,10712,29203,67157,58139,125296
2015,Insgesamt,Saarland,1539,1049,2588,6091,5722,11813
2015,Insgesamt,Berlin,8307,6164,14471,37964,36619,74583
2015,Insgesamt,Brandenburg,3251,2265,5516,28253,27413,55666
2015,Insgesamt,Mecklenburg-Vorpommern,1730,991,2721,13653,13183,26836
2015,Insgesamt,Sachsen,4846,2597,7443,27712,24971,52683
2015,Insgesamt,Sachsen-Anhalt,2788,1472,4260,15961,14712,30673
2015,Insgesamt,Thuringen,2755,1543,4298,14821,13685,28506
2015,Insgesamt,Insgesamt,139001,87123,226124,584210,541859,1126069
2016,Schleswig-Holstein,Schleswig-Holstein,0,0,0,0,0,0
2016,Schleswig-Holstein,Hamburg,1447,1246,2693,9671,10147,19818
2016,Schleswig-Holstein,Niedersachsen,818,460,1278,4841,4769,9610
2016,Schleswig-Holstein,Bremen,193,80,273,593,554,1147
2016,Schleswig-Holstein,Nordrhein-Westfalen,1132,639,1771,3351,3041,6392
2016,Schleswig-Holstein,Hessen,274,169,443,1016,1015,2031
2016,Schleswig-Holstein,Rheinland-Pfalz,105,68,173,501,493,994
2016,Schleswig-Holstein,Baden-Wurttemberg,371,226,597,1536,1402,2938
2016,Schleswig-Holstein,Bayern,501,258,759,1749,1490,3239
2016,Schleswig-Holstein,Saarland,33,27,60,96,95,191
2016,Schleswig-Holstein,Berlin,252,181,433,1282,1401,2683
2016,Schleswig-Holstein,Brandenburg,88,45,133,581,551,1132
2016,Schleswig-Holstein,Mecklenburg-Vorpommern,206,101,307,2265,2133,4398
2016,Schleswig-Holstein,Sachsen,103,57,160,596,548,1144
2016,Schleswig-Holstein,Sachsen-Anhalt,77,37,114,447,395,842
2016,Schleswig-Holstein,Thuringen,66,54,120,303,291,594
2016,Schleswig-Holstein,Insgesamt,5666,3648,9314,28828,28325,57153
2016,Hamburg,Schleswig-Holstein,1825,1345,3170,12081,12319,24400
2016,Hamburg,Hamburg,0,0,0,0,0,0
2016,Hamburg,Niedersachsen,1105,836,1941,6970,6919,13889
2016,Hamburg,Bremen,135,88,223,539,557,1096
2016,Hamburg,Nordrhein-Westfalen,744,521,1265,2603,2579,5182
2016,Hamburg,Hessen,285,213,498,1047,992,2039
2016,Hamburg,Rheinland-Pfalz,103,64,167,354,362,716
2016,Hamburg,Baden-Wurttemberg,365,201,566,1324,1265,2589
2016,Hamburg,Bayern,386,278,664,1563,1504,3067
2016,Hamburg,Saarland,31,15,46,66,51,117
2016,Hamburg,Berlin,380,314,694,1783,1867,3650
2016,Hamburg,Brandenburg,63,39,102,406,341,747
2016,Hamburg,Mecklenburg-Vorpommern,205,144,349,1145,1059,2204
2016,Hamburg,Sachsen,74,46,120,389,377,766
2016,Hamburg,Sachsen-Anhalt,68,37,105,257,238,495
2016,Hamburg,Thuringen,40,35,75,193,175,368
2016,Hamburg,Insgesamt,5809,4176,9985,30720,30605,61325
2016,Niedersachsen,Schleswig-Holstein,669,473,1142,4687,4865,9552
2016,Niedersachsen,Hamburg,991,788,1779,6525,6908,13433
2016,Niedersachsen,Niedersachsen,0,0,0,0,0,0
2016,Niedersachsen,Bremen,1272,950,2222,7125,6897,14022
2016,Niedersachsen,Nordrhein-Westfalen,4939,3385,8324,17256,16793,34049
2016,Niedersachsen,Hessen,1162,826,1988,4517,4330,8847
2016,Niedersachsen,Rheinland-Pfalz,539,365,904,1750,1693,3443
2016,Niedersachsen,Baden-Wurttemberg,1663,1094,2757,5091,4379,9470
2016,Niedersachsen,Bayern,1634,1077,2711,5211,4444,9655
2016,Niedersachsen,Saarland,134,93,227,303,275,578
2016,Niedersachsen,Berlin,760,538,1298,3514,3501,7015
2016,Niedersachsen,Brandenburg,309,168,477,1400,1291,2691
2016,Niedersachsen,Mecklenburg-Vorpommern,271,150,421,1732,1580,3312
2016,Niedersachsen,Sachsen,462,243,705,1955,1721,3676
2016,Niedersachsen,Sachsen-Anhalt,492,299,791,3173,2896,6069
2016,Niedersachsen,Thuringen,281,197,478,1329,1265,2594
2016,Niedersachsen,Insgesamt,15578,10646,26224,65568,62838,128406
2016,Bremen,Schleswig-Holstein,105,52,157,476,462,938
2016,Bremen,Hamburg,142,116,258,663,703,1366
2016,Bremen,Niedersachsen,1047,786,1833,7099,7208,14307
2016,Bremen,Bremen,0,0,0,0,0,0
2016,Bremen,Nordrhein-Westfalen,439,316,755,1244,1136,2380
2016,Bremen,Hessen,131,109,240,393,333,726
2016,Bremen,Rheinland-Pfalz,65,33,98,171,131,302
2016,Bremen,Baden-Wurttemberg,217,127,344,569,449,1018
2016,Bremen,Bayern,227,155,382,604,474,1078
2016,Bremen,Saarland,11,7,18,27,27,54
2016,Bremen,Berlin,167,146,313,523,574,1097
2016,Bremen,Brandenburg,23,13,36,99,101,200
2016,Bremen,Mecklenburg-Vorpommern,60,38,98,168,162,330
2016,Bremen,Sachsen,42,17,59,182,133,315
2016,Bremen,Sachsen-Anhalt,41,21,62,124,103,227
2016,Bremen,Thuringen,30,10,40,92,65,157
2016,Bremen,Insgesamt,2747,1946,4693,12434,12061,24495
2016,Nordrhein-Westfalen,Schleswig-Holstein,652,394,1046,3554,3606,7160
2016,Nordrhein-Westfalen,Hamburg,711,472,1183,3416,3612,7028
2016,Nordrhein-Westfalen,Niedersachsen,4026,2581,6607,18073,17705,35778
2016,Nordrhein-Westfalen,Bremen,500,308,808,1452,1392,2844
2016,Nordrhein-Westfalen,Nordrhein-Westfalen,0,0,0,0,0,0
2016,Nordrhein-Westfalen,Hessen,3102,2031,5133,10360,9629,19989
2016,Nordrhein-Westfalen,Rheinland-Pfalz,2145,1456,3601,9791,9420,19211
2016,Nordrhein-Westfalen,Baden-Wurttemberg,4052,2457,6509,11623,9708,21331
2016,Nordrhein-Westfalen,Bayern,3680,2168,5848,11527,9750,21277
2016,Nordrhein-Westfalen,Saarland,376,234,610,978,826,1804
2016,Nordrhein-Westfalen,Berlin,1429,1136,2565,6136,6119,12255
2016,Nordrhein-Westfalen,Brandenburg,459,264,723,1769,1562,3331
2016,Nordrhein-Westfalen,Mecklenburg-Vorpommern,390,196,586,1501,1337,2838
2016,Nordrhein-Westfalen,Sachsen,827,423,1250,2767,2271,5038
2016,Nordrhein-Westfalen,Sachsen-Anhalt,549,243,792,1723,1342,3065
2016,Nordrhein-Westfalen,Thuringen,551,331,882,1551,1370,2921
2016,Nordrhein-Westfalen,Insgesamt,23449,14694,38143,86221,79649,165870
2016,Hessen,Schleswig-Holstein,221,145,366,1251,1377,2628
2016,Hessen,Hamburg,264,222,486,1281,1380,2661
2016,Hessen,Niedersachsen,1116,686,1802,4600,4657,9257
2016,Hessen,Bremen,146,100,246,416,404,820
2016,Hessen,Nordrhein-Westfalen,3660,2284,5944,10319,9782,20101
2016,Hessen,Hessen,0,0,0,0,0,0
2016,Hessen,Rheinland-Pfalz,2300,1480,3780,8708,8316,17024
2016,Hessen,Baden-Wurttemberg,3178,1835,5013,9698,8566,18264
2016,Hessen,Bayern,2675,1622,4297,8689,7779,16468
2016,Hessen,Saarland,152,100,252,460,453,913
2016,Hessen,Berlin,744,535,1279,2873,2764,5637
2016,Hessen,Brandenburg,259,116,375,845,645,1490
2016,Hessen,Mecklenburg-Vorpommern,80,53,133,502,508,1010
2016,Hessen,Sachsen,532,228,760,1809,1472,3281
2016,Hessen,Sachsen-Anhalt,296,111,407,857,676,1533
2016,Hessen,Thuringen,482,177,659,1847,1595,3442
2016,Hessen,Insgesamt,16105,9694,25799,54155,50374,104529
2016,Rheinland-Pfalz,Schleswig-Holstein,122,78,200,568,601,1169
2016,Rheinland-Pfalz,Hamburg,93,79,172,449,495,944
2016,Rheinland-Pfalz,Niedersachsen,433,282,715,1738,1616,3354
2016,Rheinland-Pfalz,Bremen,100,61,161,241,173,414
2016,Rheinland-Pfalz,Nordrhein-Westfalen,2427,1490,3917,9407,9118,18525
2016,Rheinland-Pfalz,Hessen,2077,1422,3499,8331,7978,16309
2016,Rheinland-Pfalz,Rheinland-Pfalz,0,0,0,0,0,0
2016,Rheinland-Pfalz,Baden-Wurttemberg,2342,1515,3857,8818,8009,16827
2016,Rheinland-Pfalz,Bayern,953,569,1522,3268,2819,6087
2016,Rheinland-Pfalz,Saarland,418,309,727,2286,2274,4560
2016,Rheinland-Pfalz,Berlin,286,201,487,1174,1113,2287
2016,Rheinland-Pfalz,Brandenburg,81,33,114,370,337,707
2016,Rheinland-Pfalz,Mecklenburg-Vorpommern,45,25,70,236,218,454
2016,Rheinland-Pfalz,Sachsen,189,78,267,719,583,1302
2016,Rheinland-Pfalz,Sachsen-Anhalt,101,43,144,344,279,623
2016,Rheinland-Pfalz,Thuringen,97,38,135,404,342,746
2016,Rheinland-Pfalz,Insgesamt,9764,6223,15987,38353,35955,74308
2016,Baden-Wurttemberg,Schleswig-Holstein,345,226,571,1592,1664,3256
2016,Baden-Wurttemberg,Hamburg,337,233,570,1547,1576,3123
2016,Baden-Wurttemberg,Niedersachsen,1555,836,2391,4515,3972,8487
2016,Baden-Wurttemberg,Bremen,209,123,332,521,449,970
2016,Baden-Wurttemberg,Nordrhein-Westfalen,4606,2822,7428,11170,9698,20868
2016,Baden-Wurttemberg,Hessen,3050,1933,4983,9622,8872,18494
2016,Baden-Wurttemberg,Rheinland-Pfalz,2717,1737,4454,9026,8281,17307
2016,Baden-Wurttemberg,Baden-Wurttemberg,0,0,0,0,0,0
2016,Baden-Wurttemberg,Bayern,6211,3749,9960,21400,19180,40580
2016,Baden-Wurttemberg,Saarland,304,196,500,941,848,1789
2016,Baden-Wurttemberg,Berlin,922,722,1644,4116,4051,8167
2016,Baden-Wurttemberg,Brandenburg,259,129,388,1175,1020,2195
2016,Baden-Wurttemberg,Mecklenburg-Vorpommern,150,100,250,809,688,1497
2016,Baden-Wurttemberg,Sachsen,618,323,941,2900,2408,5308
2016,Baden-Wurttemberg,Sachsen-Anhalt,290,131,421,1122,921,2043
2016,Baden-Wurttemberg,Thuringen,364,197,561,1477,1224,2701
2016,Baden-Wurttemberg,Insgesamt,21937,13457,35394,71933,64852,136785
2016,Bayern,Schleswig-Holstein,591,294,885,1832,1694,3526
2016,Bayern,Hamburg,455,278,733,1850,1844,3694
2016,Bayern,Niedersachsen,1732,905,2637,4808,3932,8740
2016,Bayern,Bremen,324,165,489,655,496,1151
2016,Bayern,Nordrhein-Westfalen,6196,3308,9504,12597,9731,22328
2016,Bayern,Hessen,2913,1613,4526,8585,7319,15904
2016,Bayern,Rheinland-Pfalz,1107,566,1673,3187,2629,5816
2016,Bayern,Baden-Wurttemberg,6508,3494,10002,20519,17954,38473
2016,Bayern,Bayern,0,0,0,0,0,0
2016,Bayern,Saarland,268,136,404,627,484,1111
2016,Bayern,Berlin,1265,894,2159,4877,4661,9538
2016,Bayern,Brandenburg,535,170,705,1709,1212,2921
2016,Bayern,Mecklenburg-Vorpommern,208,98,306,875,707,1582
2016,Bayern,Sachsen,1077,403,1480,4629,3730,8359
2016,Bayern,Sachsen-Anhalt,603,202,805,1560,1086,2646
2016,Bayern,Thuringen,599,287,886,2726,2347,5073
2016,Bayern,Insgesamt,24381,12813,37194,71036,59826,130862
2016,Saarland,Schleswig-Holstein,66,42,108,142,126,268
2016,Saarland,Hamburg,37,17,54,119,103,222
2016,Saarland,Niedersachsen,170,73,243,371,297,668
2016,Saarland,Bremen,27,16,43,49,41,90
2016,Saarland,Nordrhein-Westfalen,956,522,1478,1629,1247,2876
2016,Saarland,Hessen,206,125,331,646,663,1309
2016,Saarland,Rheinland-Pfalz,487,349,836,2702,2789,5491
2016,Saarland,Baden-Wurttemberg,407,220,627,1279,1112,2391
2016,Saarland,Bayern,257,113,370,725,606,1331
2016,Saarland,Saarland,0,0,0,0,0,0
2016,Saarland,Berlin,112,58,170,323,254,577
2016,Saarland,Brandenburg,21,8,29,81,53,134
2016,Saarland,Mecklenburg-Vorpommern,20,7,27,60,49,109
2016,Saarland,Sachsen,41,17,58,129,87,216
2016,Saarland,Sachsen-Anhalt,32,16,48,78,62,140
2016,Saarland,Thuringen,23,8,31,71,45,116
2016,Saarland,Insgesamt,2862,1591,4453,8404,7534,15938
2016,Berlin,Schleswig-Holstein,248,156,404,1163,1242,2405
2016,Berlin,Hamburg,357,265,622,1275,1380,2655
2016,Berlin,Niedersachsen,684,408,1092,2743,2525,5268
2016,Berlin,Bremen,125,99,224,340,370,710
2016,Berlin,Nordrhein-Westfalen,1249,913,2162,3959,3983,7942
2016,Berlin,Hessen,546,441,987,1882,1781,3663
2016,Berlin,Rheinland-Pfalz,241,156,397,838,738,1576
2016,Berlin,Baden-Wurttemberg,800,597,1397,2927,2766,5693
2016,Berlin,Bayern,897,666,1563,3435,3259,6694
2016,Berlin,Saarland,48,30,78,164,125,289
2016,Berlin,Berlin,0,0,0,0,0,0
2016,Berlin,Brandenburg,1707,1323,3030,16549,15960,32509
2016,Berlin,Mecklenburg-Vorpommern,209,140,349,1602,1577,3179
2016,Berlin,Sachsen,507,335,842,2000,1903,3903
2016,Berlin,Sachsen-Anhalt,335,200,535,1257,1147,2404
2016,Berlin,Thuringen,159,98,257,698,652,1350
2016,Berlin,Insgesamt,8112,5827,13939,40832,39408,80240
2016,Brandenburg,Schleswig-Holstein,139,57,196,642,550,1192
2016,Brandenburg,Hamburg,79,54,133,400,371,771
2016,Brandenburg,Niedersachsen,537,256,793,1617,1269,2886
2016,Brandenburg,Bremen,90,35,125,189,124,313
2016,Brandenburg,Nordrhein-Westfalen,2104,910,3014,3027,1852,4879
2016,Brandenburg,Hessen,204,92,296,631,485,1116
2016,Brandenburg,Rheinland-Pfalz,144,59,203,443,340,783
2016,Brandenburg,Baden-Wurttemberg,335,168,503,1104,851,1955
2016,Brandenburg,Bayern,436,152,588,1416,979,2395
2016,Brandenburg,Saarland,40,13,53,73,45,118
2016,Brandenburg,Berlin,2355,1474,3829,11300,9809,21109
2016,Brandenburg,Brandenburg,0,0,0,0,0,0
2016,Brandenburg,Mecklenburg-Vorpommern,114,58,172,1699,1779,3478
2016,Brandenburg,Sachsen,269,139,408,2431,2277,4708
2016,Brandenburg,Sachsen-Anhalt,220,97,317,1270,1252,2522
2016,Brandenburg,Thuringen,89,43,132,474,421,895
2016,Brandenburg,Insgesamt,7155,3607,10762,26716,22404,49120
2016,Mecklenburg-Vorpommern,Schleswig-Holstein,399,178,577,2294,1979,4273
2016,Mecklenburg-Vorpommern,Hamburg,369,245,614,1349,1152,2501
2016,Mecklenburg-Vorpommern,Niedersachsen,825,402,1227,2122,1677,3799
2016,Mecklenburg-Vorpommern,Bremen,266,160,426,400,278,678
2016,Mecklenburg-Vorpommern,Nordrhein-Westfalen,3359,1573,4932,4204,2390,6594
2016,Mecklenburg-Vorpommern,Hessen,278,108,386,578,404,982
2016,Mecklenburg-Vorpommern,Rheinland-Pfalz,162,57,219,336,244,580
2016,Mecklenburg-Vorpommern,Baden-Wurttemberg,360,146,506,826,599,1425
2016,Mecklenburg-Vorpommern,Bayern,326,137,463,864,612,1476
2016,Mecklenburg-Vorpommern,Saarland,68,30,98,93,53,146
2016,Mecklenburg-Vorpommern,Berlin,554,306,860,1867,1670,3537
2016,Mecklenburg-Vorpommern,Brandenburg,257,133,390,1527,1495,3022
2016,Mecklenburg-Vorpommern,Mecklenburg-Vorpommern,0,0,0,0,0,0
2016,Mecklenburg-Vorpommern,Sachsen,203,112,315,949,786,1735
2016,Mecklenburg-Vorpommern,Sachsen-Anhalt,148,57,205,588,495,1083
2016,Mecklenburg-Vorpommern,Thuringen,93,36,129,357,294,651
2016,Mecklenburg-Vorpommern,Insgesamt,7667,3680,11347,18354,14128,32482
2016,Sachsen,Schleswig-Holstein,219,106,325,669,559,1228
2016,Sachsen,Hamburg,148,93,241,590,499,1089
2016,Sachsen,Niedersachsen,840,376,1216,2124,1576,3700
2016,Sachsen,Bremen,126,77,203,268,192,460
2016,Sachsen,Nordrhein-Westfalen,2380,1086,3466,4024,2620,6644
2016,Sachsen,Hessen,475,257,732,1542,1270,2812
2016,Sachsen,Rheinland-Pfalz,289,107,396,704,555,1259
2016,Sachsen,Baden-Wurttemberg,907,466,1373,2772,2132,4904
2016,Sachsen,Bayern,1059,582,1641,4156,3291,7447
2016,Sachsen,Saarland,109,43,152,176,112,288
2016,Sachsen,Berlin,824,506,1330,2783,2495,5278
2016,Sachsen,Brandenburg,248,110,358,2150,2098,4248
2016,Sachsen,Mecklenburg-Vorpommern,99,36,135,855,821,1676
2016,Sachsen,Sachsen,0,0,0,0,0,0
2016,Sachsen,Sachsen-Anhalt,414,200,614,2960,2744,5704
2016,Sachsen,Thuringen,304,174,478,2434,2320,4754
2016,Sachsen,Insgesamt,8441,4219,12660,28207,23284,51491
2016,Sachsen-Anhalt,Schleswig-Holstein,191,79,270,592,478,1070
2016,Sachsen-Anhalt,Hamburg,172,86,258,445,334,779
2016,Sachsen-Anhalt,Niedersachsen,1031,569,1600,3680,3295,6975
2016,Sachsen-Anhalt,Bremen,154,78,232,229,153,382
2016,Sachsen-Anhalt,Nordrhein-Westfalen,2191,1092,3283,3274,2232,5506
2016,Sachsen-Anhalt,Hessen,344,160,504,819,693,1512
2016,Sachsen-Anhalt,Rheinland-Pfalz,152,79,231,399,329,728
2016,Sachsen-Anhalt,Baden-Wurttemberg,466,235,701,1219,970,2189
2016,Sachsen-Anhalt,Bayern,489,261,750,1509,1223,2732
2016,Sachsen-Anhalt,Saarland,88,23,111,126,48,174
2016,Sachsen-Anhalt,Berlin,581,326,907,1653,1521,3174
2016,Sachsen-Anhalt,Brandenburg,227,122,349,1319,1335,2654
2016,Sachsen-Anhalt,Mecklenburg-Vorpommern,97,34,131,656,662,1318
2016,Sachsen-Anhalt,Sachsen,563,289,852,3799,3397,7196
2016,Sachsen-Anhalt,Sachsen-Anhalt,0,0,0,0,0,0
2016,Sachsen-Anhalt,Thuringen,153,61,214,1455,1443,2898
2016,Sachsen-Anhalt,Insgesamt,6899,3494,10393,21174,18113,39287
2016,Thuringen,Schleswig-Holstein,154,83,237,376,318,694
2016,Thuringen,Hamburg,87,72,159,299,294,593
2016,Thuringen,Niedersachsen,539,285,824,1785,1533,3318
2016,Thuringen,Bremen,127,45,172,190,132,322
2016,Thuringen,Nordrhein-Westfalen,1845,914,2759,2876,1939,4815
2016,Thuringen,Hessen,509,307,816,1977,1837,3814
2016,Thuringen,Rheinland-Pfalz,221,106,327,532,431,963
2016,Thuringen,Baden-Wurttemberg,543,293,836,1687,1276,2963
2016,Thuringen,Bayern,695,384,1079,3039,2573,5612
2016,Thuringen,Saarland,72,38,110,113,72,185
2016,Thuringen,Berlin,290,195,485,1082,1045,2127
2016,Thuringen,Brandenburg,70,47,117,533,507,1040
2016,Thuringen,Mecklenburg-Vorpommern,67,25,92,419,410,829
2016,Thuringen,Sachsen,363,203,566,3446,3298,6744
2016,Thuringen,Sachsen-Anhalt,204,117,321,1510,1450,2960
2016,Thuringen,Thuringen,0,0,0,0,0,0
2016,Thuringen,Insgesamt,5786,3114,8900,19864,17115,36979
2016,Insgesamt,Schleswig-Holstein,5946,3708,9654,31919,31840,63759
2016,Insgesamt,Hamburg,5689,4266,9955,29879,30798,60677
2016,Insgesamt,Niedersachsen,16458,9741,26199,67086,62950,130036
2016,Insgesamt,Bremen,3794,2385,6179,13207,12212,25419
2016,Insgesamt,Nordrhein-Westfalen,38227,21775,60002,90940,78141,169081
2016,Insgesamt,Hessen,15556,9806,25362,51946,47601,99547
2016,Insgesamt,Rheinland-Pfalz,10777,6682,17459,39442,36751,76193
2016,Insgesamt,Baden-Wurttemberg,22514,13074,35588,70992,61438,132430
2016,Insgesamt,Bayern,20426,12171,32597,69155,59983,129138
2016,Insgesamt,Saarland,2152,1294,3446,6529,5788,12317
2016,Insgesamt,Berlin,10921,7532,18453,45286,42845,88131
2016,Insgesamt,Brandenburg,4606,2720,7326,30513,28508,59021
2016,Insgesamt,Mecklenburg-Vorpommern,2221,1205,3426,14524,13690,28214
2016,Insgesamt,Sachsen,5870,2913,8783,28700,24991,53691
2016,Insgesamt,Sachsen-Anhalt,3870,1811,5681,17270,15086,32356
2016,Insgesamt,Thuringen,3331,1746,5077,15411,13849,29260
2016,Insgesamt,Insgesamt,172358,102829,275187,622799,566471,1189270
2017,Schleswig-Holstein,Schleswig-Holstein,0,0,0,0,0,0
2017,Schleswig-Holstein,Hamburg,1370,1116,2486,8903,9170,18073
2017,Schleswig-Holstein,Niedersachsen,710,423,1133,4604,4555,9159
2017,Schleswig-Holstein,Bremen,98,53,151,427,437,864
2017,Schleswig-Holstein,Nordrhein-Westfalen,723,469,1192,2782,2733,5515
2017,Schleswig-Holstein,Hessen,272,181,453,1091,1011,2102
2017,Schleswig-Holstein,Rheinland-Pfalz,110,69,179,475,487,962
2017,Schleswig-Holstein,Baden-Wurttemberg,406,243,649,1478,1276,2754
2017,Schleswig-Holstein,Bayern,428,244,672,1530,1413,2943
2017,Schleswig-Holstein,Saarland,26,20,46,80,83,163
2017,Schleswig-Holstein,Berlin,206,161,367,1158,1165,2323
2017,Schleswig-Holstein,Brandenburg,59,33,92,528,506,1034
2017,Schleswig-Holstein,Mecklenburg-Vorpommern,180,96,276,2132,2060,4192
2017,Schleswig-Holstein,Sachsen,112,62,174,580,560,1140
2017,Schleswig-Holstein,Sachsen-Anhalt,68,27,95,406,350,756
2017,Schleswig-Holstein,Thuringen,67,38,105,278,273,551
2017,Schleswig-Holstein,Insgesamt,4835,3235,8070,26452,26079,52531
2017,Hamburg,Schleswig-Holstein,1647,1285,2932,11011,11295,22306
2017,Hamburg,Hamburg,0,0,0,0,0,0
2017,Hamburg,Niedersachsen,948,705,1653,6416,6560,12976
2017,Hamburg,Bremen,111,107,218,480,521,1001
2017,Hamburg,Nordrhein-Westfalen,527,404,931,2346,2435,4781
2017,Hamburg,Hessen,282,190,472,1051,986,2037
2017,Hamburg,Rheinland-Pfalz,86,65,151,365,358,723
2017,Hamburg,Baden-Wurttemberg,328,224,552,1340,1290,2630
2017,Hamburg,Bayern,417,254,671,1541,1455,2996
2017,Hamburg,Saarland,21,9,30,71,49,120
2017,Hamburg,Berlin,366,312,678,1571,1707,3278
2017,Hamburg,Brandenburg,50,46,96,386,359,745
2017,Hamburg,Mecklenburg-Vorpommern,125,74,199,1020,942,1962
2017,Hamburg,Sachsen,84,47,131,445,397,842
2017,Hamburg,Sachsen-Anhalt,52,29,81,224,214,438
2017,Hamburg,Thuringen,37,27,64,174,175,349
2017,Hamburg,Insgesamt,5081,3778,8859,28441,28743,57184
2017,Niedersachsen,Schleswig-Holstein,591,400,991,4333,4566,8899
2017,Niedersachsen,Hamburg,928,725,1653,6083,6401,12484
2017,Niedersachsen,Niedersachsen,0,0,0,0,0,0
2017,Niedersachsen,Bremen,1017,763,1780,5948,5779,11727
2017,Niedersachsen,Nordrhein-Westfalen,3937,3046,6983,15707,15770,31477
2017,Niedersachsen,Hessen,1245,1001,2246,4518,4468,8986
2017,Niedersachsen,Rheinland-Pfalz,583,408,991,1798,1701,3499
2017,Niedersachsen,Baden-Wurttemberg,1551,1164,2715,4758,4327,9085
2017,Niedersachsen,Bayern,1832,1250,3082,5256,4439,9695
2017,Niedersachsen,Saarland,114,93,207,264,272,536
2017,Niedersachsen,Berlin,782,676,1458,3205,3229,6434
2017,Niedersachsen,Brandenburg,275,188,463,1324,1231,2555
2017,Niedersachsen,Mecklenburg-Vorpommern,312,159,471,1703,1561,3264
2017,Niedersachsen,Sachsen,535,327,862,1962,1745,3707
2017,Niedersachsen,Sachsen-Anhalt,421,255,676,2912,2756,5668
2017,Niedersachsen,Thuringen,307,196,503,1331,1267,2598
2017,Niedersachsen,Insgesamt,14430,10651,25081,61102,59512,120614
2017,Bremen,Schleswig-Holstein,85,42,127,379,367,746
2017,Bremen,Hamburg,156,132,288,603,664,1267
2017,Bremen,Niedersachsen,1033,777,1810,7184,7167,14351
2017,Bremen,Bremen,0,0,0,0,0,0
2017,Bremen,Nordrhein-Westfalen,354,259,613,1144,1013,2157
2017,Bremen,Hessen,123,81,204,366,321,687
2017,Bremen,Rheinland-Pfalz,53,32,85,155,131,286
2017,Bremen,Baden-Wurttemberg,187,117,304,482,422,904
2017,Bremen,Bayern,208,133,341,556,457,1013
2017,Bremen,Saarland,12,5,17,24,18,42
2017,Bremen,Berlin,130,104,234,428,452,880
2017,Bremen,Brandenburg,23,13,36,103,93,196
2017,Bremen,Mecklenburg-Vorpommern,58,18,76,183,121,304
2017,Bremen,Sachsen,57,23,80,191,144,335
2017,Bremen,Sachsen-Anhalt,44,32,76,128,102,230
2017,Bremen,Thuringen,37,16,53,90,77,167
2017,Bremen,Insgesamt,2560,1784,4344,12016,11549,23565
2017,Nordrhein-Westfalen,Schleswig-Holstein,594,355,949,3255,3299,6554
2017,Nordrhein-Westfalen,Hamburg,665,501,1166,3258,3398,6656
2017,Nordrhein-Westfalen,Niedersachsen,3738,2414,6152,17019,16543,33562
2017,Nordrhein-Westfalen,Bremen,379,256,635,1190,1174,2364
2017,Nordrhein-Westfalen,Nordrhein-Westfalen,0,0,0,0,0,0
2017,Nordrhein-Westfalen,Hessen,3234,2102,5336,10143,9493,19636
2017,Nordrhein-Westfalen,Rheinland-Pfalz,2035,1273,3308,9237,9043,18280
2017,Nordrhein-Westfalen,Baden-Wurttemberg,3659,2401,6060,10836,9403,20239
2017,Nordrhein-Westfalen,Bayern,3652,2109,5761,10977,9126,20103
2017,Nordrhein-Westfalen,Saarland,308,202,510,835,827,1662
2017,Nordrhein-Westfalen,Berlin,1428,1081,2509,5488,5297,10785
2017,Nordrhein-Westfalen,Brandenburg,358,200,558,1583,1339,2922
2017,Nordrhein-Westfalen,Mecklenburg-Vorpommern,367,208,575,1469,1293,2762
2017,Nordrhein-Westfalen,Sachsen,741,404,1145,2623,2087,4710
2017,Nordrhein-Westfalen,Sachsen-Anhalt,515,254,769,1570,1356,2926
2017,Nordrhein-Westfalen,Thuringen,536,303,839,1537,1261,2798
2017,Nordrhein-Westfalen,Insgesamt,22209,14063,36272,81020,74939,155959
2017,Hessen,Schleswig-Holstein,239,153,392,1265,1274,2539
2017,Hessen,Hamburg,265,201,466,1281,1305,2586
2017,Hessen,Niedersachsen,964,643,1607,4298,4230,8528
2017,Hessen,Bremen,96,89,185,327,352,679
2017,Hessen,Nordrhein-Westfalen,2720,1917,4637,9169,8728,17897
2017,Hessen,Hessen,0,0,0,0,0,0
2017,Hessen,Rheinland-Pfalz,2044,1408,3452,8176,8085,16261
2017,Hessen,Baden-Wurttemberg,2991,1843,4834,9153,8285,17438
2017,Hessen,Bayern,2557,1593,4150,8338,7344,15682
2017,Hessen,Saarland,142,116,258,449,487,936
2017,Hessen,Berlin,581,536,1117,2447,2336,4783
2017,Hessen,Brandenburg,184,102,286,733,657,1390
2017,Hessen,Mecklenburg-Vorpommern,134,39,173,532,486,1018
2017,Hessen,Sachsen,426,215,641,1670,1505,3175
2017,Hessen,Sachsen-Anhalt,235,108,343,726,633,1359
2017,Hessen,Thuringen,365,172,537,1652,1463,3115
2017,Hessen,Insgesamt,13943,9135,23078,50216,47170,97386
2017,Rheinland-Pfalz,Schleswig-Holstein,85,50,135,562,600,1162
2017,Rheinland-Pfalz,Hamburg,91,81,172,507,528,1035
2017,Rheinland-Pfalz,Niedersachsen,395,256,651,1623,1533,3156
2017,Rheinland-Pfalz,Bremen,76,36,112,172,157,329
2017,Rheinland-Pfalz,Nordrhein-Westfalen,1898,1305,3203,8447,8475,16922
2017,Rheinland-Pfalz,Hessen,1959,1411,3370,7917,7843,15760
2017,Rheinland-Pfalz,Rheinland-Pfalz,0,0,0,0,0,0
2017,Rheinland-Pfalz,Baden-Wurttemberg,2167,1475,3642,8329,7676,16005
2017,Rheinland-Pfalz,Bayern,830,570,1400,3037,2775,5812
2017,Rheinland-Pfalz,Saarland,391,296,687,2253,2298,4551
2017,Rheinland-Pfalz,Berlin,227,163,390,970,910,1880
2017,Rheinland-Pfalz,Brandenburg,48,37,85,300,303,603
2017,Rheinland-Pfalz,Mecklenburg-Vorpommern,53,31,84,257,217,474
2017,Rheinland-Pfalz,Sachsen,182,90,272,691,606,1297
2017,Rheinland-Pfalz,Sachsen-Anhalt,76,33,109,298,248,546
2017,Rheinland-Pfalz,Thuringen,110,65,175,398,363,761
2017,Rheinland-Pfalz,Insgesamt,8588,5899,14487,35761,34532,70293
2017,Baden-Wurttemberg,Schleswig-Holstein,332,199,531,1551,1519,3070
2017,Baden-Wurttemberg,Hamburg,352,252,604,1555,1703,3258
2017,Baden-Wurttemberg,Niedersachsen,1205,708,1913,4053,3716,7769
2017,Baden-Wurttemberg,Bremen,149,100,249,431,388,819
2017,Baden-Wurttemberg,Nordrhein-Westfalen,3326,2323,5649,9726,9003,18729
2017,Baden-Wurttemberg,Hessen,2846,1943,4789,9463,8676,18139
2017,Baden-Wurttemberg,Rheinland-Pfalz,2504,1623,4127,8699,7873,16572
2017,Baden-Wurttemberg,Baden-Wurttemberg,0,0,0,0,0,0
2017,Baden-Wurttemberg,Bayern,6071,3577,9648,20860,18710,39570
2017,Baden-Wurttemberg,Saarland,237,183,420,841,842,1683
2017,Baden-Wurttemberg,Berlin,919,727,1646,3680,3571,7251
2017,Baden-Wurttemberg,Brandenburg,244,126,370,1128,1023,2151
2017,Baden-Wurttemberg,Mecklenburg-Vorpommern,167,81,248,777,714,1491
2017,Baden-Wurttemberg,Sachsen,609,333,942,2827,2417,5244
2017,Baden-Wurttemberg,Sachsen-Anhalt,277,151,428,1063,878,1941
2017,Baden-Wurttemberg,Thuringen,353,215,568,1375,1181,2556
2017,Baden-Wurttemberg,Insgesamt,19591,12541,32132,68029,62214,130243
2017,Bayern,Schleswig-Holstein,358,239,597,1533,1521,3054
2017,Bayern,Hamburg,366,285,651,1718,1710,3428
2017,Bayern,Niedersachsen,1259,784,2043,4112,3627,7739
2017,Bayern,Bremen,203,110,313,499,401,900
2017,Bayern,Nordrhein-Westfalen,3479,2220,5699,9495,8166,17661
2017,Bayern,Hessen,2434,1470,3904,7663,6772,14435
2017,Bayern,Rheinland-Pfalz,877,540,1417,2760,2526,5286
2017,Bayern,Baden-Wurttemberg,6169,3526,9695,19506,17328,36834
2017,Bayern,Bayern,0,0,0,0,0,0
2017,Bayern,Saarland,163,110,273,495,469,964
2017,Bayern,Berlin,1084,850,1934,4265,4103,8368
2017,Bayern,Brandenburg,310,147,457,1341,1148,2489
2017,Bayern,Mecklenburg-Vorpommern,141,85,226,776,671,1447
2017,Bayern,Sachsen,778,428,1206,4051,3450,7501
2017,Bayern,Sachsen-Anhalt,310,147,457,1244,1000,2244
2017,Bayern,Thuringen,512,299,811,2557,2237,4794
2017,Bayern,Insgesamt,18443,11240,29683,62015,55129,117144
2017,Saarland,Schleswig-Holstein,38,21,59,132,115,247
2017,Saarland,Hamburg,18,12,30,78,78,156
2017,Saarland,Niedersachsen,117,65,182,347,266,613
2017,Saarland,Bremen,18,16,34,44,46,90
2017,Saarland,Nordrhein-Westfalen,402,263,665,1059,952,2011
2017,Saarland,Hessen,172,129,301,607,560,1167
2017,Saarland,Rheinland-Pfalz,434,344,778,2350,2488,4838
2017,Saarland,Baden-Wurttemberg,295,221,516,1096,1081,2177
2017,Saarland,Bayern,225,114,339,655,582,1237
2017,Saarland,Saarland,0,0,0,0,0,0
2017,Saarland,Berlin,85,40,125,258,225,483
2017,Saarland,Brandenburg,17,6,23,57,48,105
2017,Saarland,Mecklenburg-Vorpommern,9,2,11,33,30,63
2017,Saarland,Sachsen,38,21,59,124,124,248
2017,Saarland,Sachsen-Anhalt,21,6,27,70,51,121
2017,Saarland,Thuringen,24,12,36,67,64,131
2017,Saarland,Insgesamt,1913,1272,3185,6977,6710,13687
2017,Berlin,Schleswig-Holstein,228,161,389,1161,1238,2399
2017,Berlin,Hamburg,280,286,566,1255,1429,2684
2017,Berlin,Niedersachsen,639,424,1063,2688,2583,5271
2017,Berlin,Bremen,106,81,187,321,336,657
2017,Berlin,Nordrhein-Westfalen,1182,885,2067,3921,3844,7765
2017,Berlin,Hessen,607,444,1051,1836,1778,3614
2017,Berlin,Rheinland-Pfalz,209,156,365,719,708,1427
2017,Berlin,Baden-Wurttemberg,788,572,1360,2841,2576,5417
2017,Berlin,Bayern,955,735,1690,3415,3143,6558
2017,Berlin,Saarland,51,31,82,151,131,282
2017,Berlin,Berlin,0,0,0,0,0,0
2017,Berlin,Brandenburg,1885,1484,3369,16271,15659,31930
2017,Berlin,Mecklenburg-Vorpommern,211,148,359,1569,1608,3177
2017,Berlin,Sachsen,543,335,878,1998,1875,3873
2017,Berlin,Sachsen-Anhalt,355,276,631,1237,1266,2503
2017,Berlin,Thuringen,147,125,272,632,664,1296
2017,Berlin,Insgesamt,8186,6143,14329,40015,38838,78853
2017,Brandenburg,Schleswig-Holstein,80,52,132,523,534,1057
2017,Brandenburg,Hamburg,80,74,154,377,335,712
2017,Brandenburg,Niedersachsen,234,154,388,1174,1091,2265
2017,Brandenburg,Bremen,32,18,50,104,76,180
2017,Brandenburg,Nordrhein-Westfalen,523,280,803,1431,1154,2585
2017,Brandenburg,Hessen,163,98,261,601,529,1130
2017,Brandenburg,Rheinland-Pfalz,81,50,131,309,265,574
2017,Brandenburg,Baden-Wurttemberg,242,117,359,918,779,1697
2017,Brandenburg,Bayern,256,129,385,1151,874,2025
2017,Brandenburg,Saarland,27,11,38,63,45,108
2017,Brandenburg,Berlin,1737,1308,3045,9308,8722,18030
2017,Brandenburg,Brandenburg,0,0,0,0,0,0
2017,Brandenburg,Mecklenburg-Vorpommern,82,61,143,1607,1768,3375
2017,Brandenburg,Sachsen,184,136,320,2404,2427,4831
2017,Brandenburg,Sachsen-Anhalt,100,58,158,1127,1169,2296
2017,Brandenburg,Thuringen,74,30,104,495,432,927
2017,Brandenburg,Insgesamt,3895,2576,6471,21592,20200,41792
2017,Mecklenburg-Vorpommern,Schleswig-Holstein,188,129,317,1764,1678,3442
2017,Mecklenburg-Vorpommern,Hamburg,229,140,369,1086,945,2031
2017,Mecklenburg-Vorpommern,Niedersachsen,320,189,509,1614,1436,3050
2017,Mecklenburg-Vorpommern,Bremen,52,30,82,149,137,286
2017,Mecklenburg-Vorpommern,Nordrhein-Westfalen,610,310,920,1379,1062,2441
2017,Mecklenburg-Vorpommern,Hessen,147,82,229,426,387,813
2017,Mecklenburg-Vorpommern,Rheinland-Pfalz,73,38,111,247,206,453
2017,Mecklenburg-Vorpommern,Baden-Wurttemberg,209,123,332,656,511,1167
2017,Mecklenburg-Vorpommern,Bayern,222,130,352,706,538,1244
2017,Mecklenburg-Vorpommern,Saarland,22,4,26,48,33,81
2017,Mecklenburg-Vorpommern,Berlin,287,199,486,1390,1329,2719
2017,Mecklenburg-Vorpommern,Brandenburg,129,93,222,1332,1438,2770
2017,Mecklenburg-Vorpommern,Mecklenburg-Vorpommern,0,0,0,0,0,0
2017,Mecklenburg-Vorpommern,Sachsen,92,58,150,813,745,1558
2017,Mecklenburg-Vorpommern,Sachsen-Anhalt,56,32,88,482,457,939
2017,Mecklenburg-Vorpommern,Thuringen,43,27,70,296,296,592
2017,Mecklenburg-Vorpommern,Insgesamt,2679,1584,4263,12388,11198,23586
2017,Sachsen,Schleswig-Holstein,107,64,171,567,497,1064
2017,Sachsen,Hamburg,141,97,238,555,518,1073
2017,Sachsen,Niedersachsen,441,232,673,1582,1366,2948
2017,Sachsen,Bremen,85,32,117,186,134,320
2017,Sachsen,Nordrhein-Westfalen,941,569,1510,2525,2092,4617
2017,Sachsen,Hessen,491,267,758,1485,1291,2776
2017,Sachsen,Rheinland-Pfalz,149,92,241,555,509,1064
2017,Sachsen,Baden-Wurttemberg,653,384,1037,2319,1972,4291
2017,Sachsen,Bayern,899,481,1380,3788,3135,6923
2017,Sachsen,Saarland,33,20,53,93,78,171
2017,Sachsen,Berlin,678,433,1111,2324,2113,4437
2017,Sachsen,Brandenburg,219,134,353,2081,2153,4234
2017,Sachsen,Mecklenburg-Vorpommern,70,50,120,835,837,1672
2017,Sachsen,Sachsen,0,0,0,0,0,0
2017,Sachsen,Sachsen-Anhalt,313,201,514,2924,2824,5748
2017,Sachsen,Thuringen,291,149,440,2385,2248,4633
2017,Sachsen,Insgesamt,5511,3205,8716,24204,21767,45971
2017,Sachsen-Anhalt,Schleswig-Holstein,85,34,119,440,391,831
2017,Sachsen-Anhalt,Hamburg,142,79,221,416,338,754
2017,Sachsen-Anhalt,Niedersachsen,581,388,969,3056,2804,5860
2017,Sachsen-Anhalt,Bremen,67,35,102,151,94,245
2017,Sachsen-Anhalt,Nordrhein-Westfalen,787,483,1270,1709,1422,3131
2017,Sachsen-Anhalt,Hessen,271,174,445,771,675,1446
2017,Sachsen-Anhalt,Rheinland-Pfalz,130,85,215,355,315,670
2017,Sachsen-Anhalt,Baden-Wurttemberg,361,201,562,1115,910,2025
2017,Sachsen-Anhalt,Bayern,393,239,632,1337,1081,2418
2017,Sachsen-Anhalt,Saarland,30,25,55,60,46,106
2017,Sachsen-Anhalt,Berlin,390,257,647,1314,1201,2515
2017,Sachsen-Anhalt,Brandenburg,128,74,202,1100,1148,2248
2017,Sachsen-Anhalt,Mecklenburg-Vorpommern,49,37,86,623,646,1269
2017,Sachsen-Anhalt,Sachsen,404,224,628,3447,3391,6838
2017,Sachsen-Anhalt,Sachsen-Anhalt,0,0,0,0,0,0
2017,Sachsen-Anhalt,Thuringen,163,91,254,1414,1359,2773
2017,Sachsen-Anhalt,Insgesamt,3981,2426,6407,17308,15821,33129
2017,Thuringen,Schleswig-Holstein,66,41,107,310,257,567
2017,Thuringen,Hamburg,96,58,154,267,261,528
2017,Thuringen,Niedersachsen,320,205,525,1472,1358,2830
2017,Thuringen,Bremen,43,20,63,99,89,188
2017,Thuringen,Nordrhein-Westfalen,633,428,1061,1570,1444,3014
2017,Thuringen,Hessen,337,250,587,1710,1669,3379
2017,Thuringen,Rheinland-Pfalz,145,77,222,424,331,755
2017,Thuringen,Baden-Wurttemberg,380,257,637,1338,1135,2473
2017,Thuringen,Bayern,640,432,1072,3008,2510,5518
2017,Thuringen,Saarland,15,12,27,47,45,92
2017,Thuringen,Berlin,173,170,343,825,849,1674
2017,Thuringen,Brandenburg,63,26,89,451,427,878
2017,Thuringen,Mecklenburg-Vorpommern,34,32,66,363,383,746
2017,Thuringen,Sachsen,279,180,459,3392,3408,6800
2017,Thuringen,Sachsen-Anhalt,113,55,168,1316,1304,2620
2017,Thuringen,Thuringen,0,0,0,0,0,0
2017,Thuringen,Insgesamt,3337,2243,5580,16592,15470,32062
2017,Insgesamt,Schleswig-Holstein,4723,3225,7948,28786,29151,57937
2017,Insgesamt,Hamburg,5179,4039,9218,27942,28783,56725
2017,Insgesamt,Niedersachsen,12904,8367,21271,61242,58835,120077
2017,Insgesamt,Bremen,2532,1746,4278,10528,10121,20649
2017,Insgesamt,Nordrhein-Westfalen,22042,15161,37203,72410,68293,140703
2017,Insgesamt,Hessen,14583,9823,24406,49648,46459,96107
2017,Insgesamt,Rheinland-Pfalz,9513,6260,15773,36624,35026,71650
2017,Insgesamt,Baden-Wurttemberg,20386,12868,33254,66165,58971,125136
2017,Insgesamt,Bayern,19585,11990,31575,66155,57582,123737
2017,Insgesamt,Saarland,1592,1137,2729,5774,5723,11497
2017,Insgesamt,Berlin,9073,7017,16090,38631,37209,75840
2017,Insgesamt,Brandenburg,3992,2709,6701,28718,27532,56250
2017,Insgesamt,Mecklenburg-Vorpommern,1992,1121,3113,13879,13337,27216
2017,Insgesamt,Sachsen,5064,2883,7947,27218,24881,52099
2017,Insgesamt,Sachsen-Anhalt,2956,1664,4620,15727,14608,30335
2017,Insgesamt,Thuringen,3066,1765,4831,14681,13360,28041
2017,Insgesamt,Insgesamt,139182,91775,230957,564128,529871,1093999
2018,Schleswig-Holstein,Schleswig-Holstein,0,0,0,0,0,0
2018,Schleswig-Holstein,Hamburg,1579,1230,2809,8778,8884,17662
2018,Schleswig-Holstein,Niedersachsen,706,472,1178,4355,4496,8851
2018,Schleswig-Holstein,Bremen,108,82,190,417,464,881
2018,Schleswig-Holstein,Nordrhein-Westfalen,795,539,1334,2766,2728,5494
2018,Schleswig-Holstein,Hessen,285,185,470,1039,986,2025
2018,Schleswig-Holstein,Rheinland-Pfalz,117,66,183,498,463,961
2018,Schleswig-Holstein,Baden-Wurttemberg,435,264,699,1456,1304,2760
2018,Schleswig-Holstein,Bayern,468,284,752,1589,1413,3002
2018,Schleswig-Holstein,Saarland,22,13,35,61,77,138
2018,Schleswig-Holstein,Berlin,247,160,407,1051,1074,2125
2018,Schleswig-Holstein,Brandenburg,58,39,97,499,508,1007
2018,Schleswig-Holstein,Mecklenburg-Vorpommern,149,82,231,1997,2023,4020
2018,Schleswig-Holstein,Sachsen,98,62,160,540,528,1068
2018,Schleswig-Holstein,Sachsen-Anhalt,77,40,117,380,362,742
2018,Schleswig-Holstein,Thuringen,56,29,85,291,261,552
2018,Schleswig-Holstein,Insgesamt,5200,3547,8747,25717,25571,51288
2018,Hamburg,Schleswig-Holstein,1711,1483,3194,11212,11661,22873
2018,Hamburg,Hamburg,0,0,0,0,0,0
2018,Hamburg,Niedersachsen,1047,783,1830,6564,6626,13190
2018,Hamburg,Bremen,116,84,200,477,500,977
2018,Hamburg,Nordrhein-Westfalen,519,399,918,2370,2413,4783
2018,Hamburg,Hessen,265,172,437,993,925,1918
2018,Hamburg,Rheinland-Pfalz,92,63,155,341,344,685
2018,Hamburg,Baden-Wurttemberg,315,206,521,1268,1284,2552
2018,Hamburg,Bayern,412,248,660,1646,1419,3065
2018,Hamburg,Saarland,21,16,37,57,66,123
2018,Hamburg,Berlin,349,319,668,1424,1589,3013
2018,Hamburg,Brandenburg,77,49,126,383,324,707
2018,Hamburg,Mecklenburg-Vorpommern,98,64,162,1008,981,1989
2018,Hamburg,Sachsen,92,56,148,425,426,851
2018,Hamburg,Sachsen-Anhalt,45,34,79,269,227,496
2018,Hamburg,Thuringen,25,23,48,158,168,326
2018,Hamburg,Insgesamt,5184,3999,9183,28595,28953,57548
2018,Niedersachsen,Schleswig-Holstein,662,473,1135,4466,4723,9189
2018,Niedersachsen,Hamburg,1111,818,1929,6218,6477,12695
2018,Niedersachsen,Niedersachsen,0,0,0,0,0,0
2018,Niedersachsen,Bremen,1131,785,1916,6167,5905,12072
2018,Niedersachsen,Nordrhein-Westfalen,4067,3290,7357,15599,15987,31586
2018,Niedersachsen,Hessen,1242,987,2229,4469,4518,8987
2018,Niedersachsen,Rheinland-Pfalz,610,413,1023,1772,1690,3462
2018,Niedersachsen,Baden-Wurttemberg,1727,1158,2885,4871,4295,9166
2018,Niedersachsen,Bayern,1805,1276,3081,5192,4578,9770
2018,Niedersachsen,Saarland,118,117,235,308,346,654
2018,Niedersachsen,Berlin,841,693,1534,3054,3194,6248
2018,Niedersachsen,Brandenburg,312,186,498,1330,1182,2512
2018,Niedersachsen,Mecklenburg-Vorpommern,284,176,460,1629,1631,3260
2018,Niedersachsen,Sachsen,487,347,834,1852,1683,3535
2018,Niedersachsen,Sachsen-Anhalt,445,267,712,2843,2606,5449
2018,Niedersachsen,Thuringen,349,189,538,1294,1246,2540
2018,Niedersachsen,Insgesamt,15191,11175,26366,61064,60061,121125
2018,Bremen,Schleswig-Holstein,132,58,190,431,419,850
2018,Bremen,Hamburg,141,134,275,626,649,1275
2018,Bremen,Niedersachsen,971,776,1747,7043,7243,14286
2018,Bremen,Bremen,0,0,0,0,0,0
2018,Bremen,Nordrhein-Westfalen,307,254,561,1062,1116,2178
2018,Bremen,Hessen,117,95,212,303,330,633
2018,Bremen,Rheinland-Pfalz,64,32,96,159,128,287
2018,Bremen,Baden-Wurttemberg,194,115,309,513,402,915
2018,Bremen,Bayern,241,147,388,560,474,1034
2018,Bremen,Saarland,10,7,17,27,27,54
2018,Bremen,Berlin,116,103,219,404,402,806
2018,Bremen,Brandenburg,30,15,45,104,80,184
2018,Bremen,Mecklenburg-Vorpommern,20,15,35,120,113,233
2018,Bremen,Sachsen,49,29,78,178,140,318
2018,Bremen,Sachsen-Anhalt,30,14,44,88,90,178
2018,Bremen,Thuringen,26,14,40,83,62,145
2018,Bremen,Insgesamt,2448,1808,4256,11701,11675,23376
2018,Nordrhein-Westfalen,Schleswig-Holstein,581,401,982,3345,3497,6842
2018,Nordrhein-Westfalen,Hamburg,675,522,1197,3145,3383,6528
2018,Nordrhein-Westfalen,Niedersachsen,3534,2486,6020,16699,16860,33559
2018,Nordrhein-Westfalen,Bremen,406,276,682,1171,1136,2307
2018,Nordrhein-Westfalen,Nordrhein-Westfalen,0,0,0,0,0,0
2018,Nordrhein-Westfalen,Hessen,2966,2036,5002,9593,9193,18786
2018,Nordrhein-Westfalen,Rheinland-Pfalz,2014,1307,3321,9230,9148,18378
2018,Nordrhein-Westfalen,Baden-Wurttemberg,3643,2388,6031,10564,9171,19735
2018,Nordrhein-Westfalen,Bayern,3733,2293,6026,10871,9161,20032
2018,Nordrhein-Westfalen,Saarland,280,218,498,788,747,1535
2018,Nordrhein-Westfalen,Berlin,1274,1075,2349,4931,5068,9999
2018,Nordrhein-Westfalen,Brandenburg,332,215,547,1546,1390,2936
2018,Nordrhein-Westfalen,Mecklenburg-Vorpommern,328,158,486,1309,1156,2465
2018,Nordrhein-Westfalen,Sachsen,626,374,1000,2285,2096,4381
2018,Nordrhein-Westfalen,Sachsen-Anhalt,428,242,670,1374,1206,2580
2018,Nordrhein-Westfalen,Thuringen,470,288,758,1386,1155,2541
2018,Nordrhein-Westfalen,Insgesamt,21290,14279,35569,78237,74367,152604
2018,Hessen,Schleswig-Holstein,197,153,350,1208,1309,2517
2018,Hessen,Hamburg,327,241,568,1314,1355,2669
2018,Hessen,Niedersachsen,1021,638,1659,4326,4220,8546
2018,Hessen,Bremen,109,84,193,382,316,698
2018,Hessen,Nordrhein-Westfalen,2887,2092,4979,9070,9090,18160
2018,Hessen,Hessen,0,0,0,0,0,0
2018,Hessen,Rheinland-Pfalz,2086,1444,3530,8197,8061,16258
2018,Hessen,Baden-Wurttemberg,3044,1965,5009,9137,8244,17381
2018,Hessen,Bayern,2866,1652,4518,8626,7636,16262
2018,Hessen,Saarland,167,109,276,454,456,910
2018,Hessen,Berlin,615,496,1111,2232,2327,4559
2018,Hessen,Brandenburg,119,69,188,606,640,1246
2018,Hessen,Mecklenburg-Vorpommern,79,50,129,455,465,920
2018,Hessen,Sachsen,378,218,596,1537,1364,2901
2018,Hessen,Sachsen-Anhalt,193,96,289,650,578,1228
2018,Hessen,Thuringen,332,164,496,1599,1464,3063
2018,Hessen,Insgesamt,14420,9471,23891,49793,47525,97318
2018,Rheinland-Pfalz,Schleswig-Holstein,88,63,151,520,546,1066
2018,Rheinland-Pfalz,Hamburg,106,63,169,449,472,921
2018,Rheinland-Pfalz,Niedersachsen,411,251,662,1615,1531,3146
2018,Rheinland-Pfalz,Bremen,52,47,99,162,142,304
2018,Rheinland-Pfalz,Nordrhein-Westfalen,1932,1387,3319,8592,8627,17219
2018,Rheinland-Pfalz,Hessen,2097,1441,3538,7806,7622,15428
2018,Rheinland-Pfalz,Rheinland-Pfalz,0,0,0,0,0,0
2018,Rheinland-Pfalz,Baden-Wurttemberg,2456,1596,4052,8365,7739,16104
2018,Rheinland-Pfalz,Bayern,1072,650,1722,3224,2764,5988
2018,Rheinland-Pfalz,Saarland,415,282,697,2223,2223,4446
2018,Rheinland-Pfalz,Berlin,228,183,411,993,942,1935
2018,Rheinland-Pfalz,Brandenburg,80,37,117,336,291,627
2018,Rheinland-Pfalz,Mecklenburg-Vorpommern,54,26,80,287,259,546
2018,Rheinland-Pfalz,Sachsen,176,108,284,675,598,1273
2018,Rheinland-Pfalz,Sachsen-Anhalt,87,57,144,300,269,569
2018,Rheinland-Pfalz,Thuringen,78,46,124,378,332,710
2018,Rheinland-Pfalz,Insgesamt,9332,6237,15569,35925,34357,70282
2018,Baden-Wurttemberg,Schleswig-Holstein,302,243,545,1594,1651,3245
2018,Baden-Wurttemberg,Hamburg,406,297,703,1652,1612,3264
2018,Baden-Wurttemberg,Niedersachsen,1317,792,2109,4092,3677,7769
2018,Baden-Wurttemberg,Bremen,152,102,254,451,392,843
2018,Baden-Wurttemberg,Nordrhein-Westfalen,3664,2539,6203,10018,9065,19083
2018,Baden-Wurttemberg,Hessen,2882,1922,4804,9032,8652,17684
2018,Baden-Wurttemberg,Rheinland-Pfalz,2575,1637,4212,8440,8052,16492
2018,Baden-Wurttemberg,Baden-Wurttemberg,0,0,0,0,0,0
2018,Baden-Wurttemberg,Bayern,7014,3908,10922,21931,19193,41124
2018,Baden-Wurttemberg,Saarland,271,182,453,852,856,1708
2018,Baden-Wurttemberg,Berlin,915,668,1583,3400,3237,6637
2018,Baden-Wurttemberg,Brandenburg,214,130,344,1111,931,2042
2018,Baden-Wurttemberg,Mecklenburg-Vorpommern,124,77,201,669,660,1329
2018,Baden-Wurttemberg,Sachsen,532,321,853,2654,2355,5009
2018,Baden-Wurttemberg,Sachsen-Anhalt,204,127,331,929,832,1761
2018,Baden-Wurttemberg,Thuringen,322,178,500,1201,1040,2241
2018,Baden-Wurttemberg,Insgesamt,20894,13123,34017,68026,62205,130231
2018,Bayern,Schleswig-Holstein,346,213,559,1578,1529,3107
2018,Bayern,Hamburg,407,325,732,1753,1817,3570
2018,Bayern,Niedersachsen,1323,821,2144,4247,3768,8015
2018,Bayern,Bremen,181,113,294,487,332,819
2018,Bayern,Nordrhein-Westfalen,3527,2358,5885,9561,8214,17775
2018,Bayern,Hessen,2509,1543,4052,7719,6758,14477
2018,Bayern,Rheinland-Pfalz,996,577,1573,2903,2514,5417
2018,Bayern,Baden-Wurttemberg,6379,3701,10080,19275,17337,36612
2018,Bayern,Bayern,0,0,0,0,0,0
2018,Bayern,Saarland,186,130,316,476,427,903
2018,Bayern,Berlin,1056,842,1898,4077,3884,7961
2018,Bayern,Brandenburg,303,145,448,1378,1072,2450
2018,Bayern,Mecklenburg-Vorpommern,167,83,250,756,713,1469
2018,Bayern,Sachsen,721,483,1204,3998,3637,7635
2018,Bayern,Sachsen-Anhalt,288,167,455,1266,1095,2361
2018,Bayern,Thuringen,515,310,825,2449,2279,4728
2018,Bayern,Insgesamt,18904,11811,30715,61923,55376,117299
2018,Saarland,Schleswig-Holstein,21,23,44,96,90,186
2018,Saarland,Hamburg,18,14,32,100,88,188
2018,Saarland,Niedersachsen,101,89,190,281,267,548
2018,Saarland,Bremen,13,8,21,34,26,60
2018,Saarland,Nordrhein-Westfalen,353,252,605,966,923,1889
2018,Saarland,Hessen,203,108,311,599,557,1156
2018,Saarland,Rheinland-Pfalz,406,348,754,2381,2587,4968
2018,Saarland,Baden-Wurttemberg,291,201,492,1043,981,2024
2018,Saarland,Bayern,225,132,357,670,584,1254
2018,Saarland,Saarland,0,0,0,0,0,0
2018,Saarland,Berlin,74,59,133,230,225,455
2018,Saarland,Brandenburg,16,12,28,61,45,106
2018,Saarland,Mecklenburg-Vorpommern,10,7,17,36,35,71
2018,Saarland,Sachsen,35,32,67,119,100,219
2018,Saarland,Sachsen-Anhalt,19,7,26,64,46,110
2018,Saarland,Thuringen,18,12,30,56,47,103
2018,Saarland,Insgesamt,1803,1304,3107,6736,6601,13337
2018,Berlin,Schleswig-Holstein,241,154,395,1126,1252,2378
2018,Berlin,Hamburg,324,302,626,1289,1378,2667
2018,Berlin,Niedersachsen,654,502,1156,2576,2601,5177
2018,Berlin,Bremen,88,82,170,292,336,628
2018,Berlin,Nordrhein-Westfalen,1196,970,2166,3961,3846,7807
2018,Berlin,Hessen,563,474,1037,1820,1726,3546
2018,Berlin,Rheinland-Pfalz,203,174,377,726,745,1471
2018,Berlin,Baden-Wurttemberg,805,608,1413,2857,2778,5635
2018,Berlin,Bayern,1093,737,1830,3568,3104,6672
2018,Berlin,Saarland,51,36,87,172,142,314
2018,Berlin,Berlin,0,0,0,0,0,0
2018,Berlin,Brandenburg,2058,1626,3684,16480,16410,32890
2018,Berlin,Mecklenburg-Vorpommern,207,126,333,1576,1638,3214
2018,Berlin,Sachsen,558,366,924,2011,1921,3932
2018,Berlin,Sachsen-Anhalt,287,201,488,1169,1125,2294
2018,Berlin,Thuringen,140,145,285,590,694,1284
2018,Berlin,Insgesamt,8468,6503,14971,40213,39696,79909
2018,Brandenburg,Schleswig-Holstein,75,45,120,548,568,1116
2018,Brandenburg,Hamburg,79,66,145,358,311,669
2018,Brandenburg,Niedersachsen,277,164,441,1202,1111,2313
2018,Brandenburg,Bremen,46,19,65,112,103,215
2018,Brandenburg,Nordrhein-Westfalen,546,315,861,1517,1235,2752
2018,Brandenburg,Hessen,157,72,229,570,481,1051
2018,Brandenburg,Rheinland-Pfalz,89,51,140,333,266,599
2018,Brandenburg,Baden-Wurttemberg,309,143,452,988,815,1803
2018,Brandenburg,Bayern,319,185,504,1183,906,2089
2018,Brandenburg,Saarland,19,6,25,57,30,87
2018,Brandenburg,Berlin,1802,1288,3090,8839,8106,16945
2018,Brandenburg,Brandenburg,0,0,0,0,0,0
2018,Brandenburg,Mecklenburg-Vorpommern,116,84,200,1758,1857,3615
2018,Brandenburg,Sachsen,187,131,318,2277,2327,4604
2018,Brandenburg,Sachsen-Anhalt,113,76,189,1170,1228,2398
2018,Brandenburg,Thuringen,39,36,75,453,451,904
2018,Brandenburg,Insgesamt,4173,2681,6854,21365,19795,41160
2018,Mecklenburg-Vorpommern,Schleswig-Holstein,218,151,369,1943,1875,3818
2018,Mecklenburg-Vorpommern,Hamburg,247,176,423,1056,946,2002
2018,Mecklenburg-Vorpommern,Niedersachsen,375,164,539,1583,1418,3001
2018,Mecklenburg-Vorpommern,Bremen,70,50,120,157,137,294
2018,Mecklenburg-Vorpommern,Nordrhein-Westfalen,697,368,1065,1424,1080,2504
2018,Mecklenburg-Vorpommern,Hessen,189,102,291,453,365,818
2018,Mecklenburg-Vorpommern,Rheinland-Pfalz,88,39,127,246,212,458
2018,Mecklenburg-Vorpommern,Baden-Wurttemberg,181,138,319,641,573,1214
2018,Mecklenburg-Vorpommern,Bayern,295,180,475,785,616,1401
2018,Mecklenburg-Vorpommern,Saarland,10,12,22,32,40,72
2018,Mecklenburg-Vorpommern,Berlin,267,200,467,1291,1273,2564
2018,Mecklenburg-Vorpommern,Brandenburg,110,62,172,1287,1346,2633
2018,Mecklenburg-Vorpommern,Mecklenburg-Vorpommern,0,0,0,0,0,0
2018,Mecklenburg-Vorpommern,Sachsen,84,59,143,808,805,1613
2018,Mecklenburg-Vorpommern,Sachsen-Anhalt,66,70,136,444,474,918
2018,Mecklenburg-Vorpommern,Thuringen,36,32,68,263,294,557
2018,Mecklenburg-Vorpommern,Insgesamt,2933,1803,4736,12413,11454,23867
2018,Sachsen,Schleswig-Holstein,119,78,197,518,488,1006
2018,Sachsen,Hamburg,172,112,284,547,523,1070
2018,Sachsen,Niedersachsen,503,231,734,1626,1399,3025
2018,Sachsen,Bremen,64,38,102,190,146,336
2018,Sachsen,Nordrhein-Westfalen,987,592,1579,2465,2059,4524
2018,Sachsen,Hessen,452,315,767,1370,1261,2631
2018,Sachsen,Rheinland-Pfalz,215,99,314,625,497,1122
2018,Sachsen,Baden-Wurttemberg,691,434,1125,2358,1955,4313
2018,Sachsen,Bayern,965,548,1513,3689,2971,6660
2018,Sachsen,Saarland,64,44,108,123,125,248
2018,Sachsen,Berlin,628,417,1045,2111,2025,4136
2018,Sachsen,Brandenburg,195,120,315,2019,1985,4004
2018,Sachsen,Mecklenburg-Vorpommern,74,34,108,840,824,1664
2018,Sachsen,Sachsen,0,0,0,0,0,0
2018,Sachsen,Sachsen-Anhalt,388,210,598,2921,2841,5762
2018,Sachsen,Thuringen,323,206,529,2517,2518,5035
2018,Sachsen,Insgesamt,5840,3478,9318,23919,21617,45536
2018,Sachsen-Anhalt,Schleswig-Holstein,72,44,116,372,377,749
2018,Sachsen-Anhalt,Hamburg,151,80,231,376,303,679
2018,Sachsen-Anhalt,Niedersachsen,589,378,967,2811,2678,5489
2018,Sachsen-Anhalt,Bremen,64,29,93,139,109,248
2018,Sachsen-Anhalt,Nordrhein-Westfalen,886,540,1426,1798,1504,3302
2018,Sachsen-Anhalt,Hessen,331,200,531,813,687,1500
2018,Sachsen-Anhalt,Rheinland-Pfalz,144,78,222,346,269,615
2018,Sachsen-Anhalt,Baden-Wurttemberg,321,203,524,931,803,1734
2018,Sachsen-Anhalt,Bayern,393,234,627,1250,1002,2252
2018,Sachsen-Anhalt,Saarland,25,13,38,55,53,108
2018,Sachsen-Anhalt,Berlin,433,289,722,1241,1171,2412
2018,Sachsen-Anhalt,Brandenburg,138,82,220,1137,1131,2268
2018,Sachsen-Anhalt,Mecklenburg-Vorpommern,71,18,89,600,596,1196
2018,Sachsen-Anhalt,Sachsen,409,273,682,3325,3134,6459
2018,Sachsen-Anhalt,Sachsen-Anhalt,0,0,0,0,0,0
2018,Sachsen-Anhalt,Thuringen,153,87,240,1364,1443,2807
2018,Sachsen-Anhalt,Insgesamt,4180,2548,6728,16558,15260,31818
2018,Thuringen,Schleswig-Holstein,74,47,121,299,292,591
2018,Thuringen,Hamburg,83,53,136,290,249,539
2018,Thuringen,Niedersachsen,349,214,563,1396,1329,2725
2018,Thuringen,Bremen,61,38,99,113,108,221
2018,Thuringen,Nordrhein-Westfalen,763,546,1309,1713,1458,3171
2018,Thuringen,Hessen,370,252,622,1710,1572,3282
2018,Thuringen,Rheinland-Pfalz,142,96,238,441,375,816
2018,Thuringen,Baden-Wurttemberg,409,308,717,1303,1142,2445
2018,Thuringen,Bayern,687,443,1130,2812,2465,5277
2018,Thuringen,Saarland,37,15,52,75,51,126
2018,Thuringen,Berlin,225,169,394,811,867,1678
2018,Thuringen,Brandenburg,84,36,120,493,467,960
2018,Thuringen,Mecklenburg-Vorpommern,39,28,67,376,410,786
2018,Thuringen,Sachsen,353,186,539,3112,3093,6205
2018,Thuringen,Sachsen-Anhalt,105,73,178,1277,1308,2585
2018,Thuringen,Thuringen,0,0,0,0,0,0
2018,Thuringen,Insgesamt,3781,2504,6285,16221,15186,31407
2018,Insgesamt,Schleswig-Holstein,4839,3629,8468,29256,30277,59533
2018,Insgesamt,Hamburg,5826,4433,10259,27951,28447,56398
2018,Insgesamt,Niedersachsen,13178,8761,21939,60416,59224,119640
2018,Insgesamt,Bremen,2661,1837,4498,10751,10152,20903
2018,Insgesamt,Nordrhein-Westfalen,23126,16441,39567,72882,69345,142227
2018,Insgesamt,Hessen,14628,9904,24532,48289,45633,93922
2018,Insgesamt,Rheinland-Pfalz,9841,6424,16265,36638,35351,71989
2018,Insgesamt,Baden-Wurttemberg,21200,13428,34628,65570,58823,124393
2018,Insgesamt,Bayern,21588,12917,34505,67596,58286,125882
2018,Insgesamt,Saarland,1696,1200,2896,5760,5666,11426
2018,Insgesamt,Berlin,9070,6961,16031,36089,35384,71473
2018,Insgesamt,Brandenburg,4126,2823,6949,28770,27802,56572
2018,Insgesamt,Mecklenburg-Vorpommern,1820,1028,2848,13416,13361,26777
2018,Insgesamt,Sachsen,4785,3045,7830,25796,24207,50003
2018,Insgesamt,Sachsen-Anhalt,2775,1681,4456,15144,14287,29431
2018,Insgesamt,Thuringen,2882,1759,4641,14082,13454,27536
2018,Insgesamt,Insgesamt,144041,96271,240312,558406,529699,1088105
2019,Schleswig-Holstein,Schleswig-Holstein,0,0,0,0,0,0
2019,Schleswig-Holstein,Hamburg,1583,1313,2896,9099,9183,18282
2019,Schleswig-Holstein,Niedersachsen,742,494,1236,4533,4450,8983
2019,Schleswig-Holstein,Bremen,115,72,187,423,466,889
2019,Schleswig-Holstein,Nordrhein-Westfalen,912,629,1541,2759,2725,5484
2019,Schleswig-Holstein,Hessen,266,184,450,973,969,1942
2019,Schleswig-Holstein,Rheinland-Pfalz,136,90,226,499,478,977
2019,Schleswig-Holstein,Baden-Wurttemberg,375,259,634,1368,1255,2623
2019,Schleswig-Holstein,Bayern,541,262,803,1615,1364,2979
2019,Schleswig-Holstein,Saarland,34,18,52,99,64,163
2019,Schleswig-Holstein,Berlin,215,157,372,1015,1094,2109
2019,Schleswig-Holstein,Brandenburg,68,50,118,518,543,1061
2019,Schleswig-Holstein,Mecklenburg-Vorpommern,184,116,300,2102,1973,4075
2019,Schleswig-Holstein,Sachsen,116,49,165,470,437,907
2019,Schleswig-Holstein,Sachsen-Anhalt,61,48,109,384,349,733
2019,Schleswig-Holstein,Thuringen,40,37,77,234,257,491
2019,Schleswig-Holstein,Insgesamt,5388,3778,9166,26091,25607,51698
2019,Hamburg,Schleswig-Holstein,1888,1407,3295,11349,11446,22795
2019,Hamburg,Hamburg,0,0,0,0,0,0
2019,Hamburg,Niedersachsen,1106,796,1902,6891,6783,13674
2019,Hamburg,Bremen,129,90,219,484,523,1007
2019,Hamburg,Nordrhein-Westfalen,580,438,1018,2327,2426,4753
2019,Hamburg,Hessen,260,204,464,963,894,1857
2019,Hamburg,Rheinland-Pfalz,88,57,145,328,325,653
2019,Hamburg,Baden-Wurttemberg,354,215,569,1242,1226,2468
2019,Hamburg,Bayern,445,272,717,1557,1412,2969
2019,Hamburg,Saarland,17,11,28,66,50,116
2019,Hamburg,Berlin,380,299,679,1532,1571,3103
2019,Hamburg,Brandenburg,53,30,83,336,324,660
2019,Hamburg,Mecklenburg-Vorpommern,114,69,183,1056,951,2007
2019,Hamburg,Sachsen,105,79,184,426,440,866
2019,Hamburg,Sachsen-Anhalt,73,23,96,282,233,515
2019,Hamburg,Thuringen,29,16,45,150,159,309
2019,Hamburg,Insgesamt,5621,4006,9627,28989,28763,57752
2019,Niedersachsen,Schleswig-Holstein,768,552,1320,4411,4527,8938
2019,Niedersachsen,Hamburg,1260,951,2211,6517,6597,13114
2019,Niedersachsen,Niedersachsen,0,0,0,0,0,0
2019,Niedersachsen,Bremen,1166,822,1988,6227,6063,12290
2019,Niedersachsen,Nordrhein-Westfalen,4765,3833,8598,16383,16742,33125
2019,Niedersachsen,Hessen,1394,1051,2445,4711,4392,9103
2019,Niedersachsen,Rheinland-Pfalz,679,477,1156,1847,1671,3518
2019,Niedersachsen,Baden-Wurttemberg,1822,1397,3219,4853,4409,9262
2019,Niedersachsen,Bayern,2051,1576,3627,5259,4680,9939
2019,Niedersachsen,Saarland,154,125,279,321,319,640
2019,Niedersachsen,Berlin,938,777,1715,3302,3269,6571
2019,Niedersachsen,Brandenburg,289,219,508,1275,1198,2473
2019,Niedersachsen,Mecklenburg-Vorpommern,479,185,664,1896,1637,3533
2019,Niedersachsen,Sachsen,603,379,982,1949,1790,3739
2019,Niedersachsen,Sachsen-Anhalt,547,329,876,2847,2616,5463
2019,Niedersachsen,Thuringen,370,251,621,1399,1285,2684
2019,Niedersachsen,Insgesamt,17285,12924,30209,63197,61195,124392
2019,Bremen,Schleswig-Holstein,110,67,177,402,377,779
2019,Bremen,Hamburg,163,140,303,668,680,1348
2019,Bremen,Niedersachsen,1046,783,1829,7105,7241,14346
2019,Bremen,Bremen,0,0,0,0,0,0
2019,Bremen,Nordrhein-Westfalen,418,307,725,1159,1081,2240
2019,Bremen,Hessen,95,78,173,333,294,627
2019,Bremen,Rheinland-Pfalz,60,45,105,168,160,328
2019,Bremen,Baden-Wurttemberg,172,124,296,414,395,809
2019,Bremen,Bayern,209,132,341,507,437,944
2019,Bremen,Saarland,10,5,15,26,23,49
2019,Bremen,Berlin,138,137,275,414,427,841
2019,Bremen,Brandenburg,24,22,46,82,96,178
2019,Bremen,Mecklenburg-Vorpommern,44,15,59,159,131,290
2019,Bremen,Sachsen,39,22,61,154,145,299
2019,Bremen,Sachsen-Anhalt,27,12,39,83,81,164
2019,Bremen,Thuringen,11,9,20,48,67,115
2019,Bremen,Insgesamt,2566,1898,4464,11722,11635,23357
2019,Nordrhein-Westfalen,Schleswig-Holstein,621,439,1060,3253,3399,6652
2019,Nordrhein-Westfalen,Hamburg,799,580,1379,3281,3346,6627
2019,Nordrhein-Westfalen,Niedersachsen,3764,2561,6325,17042,17191,34233
2019,Nordrhein-Westfalen,Bremen,371,260,631,1150,1147,2297
2019,Nordrhein-Westfalen,Nordrhein-Westfalen,0,0,0,0,0,0
2019,Nordrhein-Westfalen,Hessen,3098,2081,5179,9651,9283,18934
2019,Nordrhein-Westfalen,Rheinland-Pfalz,2200,1411,3611,9349,9015,18364
2019,Nordrhein-Westfalen,Baden-Wurttemberg,3515,2381,5896,9883,8766,18649
2019,Nordrhein-Westfalen,Bayern,3984,2313,6297,10609,8770,19379
2019,Nordrhein-Westfalen,Saarland,284,188,472,827,783,1610
2019,Nordrhein-Westfalen,Berlin,1471,1127,2598,5105,5145,10250
2019,Nordrhein-Westfalen,Brandenburg,352,246,598,1484,1357,2841
2019,Nordrhein-Westfalen,Mecklenburg-Vorpommern,295,172,467,1325,1195,2520
2019,Nordrhein-Westfalen,Sachsen,672,396,1068,2441,2163,4604
2019,Nordrhein-Westfalen,Sachsen-Anhalt,437,263,700,1448,1242,2690
2019,Nordrhein-Westfalen,Thuringen,475,303,778,1328,1175,2503
2019,Nordrhein-Westfalen,Insgesamt,22338,14721,37059,78176,73977,152153
2019,Hessen,Schleswig-Holstein,248,170,418,1204,1317,2521
2019,Hessen,Hamburg,326,268,594,1330,1312,2642
2019,Hessen,Niedersachsen,1101,706,1807,4301,4319,8620
2019,Hessen,Bremen,78,74,152,346,321,667
2019,Hessen,Nordrhein-Westfalen,3060,2227,5287,9358,8974,18332
2019,Hessen,Hessen,0,0,0,0,0,0
2019,Hessen,Rheinland-Pfalz,2166,1515,3681,8307,8370,16677
2019,Hessen,Baden-Wurttemberg,2990,1868,4858,8913,8187,17100
2019,Hessen,Bayern,3037,1693,4730,8687,7388,16075
2019,Hessen,Saarland,146,114,260,508,471,979
2019,Hessen,Berlin,680,564,1244,2374,2375,4749
2019,Hessen,Brandenburg,141,86,227,669,628,1297
2019,Hessen,Mecklenburg-Vorpommern,82,49,131,445,461,906
2019,Hessen,Sachsen,408,261,669,1516,1376,2892
2019,Hessen,Sachsen-Anhalt,186,94,280,642,567,1209
2019,Hessen,Thuringen,302,165,467,1542,1472,3014
2019,Hessen,Insgesamt,14951,9854,24805,50142,47538,97680
2019,Rheinland-Pfalz,Schleswig-Holstein,98,74,172,557,545,1102
2019,Rheinland-Pfalz,Hamburg,112,89,201,455,464,919
2019,Rheinland-Pfalz,Niedersachsen,435,257,692,1529,1545,3074
2019,Rheinland-Pfalz,Bremen,65,40,105,199,159,358
2019,Rheinland-Pfalz,Nordrhein-Westfalen,2291,1654,3945,8699,8589,17288
2019,Rheinland-Pfalz,Hessen,2130,1554,3684,7859,7820,15679
2019,Rheinland-Pfalz,Rheinland-Pfalz,0,0,0,0,0,0
2019,Rheinland-Pfalz,Baden-Wurttemberg,2379,1542,3921,8040,7754,15794
2019,Rheinland-Pfalz,Bayern,1161,670,1831,3141,2689,5830
2019,Rheinland-Pfalz,Saarland,426,379,805,2291,2421,4712
2019,Rheinland-Pfalz,Berlin,250,194,444,962,984,1946
2019,Rheinland-Pfalz,Brandenburg,73,54,127,357,324,681
2019,Rheinland-Pfalz,Mecklenburg-Vorpommern,35,20,55,241,222,463
2019,Rheinland-Pfalz,Sachsen,177,98,275,674,578,1252
2019,Rheinland-Pfalz,Sachsen-Anhalt,124,65,189,383,297,680
2019,Rheinland-Pfalz,Thuringen,97,44,141,363,332,695
2019,Rheinland-Pfalz,Insgesamt,9853,6734,16587,35750,34723,70473
2019,Baden-Wurttemberg,Schleswig-Holstein,312,223,535,1518,1599,3117
2019,Baden-Wurttemberg,Hamburg,404,310,714,1688,1700,3388
2019,Baden-Wurttemberg,Niedersachsen,1352,897,2249,4146,3738,7884
2019,Baden-Wurttemberg,Bremen,152,135,287,466,479,945
2019,Baden-Wurttemberg,Nordrhein-Westfalen,3959,2700,6659,10161,9059,19220
2019,Baden-Wurttemberg,Hessen,2968,1953,4921,9226,8488,17714
2019,Baden-Wurttemberg,Rheinland-Pfalz,2675,1814,4489,8677,8233,16910
2019,Baden-Wurttemberg,Baden-Wurttemberg,0,0,0,0,0,0
2019,Baden-Wurttemberg,Bayern,7033,4188,11221,20926,18903,39829
2019,Baden-Wurttemberg,Saarland,298,247,545,912,886,1798
2019,Baden-Wurttemberg,Berlin,922,766,1688,3540,3608,7148
2019,Baden-Wurttemberg,Brandenburg,209,141,350,1120,988,2108
2019,Baden-Wurttemberg,Mecklenburg-Vorpommern,118,64,182,735,675,1410
2019,Baden-Wurttemberg,Sachsen,580,328,908,2683,2402,5085
2019,Baden-Wurttemberg,Sachsen-Anhalt,236,133,369,957,861,1818
2019,Baden-Wurttemberg,Thuringen,309,189,498,1209,1134,2343
2019,Baden-Wurttemberg,Insgesamt,21527,14088,35615,67964,62753,130717
2019,Bayern,Schleswig-Holstein,460,265,725,1654,1516,3170
2019,Bayern,Hamburg,456,331,787,1755,1846,3601
2019,Bayern,Niedersachsen,1388,932,2320,4227,3789,8016
2019,Bayern,Bremen,201,128,329,496,392,888
2019,Bayern,Nordrhein-Westfalen,4170,2715,6885,9994,8562,18556
2019,Bayern,Hessen,2664,1549,4213,7866,6737,14603
2019,Bayern,Rheinland-Pfalz,982,609,1591,2865,2572,5437
2019,Bayern,Baden-Wurttemberg,6595,3781,10376,19456,17403,36859
2019,Bayern,Bayern,0,0,0,0,0,0
2019,Bayern,Saarland,182,107,289,551,477,1028
2019,Bayern,Berlin,1208,867,2075,4276,4053,8329
2019,Bayern,Brandenburg,296,173,469,1298,1167,2465
2019,Bayern,Mecklenburg-Vorpommern,182,91,273,811,722,1533
2019,Bayern,Sachsen,950,536,1486,4188,3630,7818
2019,Bayern,Sachsen-Anhalt,353,201,554,1301,1089,2390
2019,Bayern,Thuringen,554,326,880,2530,2296,4826
2019,Bayern,Insgesamt,20641,12611,33252,63268,56251,119519
2019,Saarland,Schleswig-Holstein,34,33,67,94,112,206
2019,Saarland,Hamburg,23,14,37,92,92,184
2019,Saarland,Niedersachsen,91,67,158,272,260,532
2019,Saarland,Bremen,16,10,26,35,28,63
2019,Saarland,Nordrhein-Westfalen,417,292,709,992,909,1901
2019,Saarland,Hessen,217,150,367,676,606,1282
2019,Saarland,Rheinland-Pfalz,420,342,762,2410,2538,4948
2019,Saarland,Baden-Wurttemberg,305,222,527,1034,1022,2056
2019,Saarland,Bayern,212,142,354,585,495,1080
2019,Saarland,Saarland,0,0,0,0,0,0
2019,Saarland,Berlin,77,56,133,231,217,448
2019,Saarland,Brandenburg,12,7,19,50,33,83
2019,Saarland,Mecklenburg-Vorpommern,8,13,21,42,46,88
2019,Saarland,Sachsen,48,22,70,122,107,229
2019,Saarland,Sachsen-Anhalt,20,9,29,60,42,102
2019,Saarland,Thuringen,18,14,32,52,52,104
2019,Saarland,Insgesamt,1918,1393,3311,6747,6559,13306
2019,Berlin,Schleswig-Holstein,220,152,372,1197,1250,2447
2019,Berlin,Hamburg,354,320,674,1265,1415,2680
2019,Berlin,Niedersachsen,596,457,1053,2488,2566,5054
2019,Berlin,Bremen,97,89,186,310,333,643
2019,Berlin,Nordrhein-Westfalen,1290,992,2282,3840,3847,7687
2019,Berlin,Hessen,597,425,1022,1785,1693,3478
2019,Berlin,Rheinland-Pfalz,226,189,415,794,792,1586
2019,Berlin,Baden-Wurttemberg,729,583,1312,2627,2484,5111
2019,Berlin,Bayern,1077,766,1843,3468,3056,6524
2019,Berlin,Saarland,62,34,96,162,151,313
2019,Berlin,Berlin,0,0,0,0,0,0
2019,Berlin,Brandenburg,2101,1765,3866,17332,17133,34465
2019,Berlin,Mecklenburg-Vorpommern,222,128,350,1682,1687,3369
2019,Berlin,Sachsen,513,367,880,1991,1906,3897
2019,Berlin,Sachsen-Anhalt,339,213,552,1220,1171,2391
2019,Berlin,Thuringen,176,115,291,690,663,1353
2019,Berlin,Insgesamt,8599,6595,15194,40851,40147,80998
2019,Brandenburg,Schleswig-Holstein,90,40,130,564,518,1082
2019,Brandenburg,Hamburg,105,71,176,371,365,736
2019,Brandenburg,Niedersachsen,245,155,400,1228,1045,2273
2019,Brandenburg,Bremen,35,31,66,96,99,195
2019,Brandenburg,Nordrhein-Westfalen,785,559,1344,1700,1434,3134
2019,Brandenburg,Hessen,188,128,316,572,497,1069
2019,Brandenburg,Rheinland-Pfalz,108,80,188,310,282,592
2019,Brandenburg,Baden-Wurttemberg,291,155,446,935,766,1701
2019,Brandenburg,Bayern,302,175,477,1114,895,2009
2019,Brandenburg,Saarland,31,21,52,53,60,113
2019,Brandenburg,Berlin,2062,1479,3541,9159,8646,17805
2019,Brandenburg,Brandenburg,0,0,0,0,0,0
2019,Brandenburg,Mecklenburg-Vorpommern,165,86,251,1709,1825,3534
2019,Brandenburg,Sachsen,260,162,422,2271,2264,4535
2019,Brandenburg,Sachsen-Anhalt,154,91,245,1222,1208,2430
2019,Brandenburg,Thuringen,70,32,102,444,480,924
2019,Brandenburg,Insgesamt,4891,3265,8156,21748,20384,42132
2019,Mecklenburg-Vorpommern,Schleswig-Holstein,271,176,447,1792,1779,3571
2019,Mecklenburg-Vorpommern,Hamburg,323,184,507,1090,919,2009
2019,Mecklenburg-Vorpommern,Niedersachsen,454,239,693,1599,1437,3036
2019,Mecklenburg-Vorpommern,Bremen,69,44,113,187,138,325
2019,Mecklenburg-Vorpommern,Nordrhein-Westfalen,937,638,1575,1639,1343,2982
2019,Mecklenburg-Vorpommern,Hessen,173,111,284,417,389,806
2019,Mecklenburg-Vorpommern,Rheinland-Pfalz,99,43,142,256,221,477
2019,Mecklenburg-Vorpommern,Baden-Wurttemberg,212,128,340,642,512,1154
2019,Mecklenburg-Vorpommern,Bayern,263,129,392,630,535,1165
2019,Mecklenburg-Vorpommern,Saarland,21,12,33,43,35,78
2019,Mecklenburg-Vorpommern,Berlin,332,232,564,1319,1247,2566
2019,Mecklenburg-Vorpommern,Brandenburg,130,90,220,1292,1337,2629
2019,Mecklenburg-Vorpommern,Mecklenburg-Vorpommern,0,0,0,0,0,0
2019,Mecklenburg-Vorpommern,Sachsen,124,80,204,752,753,1505
2019,Mecklenburg-Vorpommern,Sachsen-Anhalt,61,54,115,425,473,898
2019,Mecklenburg-Vorpommern,Thuringen,41,24,65,261,278,539
2019,Mecklenburg-Vorpommern,Insgesamt,3510,2184,5694,12344,11396,23740
2019,Sachsen,Schleswig-Holstein,126,87,213,535,515,1050
2019,Sachsen,Hamburg,175,119,294,556,502,1058
2019,Sachsen,Niedersachsen,546,340,886,1747,1505,3252
2019,Sachsen,Bremen,97,71,168,207,184,391
2019,Sachsen,Nordrhein-Westfalen,1322,778,2100,2672,2126,4798
2019,Sachsen,Hessen,499,328,827,1311,1227,2538
2019,Sachsen,Rheinland-Pfalz,213,123,336,555,512,1067
2019,Sachsen,Baden-Wurttemberg,760,419,1179,2234,1847,4081
2019,Sachsen,Bayern,1017,582,1599,3518,2962,6480
2019,Sachsen,Saarland,76,55,131,124,128,252
2019,Sachsen,Berlin,663,502,1165,2057,2038,4095
2019,Sachsen,Brandenburg,227,129,356,2079,2063,4142
2019,Sachsen,Mecklenburg-Vorpommern,95,58,153,886,885,1771
2019,Sachsen,Sachsen,0,0,0,0,0,0
2019,Sachsen,Sachsen-Anhalt,463,258,721,3026,2926,5952
2019,Sachsen,Thuringen,320,213,533,2411,2364,4775
2019,Sachsen,Insgesamt,6599,4062,10661,23918,21784,45702
2019,Sachsen-Anhalt,Schleswig-Holstein,135,93,228,460,429,889
2019,Sachsen-Anhalt,Hamburg,194,99,293,432,327,759
2019,Sachsen-Anhalt,Niedersachsen,656,407,1063,2965,2671,5636
2019,Sachsen-Anhalt,Bremen,70,49,119,141,125,266
2019,Sachsen-Anhalt,Nordrhein-Westfalen,1113,732,1845,1962,1633,3595
2019,Sachsen-Anhalt,Hessen,325,207,532,741,673,1414
2019,Sachsen-Anhalt,Rheinland-Pfalz,169,91,260,356,283,639
2019,Sachsen-Anhalt,Baden-Wurttemberg,392,250,642,973,827,1800
2019,Sachsen-Anhalt,Bayern,489,285,774,1262,1067,2329
2019,Sachsen-Anhalt,Saarland,31,27,58,61,54,115
2019,Sachsen-Anhalt,Berlin,527,341,868,1344,1189,2533
2019,Sachsen-Anhalt,Brandenburg,137,100,237,1164,1168,2332
2019,Sachsen-Anhalt,Mecklenburg-Vorpommern,62,39,101,631,677,1308
2019,Sachsen-Anhalt,Sachsen,460,284,744,3240,3210,6450
2019,Sachsen-Anhalt,Sachsen-Anhalt,0,0,0,0,0,0
2019,Sachsen-Anhalt,Thuringen,163,93,256,1342,1415,2757
2019,Sachsen-Anhalt,Insgesamt,4923,3097,8020,17074,15748,32822
2019,Thuringen,Schleswig-Holstein,82,60,142,300,306,606
2019,Thuringen,Hamburg,114,75,189,287,257,544
2019,Thuringen,Niedersachsen,344,274,618,1310,1282,2592
2019,Thuringen,Bremen,61,35,96,104,82,186
2019,Thuringen,Nordrhein-Westfalen,964,729,1693,1837,1563,3400
2019,Thuringen,Hessen,432,301,733,1759,1566,3325
2019,Thuringen,Rheinland-Pfalz,157,98,255,407,384,791
2019,Thuringen,Baden-Wurttemberg,441,287,728,1250,1119,2369
2019,Thuringen,Bayern,759,542,1301,2760,2531,5291
2019,Thuringen,Saarland,47,29,76,84,61,145
2019,Thuringen,Berlin,231,214,445,818,814,1632
2019,Thuringen,Brandenburg,79,49,128,534,500,1034
2019,Thuringen,Mecklenburg-Vorpommern,40,24,64,368,379,747
2019,Thuringen,Sachsen,326,252,578,2919,3024,5943
2019,Thuringen,Sachsen-Anhalt,136,103,239,1316,1284,2600
2019,Thuringen,Thuringen,0,0,0,0,0,0
2019,Thuringen,Insgesamt,4213,3072,7285,16053,15152,31205
2019,Insgesamt,Schleswig-Holstein,5463,3838,9301,29290,29635,58925
2019,Insgesamt,Hamburg,6391,4864,11255,28886,29005,57891
2019,Insgesamt,Niedersachsen,13866,9365,23231,61383,59822,121205
2019,Insgesamt,Bremen,2722,1950,4672,10871,10539,21410
2019,Insgesamt,Nordrhein-Westfalen,26983,19223,46206,75482,71013,146495
2019,Insgesamt,Hessen,15306,10304,25610,48843,45528,94371
2019,Insgesamt,Rheinland-Pfalz,10378,6984,17362,37128,35836,72964
2019,Insgesamt,Baden-Wurttemberg,21332,13611,34943,63864,57972,121836
2019,Insgesamt,Bayern,22580,13727,36307,65638,57184,122822
2019,Insgesamt,Saarland,1819,1372,3191,6128,5983,12111
2019,Insgesamt,Berlin,10094,7712,17806,37448,36677,74125
2019,Insgesamt,Brandenburg,4191,3161,7352,29590,28859,58449
2019,Insgesamt,Mecklenburg-Vorpommern,2125,1129,3254,14088,13466,27554
2019,Insgesamt,Sachsen,5381,3315,8696,25796,24225,50021
2019,Insgesamt,Sachsen-Anhalt,3217,1896,5113,15596,14439,30035
2019,Insgesamt,Thuringen,2975,1831,4806,14003,13429,27432
2019,Insgesamt,Insgesamt,154823,104282,259105,564034,533612,1097646
2020,Schleswig-Holstein,Schleswig-Holstein,0,0,0,0,0,0
2020,Schleswig-Holstein,Hamburg,1709,1294,3003,8566,8610,17176
2020,Schleswig-Holstein,Niedersachsen,728,533,1261,4109,4283,8392
2020,Schleswig-Holstein,Bremen,110,77,187,388,443,831
2020,Schleswig-Holstein,Nordrhein-Westfalen,784,580,1364,2481,2589,5070
2020,Schleswig-Holstein,Hessen,267,204,471,909,880,1789
2020,Schleswig-Holstein,Rheinland-Pfalz,120,70,190,440,405,845
2020,Schleswig-Holstein,Baden-Wurttemberg,341,266,607,1192,1174,2366
2020,Schleswig-Holstein,Bayern,518,294,812,1464,1305,2769
2020,Schleswig-Holstein,Saarland,25,26,51,84,96,180
2020,Schleswig-Holstein,Berlin,180,151,331,859,891,1750
2020,Schleswig-Holstein,Brandenburg,71,38,109,493,469,962
2020,Schleswig-Holstein,Mecklenburg-Vorpommern,155,102,257,1981,2038,4019
2020,Schleswig-Holstein,Sachsen,101,68,169,482,522,1004
2020,Schleswig-Holstein,Sachsen-Anhalt,58,46,104,322,355,677
2020,Schleswig-Holstein,Thuringen,62,40,102,286,268,554
2020,Schleswig-Holstein,Insgesamt,5229,3789,9018,24056,24328,48384
2020,Hamburg,Schleswig-Holstein,1835,1410,3245,11865,12278,24143
2020,Hamburg,Hamburg,0,0,0,0,0,0
2020,Hamburg,Niedersachsen,1056,843,1899,6734,6953,13687
2020,Hamburg,Bremen,101,77,178,431,486,917
2020,Hamburg,Nordrhein-Westfalen,487,407,894,2172,2327,4499
2020,Hamburg,Hessen,236,193,429,908,943,1851
2020,Hamburg,Rheinland-Pfalz,77,72,149,350,362,712
2020,Hamburg,Baden-Wurttemberg,275,214,489,1142,1192,2334
2020,Hamburg,Bayern,362,258,620,1406,1392,2798
2020,Hamburg,Saarland,21,19,40,71,73,144
2020,Hamburg,Berlin,298,288,586,1230,1301,2531
2020,Hamburg,Brandenburg,74,42,116,351,318,669
2020,Hamburg,Mecklenburg-Vorpommern,93,60,153,1099,1046,2145
2020,Hamburg,Sachsen,99,61,160,403,396,799
2020,Hamburg,Sachsen-Anhalt,57,31,88,258,231,489
2020,Hamburg,Thuringen,38,26,64,160,183,343
2020,Hamburg,Insgesamt,5109,4001,9110,28580,29481,58061
2020,Niedersachsen,Schleswig-Holstein,704,488,1192,4228,4511,8739
2020,Niedersachsen,Hamburg,1067,828,1895,5913,6092,12005
2020,Niedersachsen,Niedersachsen,0,0,0,0,0,0
2020,Niedersachsen,Bremen,1142,778,1920,5535,5318,10853
2020,Niedersachsen,Nordrhein-Westfalen,4067,3285,7352,14397,14902,29299
2020,Niedersachsen,Hessen,1129,876,2005,3900,3814,7714
2020,Niedersachsen,Rheinland-Pfalz,478,356,834,1475,1442,2917
2020,Niedersachsen,Baden-Wurttemberg,1429,1025,2454,3773,3504,7277
2020,Niedersachsen,Bayern,1661,1143,2804,4340,3786,8126
2020,Niedersachsen,Saarland,114,81,195,240,232,472
2020,Niedersachsen,Berlin,615,522,1137,2417,2558,4975
2020,Niedersachsen,Brandenburg,259,152,411,1227,1088,2315
2020,Niedersachsen,Mecklenburg-Vorpommern,319,137,456,1730,1516,3246
2020,Niedersachsen,Sachsen,461,326,787,1742,1581,3323
2020,Niedersachsen,Sachsen-Anhalt,430,271,701,2610,2501,5111
2020,Niedersachsen,Thuringen,284,237,521,1180,1264,2444
2020,Niedersachsen,Insgesamt,14159,10505,24664,54707,54109,108816
2020,Bremen,Schleswig-Holstein,84,46,130,356,371,727
2020,Bremen,Hamburg,165,136,301,603,599,1202
2020,Bremen,Niedersachsen,926,745,1671,6872,6940,13812
2020,Bremen,Bremen,0,0,0,0,0,0
2020,Bremen,Nordrhein-Westfalen,347,300,647,987,1033,2020
2020,Bremen,Hessen,86,73,159,313,278,591
2020,Bremen,Rheinland-Pfalz,66,34,100,157,122,279
2020,Bremen,Baden-Wurttemberg,176,121,297,436,389,825
2020,Bremen,Bayern,164,115,279,457,378,835
2020,Bremen,Saarland,17,15,32,33,30,63
2020,Bremen,Berlin,110,88,198,357,334,691
2020,Bremen,Brandenburg,22,14,36,88,83,171
2020,Bremen,Mecklenburg-Vorpommern,37,11,48,142,102,244
2020,Bremen,Sachsen,56,30,86,163,127,290
2020,Bremen,Sachsen-Anhalt,32,23,55,93,96,189
2020,Bremen,Thuringen,23,17,40,57,61,118
2020,Bremen,Insgesamt,2311,1768,4079,11114,10943,22057
2020,Nordrhein-Westfalen,Schleswig-Holstein,560,386,946,3168,3479,6647
2020,Nordrhein-Westfalen,Hamburg,573,551,1124,2938,3315,6253
2020,Nordrhein-Westfalen,Niedersachsen,3612,2478,6090,16035,16589,32624
2020,Nordrhein-Westfalen,Bremen,374,280,654,1088,1097,2185
2020,Nordrhein-Westfalen,Nordrhein-Westfalen,0,0,0,0,0,0
2020,Nordrhein-Westfalen,Hessen,2577,1929,4506,8494,8248,16742
2020,Nordrhein-Westfalen,Rheinland-Pfalz,1864,1341,3205,8743,8741,17484
2020,Nordrhein-Westfalen,Baden-Wurttemberg,3136,2194,5330,8788,8114,16902
2020,Nordrhein-Westfalen,Bayern,3310,2186,5496,9437,8403,17840
2020,Nordrhein-Westfalen,Saarland,270,188,458,770,706,1476
2020,Nordrhein-Westfalen,Berlin,1176,928,2104,4257,4385,8642
2020,Nordrhein-Westfalen,Brandenburg,333,223,556,1427,1351,2778
2020,Nordrhein-Westfalen,Mecklenburg-Vorpommern,285,162,447,1310,1304,2614
2020,Nordrhein-Westfalen,Sachsen,700,432,1132,2356,2146,4502
2020,Nordrhein-Westfalen,Sachsen-Anhalt,401,257,658,1350,1244,2594
2020,Nordrhein-Westfalen,Thuringen,386,244,630,1173,1143,2316
2020,Nordrhein-Westfalen,Insgesamt,19557,13779,33336,71334,70265,141599
2020,Hessen,Schleswig-Holstein,263,206,469,1244,1416,2660
2020,Hessen,Hamburg,326,276,602,1242,1259,2501
2020,Hessen,Niedersachsen,954,690,1644,4082,4101,8183
2020,Hessen,Bremen,78,62,140,278,286,564
2020,Hessen,Nordrhein-Westfalen,3161,2355,5516,8849,8857,17706
2020,Hessen,Hessen,0,0,0,0,0,0
2020,Hessen,Rheinland-Pfalz,2229,1520,3749,8182,7967,16149
2020,Hessen,Baden-Wurttemberg,2635,1770,4405,8132,7787,15919
2020,Hessen,Bayern,2650,1792,4442,8006,7463,15469
2020,Hessen,Saarland,160,114,274,501,485,986
2020,Hessen,Berlin,519,503,1022,1967,2128,4095
2020,Hessen,Brandenburg,122,101,223,605,597,1202
2020,Hessen,Mecklenburg-Vorpommern,80,60,140,582,568,1150
2020,Hessen,Sachsen,423,244,667,1473,1369,2842
2020,Hessen,Sachsen-Anhalt,194,134,328,675,663,1338
2020,Hessen,Thuringen,256,173,429,1374,1349,2723
2020,Hessen,Insgesamt,14050,10000,24050,47192,46295,93487
2020,Rheinland-Pfalz,Schleswig-Holstein,136,86,222,571,564,1135
2020,Rheinland-Pfalz,Hamburg,112,77,189,414,443,857
2020,Rheinland-Pfalz,Niedersachsen,427,308,735,1557,1542,3099
2020,Rheinland-Pfalz,Bremen,65,48,113,163,147,310
2020,Rheinland-Pfalz,Nordrhein-Westfalen,2393,1670,4063,8180,8262,16442
2020,Rheinland-Pfalz,Hessen,2025,1476,3501,7400,7441,14841
2020,Rheinland-Pfalz,Rheinland-Pfalz,0,0,0,0,0,0
2020,Rheinland-Pfalz,Baden-Wurttemberg,2261,1531,3792,7464,7211,14675
2020,Rheinland-Pfalz,Bayern,1002,603,1605,2877,2536,5413
2020,Rheinland-Pfalz,Saarland,416,389,805,2208,2428,4636
2020,Rheinland-Pfalz,Berlin,218,163,381,806,814,1620
2020,Rheinland-Pfalz,Brandenburg,76,58,134,336,294,630
2020,Rheinland-Pfalz,Mecklenburg-Vorpommern,47,27,74,271,259,530
2020,Rheinland-Pfalz,Sachsen,171,117,288,626,572,1198
2020,Rheinland-Pfalz,Sachsen-Anhalt,98,55,153,304,285,589
2020,Rheinland-Pfalz,Thuringen,95,51,146,368,338,706
2020,Rheinland-Pfalz,Insgesamt,9542,6659,16201,33545,33136,66681
2020,Baden-Wurttemberg,Schleswig-Holstein,306,220,526,1470,1549,3019
2020,Baden-Wurttemberg,Hamburg,376,309,685,1609,1723,3332
2020,Baden-Wurttemberg,Niedersachsen,1279,907,2186,4008,3708,7716
2020,Baden-Wurttemberg,Bremen,184,131,315,453,420,873
2020,Baden-Wurttemberg,Nordrhein-Westfalen,3767,2892,6659,9424,8894,18318
2020,Baden-Wurttemberg,Hessen,2658,1906,4564,8509,8140,16649
2020,Baden-Wurttemberg,Rheinland-Pfalz,2442,1753,4195,8229,7873,16102
2020,Baden-Wurttemberg,Baden-Wurttemberg,0,0,0,0,0,0
2020,Baden-Wurttemberg,Bayern,6433,3922,10355,20047,18344,38391
2020,Baden-Wurttemberg,Saarland,286,246,532,890,873,1763
2020,Baden-Wurttemberg,Berlin,740,663,1403,2936,2998,5934
2020,Baden-Wurttemberg,Brandenburg,216,165,381,1087,955,2042
2020,Baden-Wurttemberg,Mecklenburg-Vorpommern,110,75,185,772,774,1546
2020,Baden-Wurttemberg,Sachsen,623,413,1036,2662,2429,5091
2020,Baden-Wurttemberg,Sachsen-Anhalt,233,136,369,1021,880,1901
2020,Baden-Wurttemberg,Thuringen,305,228,533,1242,1175,2417
2020,Baden-Wurttemberg,Insgesamt,19958,13966,33924,64359,60735,125094
2020,Bayern,Schleswig-Holstein,394,280,674,1599,1598,3197
2020,Bayern,Hamburg,482,337,819,1795,1799,3594
2020,Bayern,Niedersachsen,1494,1011,2505,4185,3763,7948
2020,Bayern,Bremen,186,124,310,434,359,793
2020,Bayern,Nordrhein-Westfalen,4094,2823,6917,9410,8137,17547
2020,Bayern,Hessen,2336,1528,3864,6925,6417,13342
2020,Bayern,Rheinland-Pfalz,918,563,1481,2583,2366,4949
2020,Bayern,Baden-Wurttemberg,6009,3667,9676,17675,16477,34152
2020,Bayern,Bayern,0,0,0,0,0,0
2020,Bayern,Saarland,168,123,291,489,437,926
2020,Bayern,Berlin,1074,811,1885,3827,3712,7539
2020,Bayern,Brandenburg,270,183,453,1231,1073,2304
2020,Bayern,Mecklenburg-Vorpommern,182,107,289,853,810,1663
2020,Bayern,Sachsen,864,518,1382,4030,3588,7618
2020,Bayern,Sachsen-Anhalt,302,191,493,1182,1049,2231
2020,Bayern,Thuringen,513,326,839,2479,2257,4736
2020,Bayern,Insgesamt,19286,12592,31878,58697,53842,112539
2020,Saarland,Schleswig-Holstein,27,16,43,89,99,188
2020,Saarland,Hamburg,30,21,51,92,94,186
2020,Saarland,Niedersachsen,81,68,149,231,230,461
2020,Saarland,Bremen,18,9,27,44,26,70
2020,Saarland,Nordrhein-Westfalen,426,302,728,948,843,1791
2020,Saarland,Hessen,152,109,261,478,498,976
2020,Saarland,Rheinland-Pfalz,442,314,756,2253,2291,4544
2020,Saarland,Baden-Wurttemberg,264,219,483,894,888,1782
2020,Saarland,Bayern,189,125,314,535,477,1012
2020,Saarland,Saarland,0,0,0,0,0,0
2020,Saarland,Berlin,42,25,67,170,161,331
2020,Saarland,Brandenburg,10,9,19,49,47,96
2020,Saarland,Mecklenburg-Vorpommern,10,7,17,37,46,83
2020,Saarland,Sachsen,41,30,71,111,114,225
2020,Saarland,Sachsen-Anhalt,12,4,16,53,47,100
2020,Saarland,Thuringen,32,19,51,72,55,127
2020,Saarland,Insgesamt,1776,1277,3053,6056,5916,11972
2020,Berlin,Schleswig-Holstein,197,183,380,1187,1346,2533
2020,Berlin,Hamburg,321,286,607,1219,1270,2489
2020,Berlin,Niedersachsen,490,438,928,2344,2513,4857
2020,Berlin,Bremen,99,81,180,294,320,614
2020,Berlin,Nordrhein-Westfalen,1253,956,2209,3553,3612,7165
2020,Berlin,Hessen,488,421,909,1653,1613,3266
2020,Berlin,Rheinland-Pfalz,213,169,382,735,732,1467
2020,Berlin,Baden-Wurttemberg,675,565,1240,2432,2414,4846
2020,Berlin,Bayern,1118,780,1898,3386,3128,6514
2020,Berlin,Saarland,52,36,88,147,139,286
2020,Berlin,Berlin,0,0,0,0,0,0
2020,Berlin,Brandenburg,2186,1892,4078,17535,17671,35206
2020,Berlin,Mecklenburg-Vorpommern,195,141,336,2124,2129,4253
2020,Berlin,Sachsen,465,357,822,1907,1951,3858
2020,Berlin,Sachsen-Anhalt,277,219,496,1128,1182,2310
2020,Berlin,Thuringen,154,110,264,637,645,1282
2020,Berlin,Insgesamt,8183,6634,14817,40281,40665,80946
2020,Brandenburg,Schleswig-Holstein,76,64,140,574,605,1179
2020,Brandenburg,Hamburg,94,79,173,347,356,703
2020,Brandenburg,Niedersachsen,261,159,420,1080,1062,2142
2020,Brandenburg,Bremen,39,18,57,109,99,208
2020,Brandenburg,Nordrhein-Westfalen,684,492,1176,1443,1292,2735
2020,Brandenburg,Hessen,177,108,285,521,475,996
2020,Brandenburg,Rheinland-Pfalz,96,57,153,282,260,542
2020,Brandenburg,Baden-Wurttemberg,267,163,430,797,642,1439
2020,Brandenburg,Bayern,316,204,520,1045,924,1969
2020,Brandenburg,Saarland,7,11,18,34,38,72
2020,Brandenburg,Berlin,1695,1397,3092,7568,7284,14852
2020,Brandenburg,Brandenburg,0,0,0,0,0,0
2020,Brandenburg,Mecklenburg-Vorpommern,120,67,187,1961,1959,3920
2020,Brandenburg,Sachsen,240,173,413,2060,2108,4168
2020,Brandenburg,Sachsen-Anhalt,130,96,226,1157,1248,2405
2020,Brandenburg,Thuringen,56,44,100,417,459,876
2020,Brandenburg,Insgesamt,4258,3132,7390,19395,18811,38206
2020,Mecklenburg-Vorpommern,Schleswig-Holstein,228,145,373,1611,1641,3252
2020,Mecklenburg-Vorpommern,Hamburg,316,185,501,990,869,1859
2020,Mecklenburg-Vorpommern,Niedersachsen,300,156,456,1311,1224,2535
2020,Mecklenburg-Vorpommern,Bremen,102,57,159,189,161,350
2020,Mecklenburg-Vorpommern,Nordrhein-Westfalen,640,421,1061,1258,1093,2351
2020,Mecklenburg-Vorpommern,Hessen,158,93,251,367,330,697
2020,Mecklenburg-Vorpommern,Rheinland-Pfalz,86,45,131,217,197,414
2020,Mecklenburg-Vorpommern,Baden-Wurttemberg,209,149,358,559,502,1061
2020,Mecklenburg-Vorpommern,Bayern,243,138,381,616,524,1140
2020,Mecklenburg-Vorpommern,Saarland,16,6,22,40,35,75
2020,Mecklenburg-Vorpommern,Berlin,234,162,396,961,933,1894
2020,Mecklenburg-Vorpommern,Brandenburg,107,85,192,1176,1284,2460
2020,Mecklenburg-Vorpommern,Mecklenburg-Vorpommern,0,0,0,0,0,0
2020,Mecklenburg-Vorpommern,Sachsen,97,74,171,656,681,1337
2020,Mecklenburg-Vorpommern,Sachsen-Anhalt,59,52,111,461,464,925
2020,Mecklenburg-Vorpommern,Thuringen,48,28,76,247,273,520
2020,Mecklenburg-Vorpommern,Insgesamt,2843,1796,4639,10659,10211,20870
2020,Sachsen,Schleswig-Holstein,159,112,271,530,537,1067
2020,Sachsen,Hamburg,198,110,308,544,485,1029
2020,Sachsen,Niedersachsen,488,304,792,1456,1381,2837
2020,Sachsen,Bremen,68,43,111,175,152,327
2020,Sachsen,Nordrhein-Westfalen,1256,783,2039,2464,2016,4480
2020,Sachsen,Hessen,465,268,733,1232,1075,2307
2020,Sachsen,Rheinland-Pfalz,204,130,334,576,494,1070
2020,Sachsen,Baden-Wurttemberg,683,395,1078,1930,1695,3625
2020,Sachsen,Bayern,969,572,1541,3111,2640,5751
2020,Sachsen,Saarland,62,30,92,118,97,215
2020,Sachsen,Berlin,615,368,983,1840,1647,3487
2020,Sachsen,Brandenburg,217,134,351,1897,1879,3776
2020,Sachsen,Mecklenburg-Vorpommern,93,62,155,901,1013,1914
2020,Sachsen,Sachsen,0,0,0,0,0,0
2020,Sachsen,Sachsen-Anhalt,354,217,571,3012,2946,5958
2020,Sachsen,Thuringen,295,188,483,2399,2489,4888
2020,Sachsen,Insgesamt,6126,3716,9842,22185,20546,42731
2020,Sachsen-Anhalt,Schleswig-Holstein,100,59,159,387,408,795
2020,Sachsen-Anhalt,Hamburg,191,97,288,409,301,710
2020,Sachsen-Anhalt,Niedersachsen,579,402,981,2655,2468,5123
2020,Sachsen-Anhalt,Bremen,69,49,118,118,116,234
2020,Sachsen-Anhalt,Nordrhein-Westfalen,1115,793,1908,1833,1669,3502
2020,Sachsen-Anhalt,Hessen,350,220,570,726,670,1396
2020,Sachsen-Anhalt,Rheinland-Pfalz,166,112,278,337,294,631
2020,Sachsen-Anhalt,Baden-Wurttemberg,342,199,541,832,694,1526
2020,Sachsen-Anhalt,Bayern,437,249,686,1124,907,2031
2020,Sachsen-Anhalt,Saarland,52,22,74,88,64,152
2020,Sachsen-Anhalt,Berlin,367,267,634,992,972,1964
2020,Sachsen-Anhalt,Brandenburg,141,91,232,1084,1092,2176
2020,Sachsen-Anhalt,Mecklenburg-Vorpommern,48,27,75,607,708,1315
2020,Sachsen-Anhalt,Sachsen,414,274,688,2972,3094,6066
2020,Sachsen-Anhalt,Sachsen-Anhalt,0,0,0,0,0,0
2020,Sachsen-Anhalt,Thuringen,136,99,235,1189,1256,2445
2020,Sachsen-Anhalt,Insgesamt,4507,2960,7467,15353,14713,30066
2020,Thuringen,Schleswig-Holstein,73,59,132,293,294,587
2020,Thuringen,Hamburg,123,102,225,280,302,582
2020,Thuringen,Niedersachsen,397,320,717,1260,1284,2544
2020,Thuringen,Bremen,57,55,112,97,122,219
2020,Thuringen,Nordrhein-Westfalen,1074,833,1907,1807,1632,3439
2020,Thuringen,Hessen,438,318,756,1604,1551,3155
2020,Thuringen,Rheinland-Pfalz,174,109,283,399,333,732
2020,Thuringen,Baden-Wurttemberg,428,279,707,1185,1081,2266
2020,Thuringen,Bayern,666,461,1127,2458,2268,4726
2020,Thuringen,Saarland,36,28,64,72,65,137
2020,Thuringen,Berlin,214,205,419,680,732,1412
2020,Thuringen,Brandenburg,63,40,103,432,425,857
2020,Thuringen,Mecklenburg-Vorpommern,41,30,71,406,435,841
2020,Thuringen,Sachsen,356,248,604,2884,2982,5866
2020,Thuringen,Sachsen-Anhalt,138,101,239,1298,1332,2630
2020,Thuringen,Thuringen,0,0,0,0,0,0
2020,Thuringen,Insgesamt,4278,3188,7466,15155,14838,29993
2020,Insgesamt,Schleswig-Holstein,5142,3760,8902,29172,30696,59868
2020,Insgesamt,Hamburg,6083,4688,10771,26961,27517,54478
2020,Insgesamt,Niedersachsen,13072,9362,22434,57919,58041,115960
2020,Insgesamt,Bremen,2692,1889,4581,9796,9552,19348
2020,Insgesamt,Nordrhein-Westfalen,25548,18892,44440,69206,67158,136364
2020,Insgesamt,Hessen,13542,9722,23264,43939,42373,86312
2020,Insgesamt,Rheinland-Pfalz,9575,6645,16220,34958,33879,68837
2020,Insgesamt,Baden-Wurttemberg,19130,12757,31887,57231,53764,110995
2020,Insgesamt,Bayern,20038,12842,32880,60309,54475,114784
2020,Insgesamt,Saarland,1702,1334,3036,5785,5798,11583
2020,Insgesamt,Berlin,8097,6541,14638,30867,30850,61717
2020,Insgesamt,Brandenburg,4167,3227,7394,29018,28626,57644
2020,Insgesamt,Mecklenburg-Vorpommern,1815,1075,2890,14776,14707,29483
2020,Insgesamt,Sachsen,5111,3365,8476,24527,23660,48187
2020,Insgesamt,Sachsen-Anhalt,2775,1833,4608,14924,14523,29447
2020,Insgesamt,Thuringen,2683,1830,4513,13280,13215,26495
2020,Insgesamt,Insgesamt,141172,99762,240934,522668,508834,1031502
2021,Schleswig-Holstein,Schleswig-Holstein,0,0,0,0,0,0
2021,Schleswig-Holstein,Hamburg,1588,1290,2878,8121,8275,16396
2021,Schleswig-Holstein,Niedersachsen,609,492,1101,4028,4428,8456
2021,Schleswig-Holstein,Bremen,142,92,234,410,411,821
2021,Schleswig-Holstein,Nordrhein-Westfalen,815,657,1472,2526,2659,5185
2021,Schleswig-Holstein,Hessen,253,181,434,864,950,1814
2021,Schleswig-Holstein,Rheinland-Pfalz,117,82,199,438,429,867
2021,Schleswig-Holstein,Baden-Wurttemberg,331,249,580,1232,1198,2430
2021,Schleswig-Holstein,Bayern,414,260,674,1355,1237,2592
2021,Schleswig-Holstein,Saarland,43,19,62,81,70,151
2021,Schleswig-Holstein,Berlin,210,166,376,927,1047,1974
2021,Schleswig-Holstein,Brandenburg,72,59,131,470,487,957
2021,Schleswig-Holstein,Mecklenburg-Vorpommern,143,115,258,1969,2009,3978
2021,Schleswig-Holstein,Sachsen,104,55,159,471,474,945
2021,Schleswig-Holstein,Sachsen-Anhalt,97,61,158,392,347,739
2021,Schleswig-Holstein,Thuringen,54,42,96,231,247,478
2021,Schleswig-Holstein,Insgesamt,4992,3820,8812,23515,24268,47783
2021,Hamburg,Schleswig-Holstein,1857,1444,3301,12467,12983,25450
2021,Hamburg,Hamburg,0,0,0,0,0,0
2021,Hamburg,Niedersachsen,1057,877,1934,7350,7508,14858
2021,Hamburg,Bremen,122,91,213,476,465,941
2021,Hamburg,Nordrhein-Westfalen,539,437,976,2380,2436,4816
2021,Hamburg,Hessen,205,155,360,886,848,1734
2021,Hamburg,Rheinland-Pfalz,101,54,155,385,380,765
2021,Hamburg,Baden-Wurttemberg,303,230,533,1262,1338,2600
2021,Hamburg,Bayern,409,284,693,1544,1482,3026
2021,Hamburg,Saarland,15,14,29,60,67,127
2021,Hamburg,Berlin,454,339,793,1614,1711,3325
2021,Hamburg,Brandenburg,51,37,88,361,344,705
2021,Hamburg,Mecklenburg-Vorpommern,99,70,169,1138,1112,2250
2021,Hamburg,Sachsen,138,78,216,516,449,965
2021,Hamburg,Sachsen-Anhalt,65,37,102,264,224,488
2021,Hamburg,Thuringen,53,35,88,209,178,387
2021,Hamburg,Insgesamt,5468,4182,9650,30912,31525,62437
2021,Niedersachsen,Schleswig-Holstein,712,472,1184,4132,4523,8655
2021,Niedersachsen,Hamburg,1142,916,2058,5662,5857,11519
2021,Niedersachsen,Niedersachsen,0,0,0,0,0,0
2021,Niedersachsen,Bremen,1182,827,2009,5467,5197,10664
2021,Niedersachsen,Nordrhein-Westfalen,4588,3756,8344,15009,15603,30612
2021,Niedersachsen,Hessen,1173,1005,2178,3967,4034,8001
2021,Niedersachsen,Rheinland-Pfalz,532,436,968,1561,1601,3162
2021,Niedersachsen,Baden-Wurttemberg,1560,1173,2733,4187,3951,8138
2021,Niedersachsen,Bayern,1831,1332,3163,4765,4271,9036
2021,Niedersachsen,Saarland,121,115,236,279,295,574
2021,Niedersachsen,Berlin,825,678,1503,2889,3000,5889
2021,Niedersachsen,Brandenburg,262,178,440,1231,1163,2394
2021,Niedersachsen,Mecklenburg-Vorpommern,238,177,415,1598,1677,3275
2021,Niedersachsen,Sachsen,480,337,817,1710,1637,3347
2021,Niedersachsen,Sachsen-Anhalt,488,328,816,2621,2477,5098
2021,Niedersachsen,Thuringen,376,296,672,1314,1288,2602
2021,Niedersachsen,Insgesamt,15510,12026,27536,56392,56574,112966
2021,Bremen,Schleswig-Holstein,103,66,169,409,432,841
2021,Bremen,Hamburg,157,130,287,563,577,1140
2021,Bremen,Niedersachsen,1035,840,1875,6743,7081,13824
2021,Bremen,Bremen,0,0,0,0,0,0
2021,Bremen,Nordrhein-Westfalen,338,269,607,944,937,1881
2021,Bremen,Hessen,93,86,179,275,286,561
2021,Bremen,Rheinland-Pfalz,32,39,71,128,133,261
2021,Bremen,Baden-Wurttemberg,193,148,341,489,425,914
2021,Bremen,Bayern,211,134,345,485,385,870
2021,Bremen,Saarland,10,8,18,25,22,47
2021,Bremen,Berlin,156,123,279,410,376,786
2021,Bremen,Brandenburg,19,19,38,103,88,191
2021,Bremen,Mecklenburg-Vorpommern,22,18,40,125,119,244
2021,Bremen,Sachsen,44,38,82,162,163,325
2021,Bremen,Sachsen-Anhalt,22,25,47,80,72,152
2021,Bremen,Thuringen,18,12,30,63,56,119
2021,Bremen,Insgesamt,2453,1955,4408,11004,11152,22156
2021,Nordrhein-Westfalen,Schleswig-Holstein,581,443,1024,3100,3389,6489
2021,Nordrhein-Westfalen,Hamburg,695,523,1218,3042,3260,6302
2021,Nordrhein-Westfalen,Niedersachsen,3543,2676,6219,16426,17034,33460
2021,Nordrhein-Westfalen,Bremen,394,264,658,1111,1115,2226
2021,Nordrhein-Westfalen,Nordrhein-Westfalen,0,0,0,0,0,0
2021,Nordrhein-Westfalen,Hessen,2617,1887,4504,8629,8483,17112
2021,Nordrhein-Westfalen,Rheinland-Pfalz,1805,1374,3179,8994,9103,18097
2021,Nordrhein-Westfalen,Baden-Wurttemberg,3203,2255,5458,9171,8480,17651
2021,Nordrhein-Westfalen,Bayern,3803,2403,6206,10113,8748,18861
2021,Nordrhein-Westfalen,Saarland,254,216,470,804,809,1613
2021,Nordrhein-Westfalen,Berlin,1501,1222,2723,5217,5290,10507
2021,Nordrhein-Westfalen,Brandenburg,317,244,561,1481,1375,2856
2021,Nordrhein-Westfalen,Mecklenburg-Vorpommern,262,150,412,1366,1248,2614
2021,Nordrhein-Westfalen,Sachsen,687,444,1131,2309,2123,4432
2021,Nordrhein-Westfalen,Sachsen-Anhalt,442,238,680,1436,1247,2683
2021,Nordrhein-Westfalen,Thuringen,465,262,727,1398,1210,2608
2021,Nordrhein-Westfalen,Insgesamt,20569,14601,35170,74597,72914,147511
2021,Hessen,Schleswig-Holstein,234,172,406,1281,1423,2704
2021,Hessen,Hamburg,316,262,578,1192,1293,2485
2021,Hessen,Niedersachsen,1041,718,1759,4225,4097,8322
2021,Hessen,Bremen,154,128,282,364,372,736
2021,Hessen,Nordrhein-Westfalen,3105,2354,5459,8826,8879,17705
2021,Hessen,Hessen,0,0,0,0,0,0
2021,Hessen,Rheinland-Pfalz,2168,1666,3834,8418,8481,16899
2021,Hessen,Baden-Wurttemberg,2426,1754,4180,8053,7866,15919
2021,Hessen,Bayern,2778,1802,4580,8222,7489,15711
2021,Hessen,Saarland,146,126,272,468,468,936
2021,Hessen,Berlin,716,636,1352,2389,2509,4898
2021,Hessen,Brandenburg,123,147,270,633,660,1293
2021,Hessen,Mecklenburg-Vorpommern,77,74,151,523,569,1092
2021,Hessen,Sachsen,354,270,624,1409,1346,2755
2021,Hessen,Sachsen-Anhalt,166,116,282,600,586,1186
2021,Hessen,Thuringen,271,194,465,1460,1492,2952
2021,Hessen,Insgesamt,14075,10419,24494,48063,47530,95593
2021,Rheinland-Pfalz,Schleswig-Holstein,120,78,198,593,556,1149
2021,Rheinland-Pfalz,Hamburg,143,94,237,489,470,959
2021,Rheinland-Pfalz,Niedersachsen,441,295,736,1617,1577,3194
2021,Rheinland-Pfalz,Bremen,68,55,123,152,150,302
2021,Rheinland-Pfalz,Nordrhein-Westfalen,2226,1683,3909,8386,8623,17009
2021,Rheinland-Pfalz,Hessen,2007,1528,3535,7386,7718,15104
2021,Rheinland-Pfalz,Rheinland-Pfalz,0,0,0,0,0,0
2021,Rheinland-Pfalz,Baden-Wurttemberg,2181,1515,3696,7423,7118,14541
2021,Rheinland-Pfalz,Bayern,1042,661,1703,2912,2612,5524
2021,Rheinland-Pfalz,Saarland,450,375,825,2311,2418,4729
2021,Rheinland-Pfalz,Berlin,291,225,516,975,992,1967
2021,Rheinland-Pfalz,Brandenburg,71,50,121,331,347,678
2021,Rheinland-Pfalz,Mecklenburg-Vorpommern,54,35,89,323,284,607
2021,Rheinland-Pfalz,Sachsen,162,94,256,622,599,1221
2021,Rheinland-Pfalz,Sachsen-Anhalt,110,65,175,295,279,574
2021,Rheinland-Pfalz,Thuringen,121,85,206,381,388,769
2021,Rheinland-Pfalz,Insgesamt,9487,6838,16325,34196,34131,68327
2021,Baden-Wurttemberg,Schleswig-Holstein,304,215,519,1500,1524,3024
2021,Baden-Wurttemberg,Hamburg,447,333,780,1653,1738,3391
2021,Baden-Wurttemberg,Niedersachsen,1352,1052,2404,4183,4116,8299
2021,Baden-Wurttemberg,Bremen,169,130,299,444,420,864
2021,Baden-Wurttemberg,Nordrhein-Westfalen,3791,2868,6659,9643,9072,18715
2021,Baden-Wurttemberg,Hessen,2569,1897,4466,8554,8234,16788
2021,Baden-Wurttemberg,Rheinland-Pfalz,2347,1718,4065,8228,8024,16252
2021,Baden-Wurttemberg,Baden-Wurttemberg,0,0,0,0,0,0
2021,Baden-Wurttemberg,Bayern,6150,3997,10147,19864,18353,38217
2021,Baden-Wurttemberg,Saarland,314,216,530,926,904,1830
2021,Baden-Wurttemberg,Berlin,1013,836,1849,3697,3762,7459
2021,Baden-Wurttemberg,Brandenburg,208,166,374,1084,1036,2120
2021,Baden-Wurttemberg,Mecklenburg-Vorpommern,115,88,203,787,790,1577
2021,Baden-Wurttemberg,Sachsen,517,357,874,2561,2361,4922
2021,Baden-Wurttemberg,Sachsen-Anhalt,249,191,440,950,887,1837
2021,Baden-Wurttemberg,Thuringen,340,201,541,1263,1170,2433
2021,Baden-Wurttemberg,Insgesamt,19885,14265,34150,65337,62391,127728
2021,Bayern,Schleswig-Holstein,373,274,647,1621,1674,3295
2021,Bayern,Hamburg,440,347,787,1736,1825,3561
2021,Bayern,Niedersachsen,1433,1047,2480,4280,3984,8264
2021,Bayern,Bremen,225,144,369,470,419,889
2021,Bayern,Nordrhein-Westfalen,3996,2866,6862,9485,8540,18025
2021,Bayern,Hessen,2235,1620,3855,6947,6396,13343
2021,Bayern,Rheinland-Pfalz,1002,664,1666,2849,2591,5440
2021,Bayern,Baden-Wurttemberg,6029,3711,9740,18609,17253,35862
2021,Bayern,Bayern,0,0,0,0,0,0
2021,Bayern,Saarland,232,149,381,573,477,1050
2021,Bayern,Berlin,1545,1151,2696,4655,4365,9020
2021,Bayern,Brandenburg,277,199,476,1328,1179,2507
2021,Bayern,Mecklenburg-Vorpommern,173,114,287,893,874,1767
2021,Bayern,Sachsen,909,526,1435,4053,3522,7575
2021,Bayern,Sachsen-Anhalt,338,205,543,1262,1066,2328
2021,Bayern,Thuringen,573,385,958,2598,2362,4960
2021,Bayern,Insgesamt,19780,13402,33182,61359,56527,117886
2021,Saarland,Schleswig-Holstein,27,22,49,88,96,184
2021,Saarland,Hamburg,22,16,38,87,87,174
2021,Saarland,Niedersachsen,112,109,221,273,293,566
2021,Saarland,Bremen,12,13,25,26,38,64
2021,Saarland,Nordrhein-Westfalen,380,312,692,877,869,1746
2021,Saarland,Hessen,128,136,264,468,516,984
2021,Saarland,Rheinland-Pfalz,438,337,775,2148,2318,4466
2021,Saarland,Baden-Wurttemberg,266,194,460,869,891,1760
2021,Saarland,Bayern,200,147,347,524,472,996
2021,Saarland,Saarland,0,0,0,0,0,0
2021,Saarland,Berlin,63,50,113,203,218,421
2021,Saarland,Brandenburg,12,17,29,63,69,132
2021,Saarland,Mecklenburg-Vorpommern,9,10,19,40,45,85
2021,Saarland,Sachsen,43,25,68,115,87,202
2021,Saarland,Sachsen-Anhalt,34,18,52,69,49,118
2021,Saarland,Thuringen,32,18,50,75,59,134
2021,Saarland,Insgesamt,1778,1424,3202,5925,6107,12032
2021,Berlin,Schleswig-Holstein,184,174,358,1179,1363,2542
2021,Berlin,Hamburg,308,272,580,1118,1240,2358
2021,Berlin,Niedersachsen,574,450,1024,2586,2666,5252
2021,Berlin,Bremen,112,101,213,331,367,698
2021,Berlin,Nordrhein-Westfalen,1233,982,2215,3735,3617,7352
2021,Berlin,Hessen,561,417,978,1711,1622,3333
2021,Berlin,Rheinland-Pfalz,205,168,373,797,762,1559
2021,Berlin,Baden-Wurttemberg,738,604,1342,2566,2612,5178
2021,Berlin,Bayern,1169,850,2019,3534,3262,6796
2021,Berlin,Saarland,54,36,90,159,134,293
2021,Berlin,Berlin,0,0,0,0,0,0
2021,Berlin,Brandenburg,2246,1945,4191,17684,17746,35430
2021,Berlin,Mecklenburg-Vorpommern,198,142,340,1862,1990,3852
2021,Berlin,Sachsen,475,275,750,1934,1927,3861
2021,Berlin,Sachsen-Anhalt,335,251,586,1343,1320,2663
2021,Berlin,Thuringen,177,118,295,690,686,1376
2021,Berlin,Insgesamt,8569,6785,15354,41229,41314,82543
2021,Brandenburg,Schleswig-Holstein,106,81,187,577,593,1170
2021,Brandenburg,Hamburg,120,96,216,354,335,689
2021,Brandenburg,Niedersachsen,358,267,625,1210,1221,2431
2021,Brandenburg,Bremen,56,44,100,117,106,223
2021,Brandenburg,Nordrhein-Westfalen,846,628,1474,1616,1471,3087
2021,Brandenburg,Hessen,206,154,360,561,555,1116
2021,Brandenburg,Rheinland-Pfalz,114,90,204,314,294,608
2021,Brandenburg,Baden-Wurttemberg,353,246,599,918,873,1791
2021,Brandenburg,Bayern,425,313,738,1198,1049,2247
2021,Brandenburg,Saarland,36,27,63,66,58,124
2021,Brandenburg,Berlin,2085,1565,3650,8693,8258,16951
2021,Brandenburg,Brandenburg,0,0,0,0,0,0
2021,Brandenburg,Mecklenburg-Vorpommern,101,84,185,1765,1957,3722
2021,Brandenburg,Sachsen,294,190,484,2014,2172,4186
2021,Brandenburg,Sachsen-Anhalt,190,120,310,1328,1325,2653
2021,Brandenburg,Thuringen,109,74,183,470,485,955
2021,Brandenburg,Insgesamt,5399,3979,9378,21201,20752,41953
2021,Mecklenburg-Vorpommern,Schleswig-Holstein,189,159,348,1528,1628,3156
2021,Mecklenburg-Vorpommern,Hamburg,257,160,417,936,885,1821
2021,Mecklenburg-Vorpommern,Niedersachsen,374,196,570,1394,1308,2702
2021,Mecklenburg-Vorpommern,Bremen,87,61,148,176,167,343
2021,Mecklenburg-Vorpommern,Nordrhein-Westfalen,570,432,1002,1193,1110,2303
2021,Mecklenburg-Vorpommern,Hessen,168,107,275,430,369,799
2021,Mecklenburg-Vorpommern,Rheinland-Pfalz,82,39,121,214,175,389
2021,Mecklenburg-Vorpommern,Baden-Wurttemberg,188,137,325,598,548,1146
2021,Mecklenburg-Vorpommern,Bayern,308,156,464,767,618,1385
2021,Mecklenburg-Vorpommern,Saarland,16,13,29,33,30,63
2021,Mecklenburg-Vorpommern,Berlin,278,212,490,1207,1185,2392
2021,Mecklenburg-Vorpommern,Brandenburg,122,88,210,1160,1242,2402
2021,Mecklenburg-Vorpommern,Mecklenburg-Vorpommern,0,0,0,0,0,0
2021,Mecklenburg-Vorpommern,Sachsen,136,57,193,732,715,1447
2021,Mecklenburg-Vorpommern,Sachsen-Anhalt,73,48,121,465,475,940
2021,Mecklenburg-Vorpommern,Thuringen,49,22,71,256,276,532
2021,Mecklenburg-Vorpommern,Insgesamt,2897,1887,4784,11089,10731,21820
2021,Sachsen,Schleswig-Holstein,144,104,248,535,546,1081
2021,Sachsen,Hamburg,181,145,326,494,503,997
2021,Sachsen,Niedersachsen,536,379,915,1549,1479,3028
2021,Sachsen,Bremen,87,59,146,178,173,351
2021,Sachsen,Nordrhein-Westfalen,1262,866,2128,2441,2167,4608
2021,Sachsen,Hessen,456,282,738,1260,1169,2429
2021,Sachsen,Rheinland-Pfalz,244,132,376,588,473,1061
2021,Sachsen,Baden-Wurttemberg,669,445,1114,1945,1865,3810
2021,Sachsen,Bayern,1116,628,1744,3319,2754,6073
2021,Sachsen,Saarland,62,35,97,115,88,203
2021,Sachsen,Berlin,761,492,1253,2014,1933,3947
2021,Sachsen,Brandenburg,229,143,372,2038,2060,4098
2021,Sachsen,Mecklenburg-Vorpommern,97,57,154,812,942,1754
2021,Sachsen,Sachsen,0,0,0,0,0,0
2021,Sachsen,Sachsen-Anhalt,389,250,639,3082,3107,6189
2021,Sachsen,Thuringen,359,197,556,2364,2450,4814
2021,Sachsen,Insgesamt,6592,4214,10806,22734,21709,44443
2021,Sachsen-Anhalt,Schleswig-Holstein,120,78,198,398,386,784
2021,Sachsen-Anhalt,Hamburg,164,90,254,370,303,673
2021,Sachsen-Anhalt,Niedersachsen,592,424,1016,2545,2428,4973
2021,Sachsen-Anhalt,Bremen,72,50,122,130,108,238
2021,Sachsen-Anhalt,Nordrhein-Westfalen,969,735,1704,1673,1528,3201
2021,Sachsen-Anhalt,Hessen,334,220,554,681,586,1267
2021,Sachsen-Anhalt,Rheinland-Pfalz,141,84,225,335,280,615
2021,Sachsen-Anhalt,Baden-Wurttemberg,336,229,565,829,774,1603
2021,Sachsen-Anhalt,Bayern,449,255,704,1147,928,2075
2021,Sachsen-Anhalt,Saarland,48,27,75,78,50,128
2021,Sachsen-Anhalt,Berlin,464,354,818,1155,1140,2295
2021,Sachsen-Anhalt,Brandenburg,122,81,203,976,1131,2107
2021,Sachsen-Anhalt,Mecklenburg-Vorpommern,53,35,88,568,633,1201
2021,Sachsen-Anhalt,Sachsen,435,340,775,2846,2992,5838
2021,Sachsen-Anhalt,Sachsen-Anhalt,0,0,0,0,0,0
2021,Sachsen-Anhalt,Thuringen,150,89,239,1217,1312,2529
2021,Sachsen-Anhalt,Insgesamt,4449,3091,7540,14948,14579,29527
2021,Thuringen,Schleswig-Holstein,88,63,151,324,297,621
2021,Thuringen,Hamburg,133,111,244,316,331,647
2021,Thuringen,Niedersachsen,388,310,698,1270,1301,2571
2021,Thuringen,Bremen,30,24,54,72,54,126
2021,Thuringen,Nordrhein-Westfalen,1053,862,1915,1805,1665,3470
2021,Thuringen,Hessen,377,280,657,1444,1488,2932
2021,Thuringen,Rheinland-Pfalz,138,97,235,359,365,724
2021,Thuringen,Baden-Wurttemberg,480,318,798,1161,1035,2196
2021,Thuringen,Bayern,710,500,1210,2469,2418,4887
2021,Thuringen,Saarland,44,28,72,71,64,135
2021,Thuringen,Berlin,257,182,439,745,726,1471
2021,Thuringen,Brandenburg,68,38,106,433,437,870
2021,Thuringen,Mecklenburg-Vorpommern,48,33,81,463,479,942
2021,Thuringen,Sachsen,326,246,572,2712,2920,5632
2021,Thuringen,Sachsen-Anhalt,162,105,267,1327,1346,2673
2021,Thuringen,Thuringen,0,0,0,0,0,0
2021,Thuringen,Insgesamt,4302,3197,7499,14971,14926,29897
2021,Insgesamt,Schleswig-Holstein,5142,3845,8987,29732,31413,61145
2021,Insgesamt,Hamburg,6113,4785,10898,26133,26979,53112
2021,Insgesamt,Niedersachsen,13445,10132,23577,59679,60521,120200
2021,Insgesamt,Bremen,2912,2083,4995,9924,9562,19486
2021,Insgesamt,Nordrhein-Westfalen,25711,19707,45418,70539,69176,139715
2021,Insgesamt,Hessen,13382,9955,23337,44063,43254,87317
2021,Insgesamt,Rheinland-Pfalz,9466,6980,16446,35756,35409,71165
2021,Insgesamt,Baden-Wurttemberg,19256,13208,32464,59312,56227,115539
2021,Insgesamt,Bayern,21015,13722,34737,62218,56078,118296
2021,Insgesamt,Saarland,1845,1404,3249,6049,5954,12003
2021,Insgesamt,Berlin,10619,8231,18850,36790,36512,73302
2021,Insgesamt,Brandenburg,4199,3411,7610,29376,29364,58740
2021,Insgesamt,Mecklenburg-Vorpommern,1689,1202,2891,14232,14728,28960
2021,Insgesamt,Sachsen,5104,3332,8436,24166,23487,47653
2021,Insgesamt,Sachsen-Anhalt,3160,2058,5218,15514,14807,30321
2021,Insgesamt,Thuringen,3147,2030,5177,13989,13659,27648
2021,Insgesamt,Insgesamt,146205,106085,252290,537472,527130,1064602