year,years,foreigners male arrivals,foreigners male departures,foreigners male balance,foreigners female arrivals,foreigners female departures,foreigners female balance,foreigners total arrivals,foreigners total departures,foreigners total balance,total male arrivals,total male departures,total male balance,total female arrivals,total female departures,total female balance,total arrivals,total departures,total balance
2000,under 1 year,1907,1427,480,1640,1195,445,3547,2622,925,7098,5564,1534,5946,4540,1406,13044,10104,2940
2000,1 year,3664,3401,263,3304,3149,155,6968,6550,418,12737,11919,818,12098,11283,815,24835,23202,1633
2000,2 years,3372,3456,-84,3201,3282,-81,6573,6738,-165,11602,11046,556,11107,10530,577,22709,21576,1133
2000,3 years,3377,3724,-347,3166,3480,-314,6543,7204,-661,11227,11055,172,10659,10445,214,21886,21500,386
2000,4 years,3063,3484,-421,3030,3312,-282,6093,6796,-703,9725,9649,76,9497,9295,202,19222,18944,278
2000,5 years,2965,3226,-261,2891,3192,-301,5856,6418,-562,9012,8675,337,8766,8557,209,17778,17232,546
2000,6 years,2926,3472,-546,2829,3168,-339,5755,6640,-885,8959,9030,-71,8602,8400,202,17561,17430,131
2000,7 years,2820,3239,-419,2695,3108,-413,5515,6347,-832,8326,8250,76,7940,7951,-11,16266,16201,65
2000,8 years,2810,2989,-179,2582,2751,-169,5392,5740,-348,8256,7761,495,7742,7178,564,15998,14939,1059
2000,9 years,2594,2751,-157,2534,2497,37,5128,5248,-120,7892,7334,558,7588,6898,690,15480,14232,1248
2000,10 years,2613,2698,-85,2359,2354,5,4972,5052,-80,8618,7875,743,8057,7281,776,16675,15156,1519
2000,11 years,2587,2430,157,2346,2235,111,4933,4665,268,8353,7421,932,7973,7011,962,16326,14432,1894
2000,12 years,2583,2354,229,2283,2181,102,4866,4535,331,8450,7262,1188,7871,6901,970,16321,14163,2158
2000,13 years,2437,2161,276,2224,1974,250,4661,4135,526,8336,7035,1301,7782,6487,1295,16118,13522,2596
2000,14 years,2476,2084,392,2104,1867,237,4580,3951,629,7915,6506,1409,7300,6030,1270,15215,12536,2679
2000,15 years,2796,2053,743,2465,1861,604,5261,3914,1347,8062,6342,1720,7485,5872,1613,15547,12214,3333
2000,16 years,4021,2463,1558,3060,2124,936,7081,4587,2494,9801,7269,2532,8946,7030,1916,18747,14299,4448
2000,17 years,5105,3343,1762,3864,2466,1398,8969,5809,3160,11690,9050,2640,10828,8476,2352,22518,17526,4992
2000,18 years,5839,4724,1115,6475,3547,2928,12314,8271,4043,14059,11620,2439,17319,13178,4141,31378,24798,6580
2000,19 years,8657,6567,2090,11484,5544,5940,20141,12111,8030,18650,15204,3446,28013,20866,7147,46663,36070,10593
2000,20 years,12582,8883,3699,15350,8098,7252,27932,16981,10951,27883,22761,5122,37602,29298,8304,65485,52059,13426
2000,21 years,14596,11500,3096,16837,10476,6361,31433,21976,9457,33120,28763,4357,38940,31686,7254,72060,60449,11611
2000,22 years,17383,13261,4122,17741,11054,6687,35124,24315,10809,35244,29967,5277,38837,31366,7471,74081,61333,12748
2000,23 years,18778,14354,4424,17081,11043,6038,35859,25397,10462,37016,31689,5327,37282,30559,6723,74298,62248,12050
2000,24 years,19465,15490,3975,15863,10627,5236,35328,26117,9211,37053,32042,5011,34226,28330,5896,71279,60372,10907
2000,25 years,19605,16363,3242,14129,9969,4160,33734,26332,7402,36092,31928,4164,31129,26573,4556,67221,58501,8720
2000,26 years,18620,16210,2410,12316,9207,3109,30936,25417,5519,35321,32287,3034,28747,25365,3382,64068,57652,6416
2000,27 years,17209,15627,1582,11319,8456,2863,28528,24083,4445,34266,32099,2167,27431,24268,3163,61697,56367,5330
2000,28 years,17124,15820,1304,10599,8219,2380,27723,24039,3684,34556,32840,1716,26858,24360,2498,61414,57200,4214
2000,29 years,16051,15078,973,9771,7764,2007,25822,22842,2980,34701,33417,1284,26037,24020,2017,60738,57437,3301
2000,30 years,15883,15582,301,8923,7131,1792,24806,22713,2093,33772,33276,496,24308,22516,1792,58080,55792,2288
2000,31 years,14643,14540,103,7985,6842,1143,22628,21382,1246,32842,32588,254,22735,21560,1175,55577,54148,1429
2000,32 years,13813,14109,-296,7356,6353,1003,21169,20462,707,31766,31995,-229,21744,20736,1008,53510,52731,779
2000,33 years,12505,12990,-485,6570,5829,741,19075,18819,256,29673,30033,-360,20218,19297,921,49891,49330,561
2000,34 years,11772,12363,-591,5847,5196,651,17619,17559,60,28082,28387,-305,18501,17630,871,46583,46017,566
2000,35 years,11429,12020,-591,5565,5004,561,16994,17024,-30,26304,26568,-264,17096,16340,756,43400,42908,492
2000,36 years,10794,11490,-696,5115,4511,604,15909,16001,-92,24839,25045,-206,15715,14793,922,40554,39838,716
2000,37 years,10199,10964,-765,4578,4158,420,14777,15122,-345,23317,23544,-227,14565,13681,884,37882,37225,657
2000,38 years,9783,10461,-678,4336,3930,406,14119,14391,-272,21812,21853,-41,13440,12523,917,35252,34376,876
2000,39 years,8979,9556,-577,3872,3402,470,12851,12958,-107,19994,19881,113,12215,11246,969,32209,31127,1082
2000,40 years,9134,9839,-705,3812,3308,504,12946,13147,-201,19061,19058,3,11741,10515,1226,30802,29573,1229
2000,41 years,8400,8853,-453,3387,3032,355,11787,11885,-98,17675,17338,337,10724,9686,1038,28399,27024,1375
2000,42 years,7880,8408,-528,3185,2802,383,11065,11210,-145,16058,15887,171,9774,8663,1111,25832,24550,1282
2000,43 years,7419,7700,-281,2904,2559,345,10323,10259,64,15085,14646,439,9006,7997,1009,24091,22643,1448
2000,44 years,7277,7839,-562,2746,2424,322,10023,10263,-240,14334,14226,108,8358,7380,978,22692,21606,1086
2000,45 years,6849,7248,-399,2558,2308,250,9407,9556,-149,13634,13271,363,8033,7080,953,21667,20351,1316
2000,46 years,6285,6577,-292,2365,2121,244,8650,8698,-48,12545,12215,330,7613,6669,944,20158,18884,1274
2000,47 years,5579,5867,-288,2155,1957,198,7734,7824,-90,11273,10982,291,7058,6272,786,18331,17254,1077
2000,48 years,5087,5320,-233,2080,1886,194,7167,7206,-39,10524,10152,372,6744,5929,815,17268,16081,1187
2000,49 years,4483,4740,-257,1960,1675,285,6443,6415,28,9639,9363,276,6499,5556,943,16138,14919,1219
2000,50 years,4148,4522,-374,1999,1731,268,6147,6253,-106,9148,8935,213,6232,5381,851,15380,14316,1064
2000,51 years,3516,3981,-465,1823,1667,156,5339,5648,-309,8064,7950,114,5804,5201,603,13868,13151,717
2000,52 years,3091,3395,-304,1682,1567,115,4773,4962,-189,7004,6896,108,4969,4489,480,11973,11385,588
2000,53 years,2749,3072,-323,1621,1489,132,4370,4561,-191,6147,6143,4,4735,4239,496,10882,10382,500
2000,54 years,2227,2559,-332,1414,1364,50,3641,3923,-282,5006,5118,-112,3797,3523,274,8803,8641,162
2000,55 years,1726,2031,-305,1219,1173,46,2945,3204,-259,4096,4248,-152,3204,3077,127,7300,7325,-25
2000,56 years,1502,1795,-293,1089,1175,-86,2591,2970,-379,4460,4653,-193,3548,3546,2,8008,8199,-191
2000,57 years,1230,1512,-282,968,1077,-109,2198,2589,-391,4236,4314,-78,3454,3430,24,7690,7744,-54
2000,58 years,1132,1485,-353,1045,1093,-48,2177,2578,-401,4090,4195,-105,3775,3601,174,7865,7796,69
2000,59 years,1084,1278,-194,1028,1000,28,2112,2278,-166,4499,4412,87,4372,3943,429,8871,8355,516
2000,60 years,1142,1781,-639,1118,1364,-246,2260,3145,-885,5120,5446,-326,5165,5053,112,10285,10499,-214
2000,61 years,1123,1684,-561,1096,1278,-182,2219,2962,-743,4898,5122,-224,4883,4653,230,9781,9775,6
2000,62 years,1140,1505,-365,1031,1173,-142,2171,2678,-507,4355,4403,-48,4320,4054,266,8675,8457,218
2000,63 years,1055,1503,-448,991,1052,-61,2046,2555,-509,4283,4387,-104,4065,3623,442,8348,8010,338
2000,64 years,807,1260,-453,874,1008,-134,1681,2268,-587,3588,3751,-163,3521,3270,251,7109,7021,88
2000,65 years,765,1354,-589,837,921,-84,1602,2275,-673,3477,3700,-223,3306,3099,207,6783,6799,-16
2000,66 years,689,1116,-427,691,810,-119,1380,1926,-546,2673,2913,-240,2792,2699,93,5465,5612,-147
2000,67 years,587,967,-380,640,758,-118,1227,1725,-498,2059,2284,-225,2311,2197,114,4370,4481,-111
2000,68 years,564,815,-251,635,648,-13,1199,1463,-264,2013,2100,-87,2276,2054,222,4289,4154,135
2000,69 years,411,607,-196,516,593,-77,927,1200,-273,1850,1868,-18,2165,2035,130,4015,3903,112
2000,70 years,432,636,-204,590,664,-74,1022,1300,-278,1926,1965,-39,2385,2217,168,4311,4182,129
2000,71 years,397,481,-84,469,478,-9,866,959,-93,1826,1712,114,2329,2091,238,4155,3803,352
2000,72 years,312,391,-79,488,539,-51,800,930,-130,1605,1538,67,2333,2133,200,3938,3671,267
2000,73 years,275,322,-47,425,436,-11,700,758,-58,1414,1316,98,2212,2017,195,3626,3333,293
2000,74 years,228,255,-27,388,409,-21,616,664,-48,1220,1134,86,2171,1970,201,3391,3104,287
2000,75 years,195,238,-43,365,374,-9,560,612,-52,1108,1045,63,2203,2026,177,3311,3071,240
2000,76 years,171,175,-4,293,245,48,464,420,44,899,837,62,2103,1897,206,3002,2734,268
2000,77 years,139,169,-30,300,273,27,439,442,-3,910,866,44,2047,1882,165,2957,2748,209
2000,78 years,127,133,-6,233,242,-9,360,375,-15,789,759,30,2004,1957,47,2793,2716,77
2000,79 years,110,117,-7,207,200,7,317,317,0,793,785,8,2100,2053,47,2893,2838,55
2000,80 years,118,133,-15,163,195,-32,281,328,-47,816,816,0,2158,2123,35,2974,2939,35
2000,81 years,72,73,-1,175,144,31,247,217,30,604,581,23,1699,1610,89,2303,2191,112
2000,82 years,38,54,-16,122,93,29,160,147,13,373,374,-1,1218,1128,90,1591,1502,89
2000,83 years,50,43,7,89,78,11,139,121,18,332,319,13,969,948,21,1301,1267,34
2000,84 years,42,39,3,81,78,3,123,117,6,337,324,13,1137,1107,30,1474,1431,43
2000,85 years,47,47,0,76,77,-1,123,124,-1,395,389,6,1290,1290,0,1685,1679,6
2000,86 years,31,36,-5,79,81,-2,110,117,-7,411,412,-1,1540,1511,29,1951,1923,28
2000,87 years,29,40,-11,61,67,-6,90,107,-17,428,443,-15,1474,1461,13,1902,1904,-2
2000,88 years,29,31,-2,55,52,3,84,83,1,366,383,-17,1324,1303,21,1690,1686,4
2000,89 years,21,20,1,42,49,-7,63,69,-6,264,261,3,1029,1025,4,1293,1286,7
2000,90 years,16,32,-16,43,80,-37,59,112,-53,227,245,-18,923,959,-36,1150,1204,-54
2000,91 years,5,17,-12,18,29,-11,23,46,-23,183,194,-11,688,696,-8,871,890,-19
2000,92 years,7,9,-2,24,22,2,31,31,0,140,141,-1,599,594,5,739,735,4
2000,93 years,11,9,2,17,15,2,28,24,4,103,101,2,440,428,12,543,529,14
2000,94 years,2,3,-1,13,13,0,15,16,-1,77,78,-1,322,316,6,399,394,5
2000,95 years and over,27,28,-1,46,49,-3,73,77,-4,201,197,4,648,643,5,849,840,9
2000,Total,461836,442851,18985,322018,254549,67469,783854,697400,86454,1065059,1004023,61036,912732,806653,106079,1977791,1810676,167115
2001,under 1 year,1848,822,1026,1600,659,941,3448,1481,1967,6880,4760,2120,5706,3851,1855,12586,8611,3975
2001,1 year,3691,2252,1439,3030,1976,1054,6721,4228,2493,13625,11172,2453,11219,9205,2014,24844,20377,4467
2001,2 years,3514,2472,1042,3201,2302,899,6715,4774,1941,12134,10326,1808,11229,9689,1540,23363,20015,3348
2001,3 years,3207,2406,801,3037,2361,676,6244,4767,1477,11242,9777,1465,10714,9408,1306,21956,19185,2771
2001,4 years,3217,2463,754,2961,2325,636,6178,4788,1390,10263,8894,1369,9631,8391,1240,19894,17285,2609
2001,5 years,3046,2299,747,3037,2303,734,6083,4602,1481,9548,8270,1278,9159,7840,1319,18707,16110,2597
2001,6 years,3071,2465,606,2794,2255,539,5865,4720,1145,9169,8104,1065,8593,7525,1068,17762,15629,2133
2001,7 years,2929,2349,580,2714,2218,496,5643,4567,1076,8650,7556,1094,8064,7024,1040,16714,14580,2134
2001,8 years,2826,2089,737,2609,1919,690,5435,4008,1427,8031,6553,1478,7605,6255,1350,15636,12808,2828
2001,9 years,2677,1922,755,2612,1793,819,5289,3715,1574,8043,6551,1492,7719,6177,1542,15762,12728,3034
2001,10 years,2761,1938,823,2424,1701,723,5185,3639,1546,8280,6679,1601,7849,6382,1467,16129,13061,3068
2001,11 years,2633,1828,805,2417,1622,795,5050,3450,1600,8617,6894,1723,8203,6606,1597,16820,13500,3320
2001,12 years,2606,1683,923,2385,1558,827,4991,3241,1750,8472,6637,1835,8088,6308,1780,16560,12945,3615
2001,13 years,2645,1679,966,2407,1570,837,5052,3249,1803,8720,6752,1968,8317,6529,1788,17037,13281,3756
2001,14 years,2682,1575,1107,2388,1422,966,5070,2997,2073,8513,6380,2133,7953,5959,1994,16466,12339,4127
2001,15 years,2985,1495,1490,2509,1418,1091,5494,2913,2581,8494,5949,2545,7846,5713,2133,16340,11662,4678
2001,16 years,4909,1936,2973,3342,1721,1621,8251,3657,4594,10955,6947,4008,9420,6753,2667,20375,13700,6675
2001,17 years,5845,2725,3120,3924,2088,1836,9769,4813,4956,12806,8733,4073,11426,8473,2953,24232,17206,7026
2001,18 years,6682,3748,2934,6551,3137,3414,13233,6885,6348,15307,10991,4316,17690,12992,4698,32997,23983,9014
2001,19 years,10059,5531,4528,12169,5163,7006,22228,10694,11534,21016,14985,6031,29617,21230,8387,50633,36215,14418
2001,20 years,13235,7582,5653,16085,7889,8196,29320,15471,13849,28906,21988,6918,39332,29971,9361,68238,51959,16279
2001,21 years,16239,10407,5832,18211,10418,7793,34450,20825,13625,36127,29090,7037,43211,34422,8789,79338,63512,15826
2001,22 years,18797,11823,6974,19339,11228,8111,38136,23051,15085,38539,30467,8072,42110,33288,8822,80649,63755,16894
2001,23 years,20978,13530,7448,19164,11511,7653,40142,25041,15101,40361,32058,8303,41072,32694,8378,81433,64752,16681
2001,24 years,21297,14365,6932,17515,10826,6689,38812,25191,13621,40538,32712,7826,38156,30872,7284,78694,63584,15110
2001,25 years,20938,14861,6077,15550,10088,5462,36488,24949,11539,39252,32309,6943,34290,28403,5887,73542,60712,12830
2001,26 years,20394,15089,5305,13495,8957,4538,33889,24046,9843,38125,32115,6010,31285,26315,4970,69410,58430,10980
2001,27 years,19353,14888,4465,12185,7976,4209,31538,22864,8674,36592,31611,4981,28920,24419,4501,65512,56030,9482
2001,28 years,18084,14464,3620,11237,7845,3392,29321,22309,7012,34977,30900,4077,26888,23321,3567,61865,54221,7644
2001,29 years,17285,14391,2894,10539,7362,3177,27824,21753,6071,34478,31217,3261,25815,22450,3365,60293,53667,6626
2001,30 years,15710,13772,1938,9514,6732,2782,25224,20504,4720,33587,31485,2102,24874,22026,2848,58461,53511,4950
2001,31 years,15947,13918,2029,8827,6390,2437,24774,20308,4466,33213,31021,2192,23106,20569,2537,56319,51590,4729
2001,32 years,14234,13040,1194,7780,5757,2023,22014,18797,3217,31134,29735,1399,21671,19595,2076,52805,49330,3475
2001,33 years,13467,12746,721,7232,5453,1779,20699,18199,2500,30333,29418,915,20682,18692,1990,51015,48110,2905
2001,34 years,12058,11527,531,6534,4916,1618,18592,16443,2149,27954,27152,802,19181,17345,1836,47135,44497,2638
2001,35 years,11541,11112,429,5923,4489,1434,17464,15601,1863,26467,25791,676,17583,15855,1728,44050,41646,2404
2001,36 years,11364,11052,312,5614,4365,1249,16978,15417,1561,25438,24884,554,16574,15093,1481,42012,39977,2035
2001,37 years,10233,10185,48,4988,3983,1005,15221,14168,1053,23615,23146,469,15261,13956,1305,38876,37102,1774
2001,38 years,9908,9795,113,4671,3722,949,14579,13517,1062,22323,21675,648,14234,12830,1404,36557,34505,2052
2001,39 years,9618,9389,229,4349,3365,984,13967,12754,1213,21052,20204,848,13111,11637,1474,34163,31841,2322
2001,40 years,8658,8669,-11,4075,3109,966,12733,11778,955,19334,18750,584,12546,10944,1602,31880,29694,2186
2001,41 years,8834,8906,-72,3926,2996,930,12760,11902,858,18549,17838,711,11619,10015,1604,30168,27853,2315
2001,42 years,7685,7940,-255,3476,2708,768,11161,10648,513,16515,16178,337,10744,9264,1480,27259,25442,1817
2001,43 years,7576,7810,-234,3057,2447,610,10633,10257,376,15697,15272,425,9625,8290,1335,25322,23562,1760
2001,44 years,7300,7440,-140,2869,2311,558,10169,9751,418,14812,14248,564,8968,7748,1220,23780,21996,1784
2001,45 years,6912,7109,-197,2795,2240,555,9707,9349,358,13625,13178,447,8492,7251,1241,22117,20429,1688
2001,46 years,6389,6661,-272,2708,2165,543,9097,8826,271,13036,12660,376,8276,7009,1267,21312,19669,1643
2001,47 years,5742,6203,-461,2394,1992,402,8136,8195,-59,11876,11669,207,7600,6476,1124,19476,18145,1331
2001,48 years,5230,5590,-360,2165,1772,393,7395,7362,33,10918,10700,218,7029,5989,1040,17947,16689,1258
2001,49 years,4578,4925,-347,1996,1698,298,6574,6623,-49,9897,9558,339,6579,5662,917,16476,15220,1256
2001,50 years,3814,4264,-450,1916,1645,271,5730,5909,-179,9022,8785,237,6369,5453,916,15391,14238,1153
2001,51 years,3687,3944,-257,1924,1683,241,5611,5627,-16,8364,8067,297,6068,5249,819,14432,13316,1116
2001,52 years,3202,3621,-419,1731,1493,238,4933,5114,-181,7599,7452,147,5694,4873,821,13293,12325,968
2001,53 years,2770,3113,-343,1608,1447,161,4378,4560,-182,6638,6525,113,5011,4396,615,11649,10921,728
2001,54 years,2511,2710,-199,1550,1381,169,4061,4091,-30,5855,5675,180,4434,3912,522,10289,9587,702
2001,55 years,1957,2170,-213,1370,1257,113,3327,3427,-100,4646,4595,51,3765,3429,336,8411,8024,387
2001,56 years,1555,1767,-212,1185,1100,85,2740,2867,-127,3852,3900,-48,3250,3020,230,7102,6920,182
2001,57 years,1297,1594,-297,1003,1048,-45,2300,2642,-342,4169,4320,-151,3497,3418,79,7666,7738,-72
2001,58 years,1141,1390,-249,893,933,-40,2034,2323,-289,4010,4094,-84,3443,3294,149,7453,7388,65
2001,59 years,1030,1267,-237,969,1062,-93,1999,2329,-330,3892,3896,-4,3717,3505,212,7609,7401,208
2001,60 years,1024,1593,-569,1050,1187,-137,2074,2780,-706,4872,5120,-248,4693,4486,207,9565,9606,-41
2001,61 years,1035,1666,-631,1153,1363,-210,2188,3029,-841,4782,5119,-337,4881,4724,157,9663,9843,-180
2001,62 years,992,1418,-426,936,1098,-162,1928,2516,-588,4472,4570,-98,4296,3991,305,8768,8561,207
2001,63 years,1015,1454,-439,1072,1096,-24,2087,2550,-463,4473,4552,-79,4260,3765,495,8733,8317,416
2001,64 years,856,1232,-376,1022,1022,0,1878,2254,-376,3674,3721,-47,3844,3382,462,7518,7103,415
2001,65 years,794,1298,-504,844,921,-77,1638,2219,-581,3518,3679,-161,3451,3095,356,6969,6774,195
2001,66 years,650,1025,-375,705,838,-133,1355,1863,-508,2843,2943,-100,3125,2879,246,5968,5822,146
2001,67 years,620,920,-300,627,705,-78,1247,1625,-378,2380,2505,-125,2582,2418,164,4962,4923,39
2001,68 years,505,809,-304,558,660,-102,1063,1469,-406,1938,2066,-128,2129,2051,78,4067,4117,-50
2001,69 years,471,740,-269,555,650,-95,1026,1390,-364,1854,1946,-92,2185,2042,143,4039,3988,51
2001,70 years,383,584,-201,484,546,-62,867,1130,-263,1742,1752,-10,2141,1903,238,3883,3655,228
2001,71 years,377,548,-171,507,584,-77,884,1132,-248,1741,1709,32,2233,2095,138,3974,3804,170
2001,72 years,339,428,-89,421,507,-86,760,935,-175,1550,1495,55,2166,1997,169,3716,3492,224
2001,73 years,256,342,-86,394,414,-20,650,756,-106,1416,1342,74,2213,1991,222,3629,3333,296
2001,74 years,201,293,-92,364,408,-44,565,701,-136,1225,1188,37,2064,1904,160,3289,3092,197
2001,75 years,203,264,-61,349,371,-22,552,635,-83,1097,1056,41,2100,1893,207,3197,2949,248
2001,76 years,169,230,-61,330,321,9,499,551,-52,1002,1005,-3,2134,1973,161,3136,2978,158
2001,77 years,150,174,-24,263,279,-16,413,453,-40,877,841,36,1963,1858,105,2840,2699,141
2001,78 years,114,140,-26,236,244,-8,350,384,-34,761,754,7,1885,1830,55,2646,2584,62
2001,79 years,122,124,-2,233,215,18,355,339,16,731,714,17,1952,1887,65,2683,2601,82
2001,80 years,81,132,-51,199,228,-29,280,360,-80,680,719,-39,1998,1987,11,2678,2706,-28
2001,81 years,87,110,-23,169,181,-12,256,291,-35,685,706,-21,2016,1997,19,2701,2703,-2
2001,82 years,76,70,6,132,130,2,208,200,8,535,506,29,1576,1536,40,2111,2042,69
2001,83 years,43,53,-10,103,78,25,146,131,15,335,339,-4,1097,1056,41,1432,1395,37
2001,84 years,36,44,-8,79,65,14,115,109,6,291,297,-6,931,908,23,1222,1205,17
2001,85 years,37,43,-6,69,69,0,106,112,-6,332,336,-4,979,974,5,1311,1310,1
2001,86 years,33,37,-4,78,62,16,111,99,12,339,340,-1,1208,1168,40,1547,1508,39
2001,87 years,27,38,-11,72,67,5,99,105,-6,378,385,-7,1419,1382,37,1797,1767,30
2001,88 years,25,27,-2,51,60,-9,76,87,-11,350,344,6,1319,1326,-7,1669,1670,-1
2001,89 years,27,28,-1,41,57,-16,68,85,-17,313,310,3,1144,1155,-11,1457,1465,-8
2001,90 years,16,34,-18,30,60,-30,46,94,-48,259,279,-20,886,909,-23,1145,1188,-43
2001,91 years,13,26,-13,34,40,-6,47,66,-19,172,189,-17,761,771,-10,933,960,-27
2001,92 years,8,11,-3,17,18,-1,25,29,-4,144,144,0,599,606,-7,743,750,-7
2001,93 years,5,9,-4,18,19,-1,23,28,-5,94,98,-4,465,457,8,559,555,4
2001,94 years,5,8,-3,9,19,-10,14,27,-13,93,93,0,334,341,-7,427,434,-7
2001,95 years and over,19,46,-27,35,79,-44,54,125,-71,187,213,-26,662,695,-33,849,908,-59
2001,Total,487195,406425,80770,343712,235722,107990,830907,642147,188760,1106217,981032,125185,953821,803248,150573,2060038,1784280,275758
2002,under 1 year,1685,800,885,1434,696,738,3119,1496,1623,6506,4701,1805,5538,3964,1574,12044,8665,3379
2002,1 year,3241,2026,1215,2699,1760,939,5940,3786,2154,12637,10403,2234,10555,8773,1782,23192,19176,4016
2002,2 years,3070,2289,781,2582,1989,593,5652,4278,1374,12043,10554,1489,10093,8886,1207,22136,19440,2696
2002,3 years,2953,2365,588,2723,2347,376,5676,4712,964,10365,9284,1081,9728,8871,857,20093,18155,1938
2002,4 years,2750,2375,375,2777,2206,571,5527,4581,946,9410,8591,819,9223,8132,1091,18633,16723,1910
2002,5 years,2777,2333,444,2700,2160,540,5477,4493,984,9262,8291,971,8732,7764,968,17994,16055,1939
2002,6 years,2774,2525,249,2645,2347,298,5419,4872,547,8722,8172,550,8488,7861,627,17210,16033,1177
2002,7 years,2626,2272,354,2452,2139,313,5078,4411,667,7882,7181,701,7478,6800,678,15360,13981,1379
2002,8 years,2515,1919,596,2406,1907,499,4921,3826,1095,7380,6218,1162,7073,5972,1101,14453,12190,2263
2002,9 years,2457,1932,525,2305,1802,503,4762,3734,1028,7226,6115,1111,6970,5868,1102,14196,11983,2213
2002,10 years,2493,1851,642,2345,1744,601,4838,3595,1243,7487,6175,1312,7286,6083,1203,14773,12258,2515
2002,11 years,2497,1773,724,2350,1672,678,4847,3445,1402,7595,6093,1502,7279,5860,1419,14874,11953,2921
2002,12 years,2502,1701,801,2256,1536,720,4758,3237,1521,7908,6382,1526,7329,5960,1369,15237,12342,2895
2002,13 years,2569,1680,889,2248,1515,733,4817,3195,1622,7906,6188,1718,7335,5892,1443,15241,12080,3161
2002,14 years,2544,1586,958,2330,1459,871,4874,3045,1829,7941,6183,1758,7466,5738,1728,15407,11921,3486
2002,15 years,2823,1513,1310,2505,1510,995,5328,3023,2305,7964,5777,2187,7330,5547,1783,15294,11324,3970
2002,16 years,3874,1953,1921,3131,1667,1464,7005,3620,3385,9593,6765,2828,8799,6418,2381,18392,13183,5209
2002,17 years,4971,2859,2112,3822,2060,1762,8793,4919,3874,11343,8480,2863,10915,8245,2670,22258,16725,5533
2002,18 years,6124,4251,1873,6392,3161,3231,12516,7412,5104,14623,11477,3146,17129,12780,4349,31752,24257,7495
2002,19 years,9186,5695,3491,11984,5080,6904,21170,10775,10395,19376,14575,4801,29177,21138,8039,48553,35713,12840
2002,20 years,12958,8038,4920,15973,8394,7579,28931,16432,12499,28529,22475,6054,40565,31971,8594,69094,54446,14648
2002,21 years,15232,10596,4636,18420,11016,7404,33652,21612,12040,35073,29383,5690,43095,34952,8143,78168,64335,13833
2002,22 years,18580,12701,5879,19634,12257,7377,38214,24958,13256,38614,31908,6706,43855,35986,7869,82469,67894,14575
2002,23 years,19991,13983,6008,19516,12629,6887,39507,26612,12895,39912,33098,6814,42295,34872,7423,82207,67970,14237
2002,24 years,20891,15309,5582,18233,12150,6083,39124,27459,11665,40445,34176,6269,38933,32449,6484,79378,66625,12753
2002,25 years,19981,15447,4534,15640,10808,4832,35621,26255,9366,39142,33969,5173,35200,30055,5145,74342,64024,10318
2002,26 years,19142,15448,3694,13486,9636,3850,32628,25084,7544,37387,33221,4166,32017,28049,3968,69404,61270,8134
2002,27 years,18555,15492,3063,12115,8512,3603,30670,24004,6666,35907,32427,3480,28472,24753,3719,64379,57180,7199
2002,28 years,17600,14931,2669,11227,8005,3222,28827,22936,5891,34367,31442,2925,26285,23026,3259,60652,54468,6184
2002,29 years,15993,14036,1957,10190,7325,2865,26183,21361,4822,31148,28970,2178,23781,20889,2892,54929,49859,5070
2002,30 years,15640,14297,1343,9509,7018,2491,25149,21315,3834,31300,29758,1542,23063,20460,2603,54363,50218,4145
2002,31 years,14344,13280,1064,8455,6423,2032,22799,19703,3096,30357,29250,1107,21753,19755,1998,52110,49005,3105
2002,32 years,14532,13461,1071,8078,6182,1896,22610,19643,2967,29665,28481,1184,20340,18434,1906,50005,46915,3090
2002,33 years,13153,12867,286,7129,5598,1531,20282,18465,1817,28035,27593,442,19297,17667,1630,47332,45260,2072
2002,34 years,12006,12042,-36,6598,5141,1457,18604,17183,1421,26743,26660,83,18043,16607,1436,44786,43267,1519
2002,35 years,11026,11012,14,5844,4739,1105,16870,15751,1119,25300,25201,99,16893,15676,1217,42193,40877,1316
2002,36 years,10566,10666,-100,5173,4244,929,15739,14910,829,23898,23841,57,15498,14489,1009,39396,38330,1066
2002,37 years,10336,10458,-122,4904,3868,1036,15240,14326,914,22783,22663,120,14460,13332,1128,37243,35995,1248
2002,38 years,9469,9751,-282,4685,3745,940,14154,13496,658,21243,21280,-37,13705,12537,1168,34948,33817,1131
2002,39 years,9111,9355,-244,4242,3371,871,13353,12726,627,20291,20198,93,12831,11654,1177,33122,31852,1270
2002,40 years,8530,8871,-341,4199,3419,780,12729,12290,439,18604,18500,104,12278,11060,1218,30882,29560,1322
2002,41 years,7825,8093,-268,3482,2718,764,11307,10811,496,17367,17102,265,11092,9835,1257,28459,26937,1522
2002,42 years,7964,8278,-314,3533,2807,726,11497,11085,412,16770,16473,297,10466,9217,1249,27236,25690,1546
2002,43 years,7310,7578,-268,3193,2628,565,10503,10206,297,15557,15186,371,9835,8767,1068,25392,23953,1439
2002,44 years,6975,7304,-329,2967,2344,623,9942,9648,294,14192,13937,255,8871,7775,1096,23063,21712,1351
2002,45 years,6548,6897,-349,2729,2216,513,9277,9113,164,13298,13292,6,8363,7373,990,21661,20665,996
2002,46 years,6273,6767,-494,2580,2096,484,8853,8863,-10,12403,12463,-60,7950,6891,1059,20353,19354,999
2002,47 years,5881,6282,-401,2470,2041,429,8351,8323,28,11763,11657,106,7466,6468,998,19229,18125,1104
2002,48 years,5264,5582,-318,2309,1843,466,7573,7425,148,10917,10705,212,7208,6192,1016,18125,16897,1228
2002,49 years,4536,4964,-428,2041,1691,350,6577,6655,-78,9701,9635,66,6473,5575,898,16174,15210,964
2002,50 years,4085,4442,-357,2046,1693,353,6131,6135,-4,8970,8817,153,6424,5579,845,15394,14396,998
2002,51 years,3409,3753,-344,1832,1536,296,5241,5289,-48,8169,7973,196,5974,5183,791,14143,13156,987
2002,52 years,3366,3647,-281,1788,1580,208,5154,5227,-73,7704,7560,144,5689,4956,733,13393,12516,877
2002,53 years,3014,3164,-150,1643,1457,186,4657,4621,36,7172,6905,267,5301,4554,747,12473,11459,1014
2002,54 years,2416,2625,-209,1567,1397,170,3983,4022,-39,5921,5755,166,4674,4101,573,10595,9856,739
2002,55 years,2185,2403,-218,1469,1358,111,3654,3761,-107,5314,5229,85,4250,3820,430,9564,9049,515
2002,56 years,1854,2003,-149,1204,1198,6,3058,3201,-143,4443,4385,58,3505,3303,202,7948,7688,260
2002,57 years,1251,1513,-262,1073,1054,19,2324,2567,-243,3496,3580,-84,3157,3006,151,6653,6586,67
2002,58 years,1139,1335,-196,886,948,-62,2025,2283,-258,3998,4088,-90,3331,3281,50,7329,7369,-40
2002,59 years,969,1170,-201,886,957,-71,1855,2127,-272,3795,3857,-62,3390,3335,55,7185,7192,-7
2002,60 years,922,1462,-540,917,1053,-136,1839,2515,-676,4014,4373,-359,3890,3843,47,7904,8216,-312
2002,61 years,904,1340,-436,908,1053,-145,1812,2393,-581,4548,4740,-192,4448,4320,128,8996,9060,-64
2002,62 years,917,1372,-455,1012,1120,-108,1929,2492,-563,4510,4716,-206,4381,4170,211,8891,8886,5
2002,63 years,952,1399,-447,903,918,-15,1855,2317,-462,4343,4512,-169,3938,3637,301,8281,8149,132
2002,64 years,865,1255,-390,953,984,-31,1818,2239,-421,3890,3983,-93,3730,3390,340,7620,7373,247
2002,65 years,909,1372,-463,922,1012,-90,1831,2384,-553,3701,3842,-141,3589,3278,311,7290,7120,170
2002,66 years,710,1113,-403,701,809,-108,1411,1922,-511,3016,3191,-175,3052,2826,226,6068,6017,51
2002,67 years,573,892,-319,640,743,-103,1213,1635,-422,2543,2660,-117,2795,2586,209,5338,5246,92
2002,68 years,532,859,-327,529,635,-106,1061,1494,-433,2169,2343,-174,2285,2202,83,4454,4545,-91
2002,69 years,451,773,-322,518,618,-100,969,1391,-422,1719,1929,-210,1911,1848,63,3630,3777,-147
2002,70 years,419,681,-262,510,558,-48,929,1239,-310,1563,1669,-106,1908,1783,125,3471,3452,19
2002,71 years,349,513,-164,442,496,-54,791,1009,-218,1482,1519,-37,1863,1749,114,3345,3268,77
2002,72 years,356,502,-146,431,468,-37,787,970,-183,1622,1614,8,2034,1864,170,3656,3478,178
2002,73 years,276,363,-87,380,401,-21,656,764,-108,1379,1368,11,1959,1807,152,3338,3175,163
2002,74 years,247,329,-82,364,378,-14,611,707,-96,1362,1331,31,1984,1791,193,3346,3122,224
2002,75 years,202,269,-67,316,359,-43,518,628,-110,1129,1095,34,1857,1735,122,2986,2830,156
2002,76 years,161,219,-58,288,328,-40,449,547,-98,1021,1000,21,1921,1805,116,2942,2805,137
2002,77 years,157,175,-18,292,265,27,449,440,9,891,857,34,2001,1836,165,2892,2693,199
2002,78 years,127,140,-13,239,231,8,366,371,-5,755,727,28,1934,1819,115,2689,2546,143
2002,79 years,102,122,-20,232,220,12,334,342,-8,761,729,32,1869,1758,111,2630,2487,143
2002,80 years,73,127,-54,175,202,-27,248,329,-81,635,669,-34,1963,1954,9,2598,2623,-25
2002,81 years,73,86,-13,148,145,3,221,231,-10,676,664,12,1889,1875,14,2565,2539,26
2002,82 years,76,84,-8,165,139,26,241,223,18,664,649,15,2029,1993,36,2693,2642,51
2002,83 years,57,49,8,103,99,4,160,148,12,503,474,29,1497,1477,20,2000,1951,49
2002,84 years,37,43,-6,79,55,24,116,98,18,312,313,-1,1059,1013,46,1371,1326,45
2002,85 years,33,39,-6,68,77,-9,101,116,-15,285,288,-3,942,942,0,1227,1230,-3
2002,86 years,25,23,2,52,38,14,77,61,16,275,265,10,959,946,13,1234,1211,23
2002,87 years,30,20,10,67,55,12,97,75,22,309,301,8,1164,1141,23,1473,1442,31
2002,88 years,30,39,-9,66,46,20,96,85,11,319,332,-13,1314,1280,34,1633,1612,21
2002,89 years,17,17,0,35,41,-6,52,58,-6,330,336,-6,1123,1146,-23,1453,1482,-29
2002,90 years,12,37,-25,32,51,-19,44,88,-44,264,291,-27,1030,1060,-30,1294,1351,-57
2002,91 years,12,17,-5,35,26,9,47,43,4,213,216,-3,829,807,22,1042,1023,19
2002,92 years,8,10,-2,20,27,-7,28,37,-9,161,170,-9,668,671,-3,829,841,-12
2002,93 years,6,10,-4,19,16,3,25,26,-1,136,138,-2,470,484,-14,606,622,-16
2002,94 years,4,11,-7,18,9,9,22,20,2,87,98,-11,369,367,2,456,465,-9
2002,95 years and over,33,37,-4,44,58,-14,77,95,-18,220,217,3,714,737,-23,934,954,-20
2002,Total,466988,421155,45833,339657,232715,106942,806645,653870,152775,1064669,984134,80535,931369,792559,138810,1996038,1776693,219345
2003,under 1 year,1450,745,705,1352,711,641,2802,1456,1346,5825,4266,1559,5508,4020,1488,11333,8286,3047
2003,1 year,2765,1907,858,2630,1776,854,5395,3683,1712,11358,9675,1683,10548,9008,1540,21906,18683,3223
2003,2 years,2451,2031,420,2230,1819,411,4681,3850,831,10496,9574,922,9538,8693,845,20034,18267,1767
2003,3 years,2502,2028,474,2195,1931,264,4697,3959,738,9950,9146,804,8891,8426,465,18841,17572,1269
2003,4 years,2381,2193,188,2230,1984,246,4611,4177,434,8615,8054,561,8111,7572,539,16726,15626,1100
2003,5 years,2378,2144,234,2335,2102,233,4713,4246,467,8073,7588,485,7863,7346,517,15936,14934,1002
2003,6 years,2344,2334,10,2251,2224,27,4595,4558,37,7899,7730,169,7520,7443,77,15419,15173,246
2003,7 years,2346,2212,134,2071,2040,31,4417,4252,165,7297,7004,293,6853,6611,242,14150,13615,535
2003,8 years,1992,1785,207,1972,1678,294,3964,3463,501,6574,5961,613,6207,5524,683,12781,11485,1296
2003,9 years,2118,1888,230,2013,1793,220,4131,3681,450,6324,5716,608,6194,5539,655,12518,11255,1263
2003,10 years,2047,1781,266,1922,1670,252,3969,3451,518,6447,5781,666,6067,5501,566,12514,11282,1232
2003,11 years,2132,1720,412,2012,1622,390,4144,3342,802,6534,5650,884,6280,5431,849,12814,11081,1733
2003,12 years,2080,1649,431,1956,1496,460,4036,3145,891,6525,5553,972,6005,5087,918,12530,10640,1890
2003,13 years,2043,1538,505,1883,1391,492,3926,2929,997,6773,5776,997,6426,5381,1045,13199,11157,2042
2003,14 years,2239,1588,651,1931,1461,470,4170,3049,1121,6653,5448,1205,6381,5393,988,13034,10841,2193
2003,15 years,2341,1518,823,2109,1433,676,4450,2951,1499,6931,5511,1420,6587,5249,1338,13518,10760,2758
2003,16 years,3488,2013,1475,2666,1660,1006,6154,3673,2481,8600,6510,2090,7929,6262,1667,16529,12772,3757
2003,17 years,4181,2440,1741,3332,1983,1349,7513,4423,3090,9969,7752,2217,9684,7549,2135,19653,15301,4352
2003,18 years,5381,3824,1557,5731,3156,2575,11112,6980,4132,13086,10733,2353,15793,12407,3386,28879,23140,5739
2003,19 years,8160,5263,2897,10598,4806,5792,18758,10069,8689,18259,14349,3910,27154,20409,6745,45413,34758,10655
2003,20 years,11142,7545,3597,14528,7764,6764,25670,15309,10361,27035,22492,4543,38166,30696,7470,65201,53188,12013
2003,21 years,14042,10511,3531,17148,10776,6372,31190,21287,9903,34536,30239,4297,42051,35107,6944,76587,65346,11241
2003,22 years,16173,12143,4030,18371,12121,6250,34544,24264,10280,35882,31227,4655,42002,35380,6622,77884,66607,11277
2003,23 years,19015,13978,5037,18594,12705,5889,37609,26683,10926,39211,33701,5510,41848,35634,6214,81059,69335,11724
2003,24 years,19201,14964,4237,17420,12238,5182,36621,27202,9419,38674,33972,4702,38431,32961,5470,77105,66933,10172
2003,25 years,18575,15360,3215,15277,11283,3994,33852,26643,7209,37912,34182,3730,34793,30673,4120,72705,64855,7850
2003,26 years,17751,14953,2798,12917,9771,3146,30668,24724,5944,37032,33963,3069,32036,28845,3191,69068,62808,6260
2003,27 years,16992,14888,2104,11702,8642,3060,28694,23530,5164,34771,32497,2274,29151,26157,2994,63922,58654,5268
2003,28 years,16219,14829,1390,10625,7911,2714,26844,22740,4104,32616,31179,1437,25725,23108,2617,58341,54287,4054
2003,29 years,15239,14377,862,9620,7435,2185,24859,21812,3047,30533,29689,844,23214,21105,2109,53747,50794,2953
2003,30 years,13946,13281,665,8712,6903,1809,22658,20184,2474,28078,27540,538,20881,19190,1691,48959,46730,2229
2003,31 years,13494,13295,199,7991,6526,1465,21485,19821,1664,27852,27736,116,19695,18305,1390,47547,46041,1506
2003,32 years,12374,12405,-31,7313,6020,1293,19687,18425,1262,26865,27039,-174,18959,17714,1245,45824,44753,1071
2003,33 years,12623,12932,-309,6710,5639,1071,19333,18571,762,26240,26767,-527,17582,16559,1023,43822,43326,496
2003,34 years,11332,11842,-510,6146,5090,1056,17478,16932,546,24541,25178,-637,16537,15538,999,41078,40716,362
2003,35 years,10784,11336,-552,5743,4895,848,16527,16231,296,23994,24665,-671,15763,15087,676,39757,39752,5
2003,36 years,9766,10630,-864,4930,4276,654,14696,14906,-210,22585,23619,-1034,14481,14001,480,37066,37620,-554
2003,37 years,9132,9771,-639,4525,3921,604,13657,13692,-35,21241,21971,-730,13528,12975,553,34769,34946,-177
2003,38 years,8893,9649,-756,4205,3701,504,13098,13350,-252,20074,20972,-898,12536,12115,421,32610,33087,-477
2003,39 years,8616,9204,-588,3946,3503,443,12562,12707,-145,19252,19852,-600,11817,11389,428,31069,31241,-172
2003,40 years,8101,8693,-592,3666,3144,522,11767,11837,-70,18115,18699,-584,11106,10439,667,29221,29138,83
2003,41 years,7638,8236,-598,3510,2989,521,11148,11225,-77,16761,17264,-503,10542,9775,767,27303,27039,264
2003,42 years,7014,7611,-597,3188,2687,501,10202,10298,-96,15607,16071,-464,9755,9048,707,25362,25119,243
2003,43 years,7174,7795,-621,3123,2678,445,10297,10473,-176,15141,15567,-426,9174,8404,770,24315,23971,344
2003,44 years,6721,7111,-390,2781,2366,415,9502,9477,25,13941,14065,-124,8466,7736,730,22407,21801,606
2003,45 years,6279,6694,-415,2584,2232,352,8863,8926,-63,12764,12926,-162,7857,7171,686,20621,20097,524
2003,46 years,5815,6243,-428,2374,2053,321,8189,8296,-107,12010,12131,-121,7229,6611,618,19239,18742,497
2003,47 years,5547,5959,-412,2283,2009,274,7830,7968,-138,10961,11145,-184,6853,6208,645,17814,17353,461
2003,48 years,5263,5667,-404,2117,1827,290,7380,7494,-114,10556,10685,-129,6584,5892,692,17140,16577,563
2003,49 years,4616,5080,-464,2111,1830,281,6727,6910,-183,9548,9751,-203,6297,5627,670,15845,15378,467
2003,50 years,4005,4385,-380,1855,1663,192,5860,6048,-188,8542,8602,-60,5775,5174,601,14317,13776,541
2003,51 years,3633,4045,-412,1739,1621,118,5372,5666,-294,8107,8137,-30,5621,5063,558,13728,13200,528
2003,52 years,3069,3363,-294,1537,1438,99,4606,4801,-195,7207,7145,62,5215,4687,528,12422,11832,590
2003,53 years,2796,3154,-358,1564,1513,51,4360,4667,-307,6867,6927,-60,5043,4642,401,11910,11569,341
2003,54 years,2508,2795,-287,1453,1350,103,3961,4145,-184,6171,6236,-65,4676,4199,477,10847,10435,412
2003,55 years,2120,2397,-277,1456,1313,143,3576,3710,-134,5385,5444,-59,4370,3948,422,9755,9392,363
2003,56 years,1867,2034,-167,1266,1219,47,3133,3253,-120,4788,4742,46,3851,3517,334,8639,8259,380
2003,57 years,1484,1695,-211,1159,1084,75,2643,2779,-136,3938,4017,-79,3305,3098,207,7243,7115,128
2003,58 years,1144,1398,-254,952,955,-3,2096,2353,-257,3330,3509,-179,2905,2795,110,6235,6304,-69
2003,59 years,993,1262,-269,852,964,-112,1845,2226,-381,3612,3812,-200,3223,3234,-11,6835,7046,-211
2003,60 years,881,1360,-479,809,1066,-257,1690,2426,-736,3813,4284,-471,3459,3682,-223,7272,7966,-694
2003,61 years,886,1417,-531,790,1034,-244,1676,2451,-775,3585,4093,-508,3534,3668,-134,7119,7761,-642
2003,62 years,819,1200,-381,868,954,-86,1687,2154,-467,3945,4226,-281,3942,3809,133,7887,8035,-148
2003,63 years,802,1396,-594,872,1072,-200,1674,2468,-794,4136,4644,-508,3854,3779,75,7990,8423,-433
2003,64 years,756,1200,-444,777,892,-115,1533,2092,-559,3833,4083,-250,3432,3314,118,7265,7397,-132
2003,65 years,815,1398,-583,815,916,-101,1630,2314,-684,3610,3962,-352,3334,3127,207,6944,7089,-145
2003,66 years,761,1210,-449,748,866,-118,1509,2076,-567,3064,3340,-276,3046,2872,174,6110,6212,-102
2003,67 years,538,922,-384,642,722,-80,1180,1644,-464,2430,2647,-217,2697,2529,168,5127,5176,-49
2003,68 years,479,794,-315,563,683,-120,1042,1477,-435,2256,2440,-184,2436,2393,43,4692,4833,-141
2003,69 years,478,765,-287,444,579,-135,922,1344,-422,1880,2081,-201,1996,2038,-42,3876,4119,-243
2003,70 years,403,673,-270,416,534,-118,819,1207,-388,1498,1676,-178,1606,1634,-28,3104,3310,-206
2003,71 years,329,564,-235,452,540,-88,781,1104,-323,1429,1571,-142,1726,1689,37,3155,3260,-105
2003,72 years,287,438,-151,353,458,-105,640,896,-256,1296,1369,-73,1641,1647,-6,2937,3016,-79
2003,73 years,287,427,-140,352,407,-55,639,834,-195,1276,1347,-71,1800,1673,127,3076,3020,56
2003,74 years,224,332,-108,320,342,-22,544,674,-130,1237,1260,-23,1768,1664,104,3005,2924,81
2003,75 years,179,284,-105,258,310,-52,437,594,-157,1137,1172,-35,1814,1758,56,2951,2930,21
2003,76 years,165,212,-47,289,269,20,454,481,-27,1020,988,32,1806,1659,147,2826,2647,179
2003,77 years,169,196,-27,263,283,-20,432,479,-47,949,933,16,1822,1711,111,2771,2644,127
2003,78 years,119,165,-46,217,239,-22,336,404,-68,837,832,5,1890,1800,90,2727,2632,95
2003,79 years,116,153,-37,207,206,1,323,359,-36,743,760,-17,1882,1808,74,2625,2568,57
2003,80 years,68,109,-41,179,201,-22,247,310,-63,691,702,-11,1854,1806,48,2545,2508,37
2003,81 years,59,79,-20,171,163,8,230,242,-12,627,638,-11,1858,1817,41,2485,2455,30
2003,82 years,65,75,-10,116,132,-16,181,207,-26,632,644,-12,1906,1912,-6,2538,2556,-18
2003,83 years,65,76,-11,111,112,-1,176,188,-12,548,560,-12,1964,1948,16,2512,2508,4
2003,84 years,42,47,-5,100,100,0,142,147,-5,435,426,9,1450,1437,13,1885,1863,22
2003,85 years,30,34,-4,67,70,-3,97,104,-7,303,299,4,980,937,43,1283,1236,47
2003,86 years,19,25,-6,62,46,16,81,71,10,227,235,-8,816,807,9,1043,1042,1
2003,87 years,17,18,-1,50,41,9,67,59,8,264,273,-9,935,931,4,1199,1204,-5
2003,88 years,20,21,-1,53,48,5,73,69,4,257,258,-1,1064,1063,1,1321,1321,0
2003,89 years,15,25,-10,50,45,5,65,70,-5,296,306,-10,1150,1166,-16,1446,1472,-26
2003,90 years,17,29,-12,39,48,-9,56,77,-21,253,276,-23,976,999,-23,1229,1275,-46
2003,91 years,7,21,-14,18,28,-10,25,49,-24,210,234,-24,803,823,-20,1013,1057,-44
2003,92 years,10,11,-1,24,28,-4,34,39,-5,186,192,-6,624,633,-9,810,825,-15
2003,93 years,6,9,-3,16,19,-3,22,28,-6,112,121,-9,532,546,-14,644,667,-23
2003,94 years,2,5,-3,8,14,-6,10,19,-9,86,90,-4,394,405,-11,480,495,-15
2003,95 years and over,19,33,-14,47,58,-11,66,91,-25,151,174,-23,745,775,-30,896,949,-53
2003,Total,429869,401834,28035,314978,240316,74662,744847,642150,102697,1003715,956268,47447,880118,784917,95201,1883833,1741185,142648
2004,under 1 year,1418,784,634,1338,704,634,2756,1488,1268,5895,4515,1380,5404,4055,1349,11299,8570,2729
2004,1 year,2697,1884,813,2555,1789,766,5252,3673,1579,11264,9783,1481,10754,9376,1378,22018,19159,2859
2004,2 years,2293,1860,433,2087,1833,254,4380,3693,687,9891,9131,760,9229,8718,511,19120,17849,1271
2004,3 years,2148,2002,146,1972,1882,90,4120,3884,236,9129,8889,240,8611,8356,255,17740,17245,495
2004,4 years,2115,1949,166,1915,1803,112,4030,3752,278,8271,7999,272,7852,7616,236,16123,15615,508
2004,5 years,2156,2146,10,2049,2000,49,4205,4146,59,7628,7538,90,7316,7198,118,14944,14736,208
2004,6 years,2149,2288,-139,2026,2167,-141,4175,4455,-280,7482,7648,-166,7179,7433,-254,14661,15081,-420
2004,7 years,2056,2219,-163,1923,1986,-63,3979,4205,-226,6755,6942,-187,6338,6388,-50,13093,13330,-237
2004,8 years,1862,1861,1,1848,1756,92,3710,3617,93,6001,5828,173,5888,5654,234,11889,11482,407
2004,9 years,1935,1699,236,1780,1617,163,3715,3316,399,5785,5304,481,5522,5100,422,11307,10404,903
2004,10 years,1939,1755,184,1813,1693,120,3752,3448,304,6141,5700,441,5797,5418,379,11938,11118,820
2004,11 years,1910,1645,265,1816,1696,120,3726,3341,385,5872,5274,598,5577,5210,367,11449,10484,965
2004,12 years,1912,1642,270,1727,1565,162,3639,3207,432,5750,5106,644,5461,5032,429,11211,10138,1073
2004,13 years,1900,1582,318,1712,1484,228,3612,3066,546,5941,5269,672,5559,5016,543,11500,10285,1215
2004,14 years,1890,1534,356,1755,1451,304,3645,2985,660,6000,5200,800,5614,4982,632,11614,10182,1432
2004,15 years,2027,1609,418,1951,1425,526,3978,3034,944,6046,5138,908,5884,4898,986,11930,10036,1894
2004,16 years,2923,1926,997,2610,1757,853,5533,3683,1850,7790,6251,1539,7266,6034,1232,15056,12285,2771
2004,17 years,3402,2438,964,3020,1966,1054,6422,4404,2018,9021,7652,1369,8996,7370,1626,18017,15022,2995
2004,18 years,4563,3435,1128,5090,3094,1996,9653,6529,3124,12148,10298,1850,14809,12042,2767,26957,22340,4617
2004,19 years,7393,5067,2326,10099,4834,5265,17492,9901,7591,17683,14314,3369,26774,20720,6054,44457,35034,9423
2004,20 years,10274,7193,3081,13788,7482,6306,24062,14675,9387,26401,22447,3954,37721,30754,6967,64122,53201,10921
2004,21 years,12914,9979,2935,16280,10677,5603,29194,20656,8538,33299,29539,3760,40604,34570,6034,73903,64109,9794
2004,22 years,15464,12231,3233,17953,12442,5511,33417,24673,8744,35865,31983,3882,41047,35376,5671,76912,67359,9553
2004,23 years,17341,13758,3583,18170,13024,5146,35511,26782,8729,37588,33497,4091,41058,35683,5375,78646,69180,9466
2004,24 years,18573,15401,3172,16936,12855,4081,35509,28256,7253,39509,35894,3615,38851,34695,4156,78360,70589,7771
2004,25 years,17873,15554,2319,15020,11956,3064,32893,27510,5383,37820,35082,2738,35649,32600,3049,73469,67682,5787
2004,26 years,17543,15854,1689,12902,10800,2102,30445,26654,3791,37505,35632,1873,32494,30542,1952,69999,66174,3825
2004,27 years,16718,15833,885,11589,9305,2284,28307,25138,3169,35888,34878,1010,29943,28046,1897,65831,62924,2907
2004,28 years,16102,15247,855,10753,8819,1934,26855,24066,2789,34299,33419,880,26942,25302,1640,61241,58721,2520
2004,29 years,15557,15425,132,9963,8275,1688,25520,23700,1820,31884,31729,155,23646,22230,1416,55530,53959,1571
2004,30 years,14715,14795,-80,9146,7682,1464,23861,22477,1384,29462,29748,-286,21424,20259,1165,50886,50007,879
2004,31 years,13379,13816,-437,7906,7014,892,21285,20830,455,27063,27527,-464,18854,18126,728,45917,45653,264
2004,32 years,13003,13558,-555,7502,6596,906,20505,20154,351,26633,27370,-737,18052,17353,699,44685,44723,-38
2004,33 years,11975,12593,-618,6772,6144,628,18747,18737,10,25593,26427,-834,17352,16891,461,42945,43318,-373
2004,34 years,12224,13033,-809,6410,5834,576,18634,18867,-233,25175,26120,-945,16153,15725,428,41328,41845,-517
2004,35 years,11210,12072,-862,5545,5251,294,16755,17323,-568,24092,25145,-1053,15028,14969,59,39120,40114,-994
2004,36 years,10642,11369,-727,5255,4912,343,15897,16281,-384,23289,24206,-917,14367,14291,76,37656,38497,-841
2004,37 years,9533,10449,-916,4629,4373,256,14162,14822,-660,21581,22709,-1128,13231,13333,-102,34812,36042,-1230
2004,38 years,9220,10073,-853,4266,3963,303,13486,14036,-550,20986,21963,-977,12290,12199,91,33276,34162,-886
2004,39 years,8803,9691,-888,3941,3777,164,12744,13468,-724,19613,20567,-954,11717,11637,80,31330,32204,-874
2004,40 years,8537,9315,-778,3810,3586,224,12347,12901,-554,18974,19796,-822,10922,10784,138,29896,30580,-684
2004,41 years,8149,8946,-797,3594,3328,266,11743,12274,-531,17863,18669,-806,10470,10206,264,28333,28875,-542
2004,42 years,7667,8444,-777,3323,3129,194,10990,11573,-583,16762,17419,-657,9630,9362,268,26392,26781,-389
2004,43 years,7295,7713,-418,2967,2804,163,10262,10517,-255,15692,15908,-216,9109,8777,332,24801,24685,116
2004,44 years,7486,7890,-404,3051,2867,184,10537,10757,-220,15158,15314,-156,8881,8547,334,24039,23861,178
2004,45 years,6914,7417,-503,2672,2573,99,9586,9990,-404,13945,14162,-217,7934,7639,295,21879,21801,78
2004,46 years,6608,7071,-463,2551,2417,134,9159,9488,-329,12903,13129,-226,7334,6897,437,20237,20026,211
2004,47 years,6158,6707,-549,2335,2218,117,8493,8925,-432,12022,12310,-288,6852,6488,364,18874,18798,76
2004,48 years,5872,6276,-404,2260,2161,99,8132,8437,-305,11312,11454,-142,6487,6096,391,17799,17550,249
2004,49 years,5394,5767,-373,2181,1992,189,7575,7759,-184,10426,10506,-80,6194,5696,498,16620,16202,418
2004,50 years,4580,5202,-622,2057,1914,143,6637,7116,-479,9376,9712,-336,6018,5505,513,15394,15217,177
2004,51 years,4170,4674,-504,1772,1747,25,5942,6421,-479,8596,8816,-220,5344,4965,379,13940,13781,159
2004,52 years,3725,4253,-528,1641,1642,-1,5366,5895,-529,7927,8214,-287,5229,4890,339,13156,13104,52
2004,53 years,3055,3640,-585,1512,1564,-52,4567,5204,-637,7078,7356,-278,5061,4775,286,12139,12131,8
2004,54 years,2769,3333,-564,1473,1615,-142,4242,4948,-706,6734,7059,-325,4796,4603,193,11530,11662,-132
2004,55 years,2342,2946,-604,1359,1502,-143,3701,4448,-747,5984,6328,-344,4376,4186,190,10360,10514,-154
2004,56 years,2015,2531,-516,1249,1399,-150,3264,3930,-666,5079,5414,-335,3966,3833,133,9045,9247,-202
2004,57 years,1716,2325,-609,1212,1372,-160,2928,3697,-769,4658,5093,-435,3621,3590,31,8279,8683,-404
2004,58 years,1356,1899,-543,1020,1203,-183,2376,3102,-726,3838,4224,-386,2995,3052,-57,6833,7276,-443
2004,59 years,1049,1441,-392,816,1023,-207,1865,2464,-599,3159,3438,-279,2670,2831,-161,5829,6269,-440
2004,60 years,946,1668,-722,759,1167,-408,1705,2835,-1130,3919,4585,-666,3305,3670,-365,7224,8255,-1031
2004,61 years,770,1492,-722,703,1158,-455,1473,2650,-1177,3595,4310,-715,3189,3622,-433,6784,7932,-1148
2004,62 years,740,1452,-712,670,1062,-392,1410,2514,-1104,3358,4017,-659,3147,3431,-284,6505,7448,-943
2004,63 years,746,1393,-647,779,1097,-318,1525,2490,-965,3946,4490,-544,3646,3777,-131,7592,8267,-675
2004,64 years,775,1550,-775,783,1109,-326,1558,2659,-1101,3832,4466,-634,3476,3610,-134,7308,8076,-768
2004,65 years,740,1636,-896,706,1103,-397,1446,2739,-1293,3683,4457,-774,3302,3487,-185,6985,7944,-959
2004,66 years,744,1440,-696,650,981,-331,1394,2421,-1027,3106,3744,-638,2961,3041,-80,6067,6785,-718
2004,67 years,613,1226,-613,679,976,-297,1292,2202,-910,2691,3177,-486,2668,2767,-99,5359,5944,-585
2004,68 years,498,1037,-539,555,835,-280,1053,1872,-819,2260,2707,-447,2383,2475,-92,4643,5182,-539
2004,69 years,423,899,-476,437,701,-264,860,1600,-740,2021,2378,-357,2140,2245,-105,4161,4623,-462
2004,70 years,353,838,-485,406,705,-299,759,1543,-784,1596,2039,-443,1898,2114,-216,3494,4153,-659
2004,71 years,354,764,-410,364,585,-221,718,1349,-631,1342,1683,-341,1549,1689,-140,2891,3372,-481
2004,72 years,286,634,-348,359,543,-184,645,1177,-532,1138,1431,-293,1523,1627,-104,2661,3058,-397
2004,73 years,255,522,-267,293,489,-196,548,1011,-463,1203,1410,-207,1525,1612,-87,2728,3022,-294
2004,74 years,211,422,-211,300,446,-146,511,868,-357,1165,1314,-149,1656,1690,-34,2821,3004,-183
2004,75 years,164,364,-200,264,441,-177,428,805,-377,1051,1189,-138,1669,1717,-48,2720,2906,-186
2004,76 years,165,331,-166,222,344,-122,387,675,-288,1030,1149,-119,1675,1674,1,2705,2823,-118
2004,77 years,141,266,-125,214,314,-100,355,580,-225,919,998,-79,1657,1657,0,2576,2655,-79
2004,78 years,121,238,-117,196,296,-100,317,534,-217,825,904,-79,1666,1669,-3,2491,2573,-82
2004,79 years,88,166,-78,175,255,-80,263,421,-158,738,809,-71,1772,1798,-26,2510,2607,-97
2004,80 years,71,180,-109,178,282,-104,249,462,-213,628,724,-96,1716,1770,-54,2344,2494,-150
2004,81 years,65,111,-46,150,190,-40,215,301,-86,581,618,-37,1717,1712,5,2298,2330,-32
2004,82 years,59,109,-50,140,175,-35,199,284,-85,569,619,-50,1684,1719,-35,2253,2338,-85
2004,83 years,40,96,-56,109,130,-21,149,226,-77,568,624,-56,1849,1853,-4,2417,2477,-60
2004,84 years,46,94,-48,91,130,-39,137,224,-87,548,598,-50,1808,1826,-18,2356,2424,-68
2004,85 years,30,52,-22,79,123,-44,109,175,-66,389,415,-26,1344,1388,-44,1733,1803,-70
2004,86 years,19,33,-14,49,70,-21,68,103,-35,226,244,-18,879,900,-21,1105,1144,-39
2004,87 years,18,28,-10,42,54,-12,60,82,-22,216,232,-16,789,792,-3,1005,1024,-19
2004,88 years,21,38,-17,26,55,-29,47,93,-46,237,254,-17,738,775,-37,975,1029,-54
2004,89 years,15,27,-12,45,74,-29,60,101,-41,223,235,-12,894,922,-28,1117,1157,-40
2004,90 years,9,47,-38,30,71,-41,39,118,-79,240,280,-40,1014,1059,-45,1254,1339,-85
2004,91 years,7,22,-15,27,42,-15,34,64,-30,204,217,-13,787,796,-9,991,1013,-22
2004,92 years,7,9,-2,20,38,-18,27,47,-20,180,181,-1,690,699,-9,870,880,-10
2004,93 years,7,15,-8,13,26,-13,20,41,-21,146,152,-6,436,446,-10,582,598,-16
2004,94 years,4,14,-10,13,21,-8,17,35,-18,88,100,-12,391,397,-6,479,497,-18
2004,95 years and over,26,41,-15,42,82,-40,68,123,-55,188,202,-14,818,853,-35,1006,1055,-49
2004,Total,430185,426293,3892,309235,257909,51326,739420,684202,55218,1010173,990934,19239,864503,801198,63305,1874676,1792132,82544
2005,under 1 year,1329,630,699,1159,553,606,2488,1183,1305,5560,4168,1392,5111,3891,1220,10671,8059,2612
2005,1 year,2555,1649,906,2341,1503,838,4896,3152,1744,10615,9336,1279,9915,8761,1154,20530,18097,2433
2005,2 years,2106,1727,379,1970,1656,314,4076,3383,693,9066,8751,315,8595,8310,285,17661,17061,600
2005,3 years,2102,1717,385,1874,1547,327,3976,3264,712,8488,8293,195,7930,7742,188,16418,16035,383
2005,4 years,1888,1621,267,1794,1497,297,3682,3118,564,7497,7374,123,6830,6863,-33,14327,14237,90
2005,5 years,1910,1720,190,1883,1596,287,3793,3316,477,7091,7129,-38,6844,6872,-28,13935,14001,-66
2005,6 years,1962,2066,-104,1750,1974,-224,3712,4040,-328,6777,7224,-447,6409,6970,-561,13186,14194,-1008
2005,7 years,1861,1867,-6,1735,1769,-34,3596,3636,-40,6054,6343,-289,5713,5996,-283,11767,12339,-572
2005,8 years,1735,1637,98,1685,1596,89,3420,3233,187,5535,5548,-13,5274,5211,63,10809,10759,50
2005,9 years,1680,1590,90,1634,1513,121,3314,3103,211,5255,5188,67,5085,5019,66,10340,10207,133
2005,10 years,1636,1402,234,1573,1424,149,3209,2826,383,5354,5117,237,5014,4834,180,10368,9951,417
2005,11 years,1794,1499,295,1677,1414,263,3471,2913,558,5339,5068,271,5087,4739,348,10426,9807,619
2005,12 years,1688,1390,298,1645,1355,290,3333,2745,588,4846,4513,333,4817,4539,278,9663,9052,611
2005,13 years,1697,1409,288,1590,1340,250,3287,2749,538,5033,4648,385,4719,4420,299,9752,9068,684
2005,14 years,1624,1331,293,1533,1220,313,3157,2551,606,4729,4401,328,4721,4292,429,9450,8693,757
2005,15 years,1832,1389,443,1699,1255,444,3531,2644,887,5206,4715,491,4985,4391,594,10191,9106,1085
2005,16 years,2424,1567,857,2278,1533,745,4702,3100,1602,6338,5315,1023,6335,5389,946,12673,10704,1969
2005,17 years,2673,1940,733,2753,1847,906,5426,3787,1639,7696,6972,724,8100,6967,1133,15796,13939,1857
2005,18 years,3565,2874,691,4754,2875,1879,8319,5749,2570,10518,9553,965,13771,11507,2264,24289,21060,3229
2005,19 years,6425,4358,2067,9076,4251,4825,15501,8609,6892,16307,13857,2450,25594,20387,5207,41901,34244,7657
2005,20 years,9462,6469,2993,12590,6788,5802,22052,13257,8795,25328,22034,3294,35776,29768,6008,61104,51802,9302
2005,21 years,11836,8678,3158,15382,9514,5868,27218,18192,9026,31483,27986,3497,39468,33683,5785,70951,61669,9282
2005,22 years,14071,10159,3912,16961,11065,5896,31032,21224,9808,32937,28990,3947,39566,33759,5807,72503,62749,9754
2005,23 years,16039,11877,4162,17064,11375,5689,33103,23252,9851,35751,31628,4123,39832,34394,5438,75583,66022,9561
2005,24 years,16472,12879,3593,15670,11001,4669,32142,23880,8262,36159,32704,3455,37937,33622,4315,74096,66326,7770
2005,25 years,17045,14139,2906,14354,10453,3901,31399,24592,6807,37296,34560,2736,35738,32347,3391,73034,66907,6127
2005,26 years,16285,13965,2320,12540,9492,3048,28825,23457,5368,36132,34150,1982,32637,30257,2380,68769,64407,4362
2005,27 years,15751,13950,1801,11371,8581,2790,27122,22531,4591,34695,33338,1357,29775,27760,2015,64470,61098,3372
2005,28 years,15381,13838,1543,10351,7868,2483,25732,21706,4026,33313,32429,884,26981,25372,1609,60294,57801,2493
2005,29 years,14871,13750,1121,9549,7357,2192,24420,21107,3313,30868,30414,454,23937,22494,1443,54805,52908,1897
2005,30 years,14380,13439,941,8814,6925,1889,23194,20364,2830,28863,28462,401,20969,19703,1266,49832,48165,1667
2005,31 years,13710,12842,868,8090,6554,1536,21800,19396,2404,26907,26635,272,19051,18046,1005,45958,44681,1277
2005,32 years,12707,12172,535,7299,6074,1225,20006,18246,1760,24616,24556,60,16755,16035,720,41371,40591,780
2005,33 years,11807,11527,280,6867,5682,1185,18674,17209,1465,23437,23757,-320,16150,15446,704,39587,39203,384
2005,34 years,11425,11157,268,5993,5155,838,17418,16312,1106,23177,23501,-324,15164,14812,352,38341,38313,28
2005,35 years,11170,11296,-126,5647,4882,765,16817,16178,639,22133,22925,-792,14013,13680,333,36146,36605,-459
2005,36 years,10405,10450,-45,5010,4443,567,15415,14893,522,21571,22315,-744,13141,13148,-7,34712,35463,-751
2005,37 years,9863,10127,-264,4837,4189,648,14700,14316,384,20788,21820,-1032,12935,12831,104,33723,34651,-928
2005,38 years,9098,9127,-29,4097,3645,452,13195,12772,423,19728,20355,-627,11492,11498,-6,31220,31853,-633
2005,39 years,8634,8765,-131,3894,3408,486,12528,12173,355,18489,19175,-686,11081,10935,146,29570,30110,-540
2005,40 years,8398,8335,63,3641,3182,459,12039,11517,522,17699,18218,-519,10225,10136,89,27924,28354,-430
2005,41 years,8009,8205,-196,3348,2927,421,11357,11132,225,16718,17406,-688,9744,9644,100,26462,27050,-588
2005,42 years,7547,7714,-167,3198,2805,393,10745,10519,226,15815,16289,-474,9122,8923,199,24937,25212,-275
2005,43 years,7271,7313,-42,3111,2655,456,10382,9968,414,14648,14959,-311,8664,8398,266,23312,23357,-45
2005,44 years,6853,6700,153,2861,2432,429,9714,9132,582,13839,13900,-61,8257,7950,307,22096,21850,246
2005,45 years,7174,7081,93,2929,2491,438,10103,9572,531,13413,13566,-153,7956,7564,392,21369,21130,239
2005,46 years,6785,6623,162,2491,2088,403,9276,8711,565,12603,12653,-50,7100,6720,380,19703,19373,330
2005,47 years,6398,6224,174,2482,2171,311,8880,8395,485,11390,11360,30,6603,6300,303,17993,17660,333
2005,48 years,6001,5865,136,2307,1966,341,8308,7831,477,10832,10825,7,6263,5840,423,17095,16665,430
2005,49 years,5576,5478,98,2164,1846,318,7740,7324,416,10078,10045,33,5878,5438,440,15956,15483,473
2005,50 years,4958,5055,-97,2099,1825,274,7057,6880,177,9236,9310,-74,5564,5157,407,14800,14467,333
2005,51 years,4391,4325,66,1870,1725,145,6261,6050,211,8369,8325,44,5269,4991,278,13638,13316,322
2005,52 years,3890,3908,-18,1699,1568,131,5589,5476,113,7622,7627,-5,4900,4674,226,12522,12301,221
2005,53 years,3387,3383,4,1542,1432,110,4929,4815,114,6919,6908,11,4570,4326,244,11489,11234,255
2005,54 years,2793,2795,-2,1426,1299,127,4219,4094,125,6143,6149,-6,4362,4102,260,10505,10251,254
2005,55 years,2557,2666,-109,1440,1433,7,3997,4099,-102,5786,5847,-61,4206,4044,162,9992,9891,101
2005,56 years,2129,2253,-124,1264,1290,-26,3393,3543,-150,5270,5350,-80,3992,3875,117,9262,9225,37
2005,57 years,1678,1934,-256,1142,1265,-123,2820,3199,-379,4385,4576,-191,3554,3552,2,7939,8128,-189
2005,58 years,1449,1635,-186,1081,1122,-41,2530,2757,-227,4123,4239,-116,3326,3257,69,7449,7496,-47
2005,59 years,1161,1326,-165,898,1023,-125,2059,2349,-290,3273,3406,-133,2803,2855,-52,6076,6261,-185
2005,60 years,948,1450,-502,795,1075,-280,1743,2525,-782,3067,3569,-502,2758,3030,-272,5825,6599,-774
2005,61 years,854,1341,-487,796,1107,-311,1650,2448,-798,3569,4112,-543,3108,3477,-369,6677,7589,-912
2005,62 years,754,1198,-444,608,942,-334,1362,2140,-778,3355,3860,-505,2983,3314,-331,6338,7174,-836
2005,63 years,695,1275,-580,677,997,-320,1372,2272,-900,3339,3936,-597,3048,3293,-245,6387,7229,-842
2005,64 years,668,1199,-531,667,911,-244,1335,2110,-775,3569,4066,-497,3288,3468,-180,6857,7534,-677
2005,65 years,754,1685,-931,658,1043,-385,1412,2728,-1316,3740,4631,-891,3114,3384,-270,6854,8015,-1161
2005,66 years,632,1291,-659,591,875,-284,1223,2166,-943,3123,3786,-663,2944,3107,-163,6067,6893,-826
2005,67 years,576,1061,-485,555,833,-278,1131,1894,-763,2615,3030,-415,2567,2738,-171,5182,5768,-586
2005,68 years,543,1023,-480,567,732,-165,1110,1755,-645,2351,2761,-410,2358,2438,-80,4709,5199,-490
2005,69 years,440,839,-399,425,637,-212,865,1476,-611,1982,2349,-367,2087,2207,-120,4069,4556,-487
2005,70 years,352,716,-364,415,617,-202,767,1333,-566,1750,2091,-341,1942,2109,-167,3692,4200,-508
2005,71 years,345,672,-327,347,521,-174,692,1193,-501,1501,1813,-312,1709,1813,-104,3210,3626,-416
2005,72 years,291,591,-300,329,434,-105,620,1025,-405,1167,1452,-285,1447,1509,-62,2614,2961,-347
2005,73 years,213,451,-238,280,432,-152,493,883,-390,955,1184,-229,1350,1443,-93,2305,2627,-322
2005,74 years,200,351,-151,230,309,-79,430,660,-230,986,1139,-153,1347,1405,-58,2333,2544,-211
2005,75 years,171,347,-176,257,385,-128,428,732,-304,1023,1172,-149,1521,1602,-81,2544,2774,-230
2005,76 years,147,271,-124,199,266,-67,346,537,-191,928,1045,-117,1456,1473,-17,2384,2518,-134
2005,77 years,124,234,-110,164,254,-90,288,488,-200,924,1026,-102,1522,1593,-71,2446,2619,-173
2005,78 years,102,166,-64,163,222,-59,265,388,-123,760,809,-49,1495,1548,-53,2255,2357,-102
2005,79 years,85,145,-60,143,199,-56,228,344,-116,715,772,-57,1553,1621,-68,2268,2393,-125
2005,80 years,75,153,-78,149,202,-53,224,355,-131,672,759,-87,1680,1744,-64,2352,2503,-151
2005,81 years,64,110,-46,124,124,0,188,234,-46,594,642,-48,1544,1553,-9,2138,2195,-57
2005,82 years,55,81,-26,118,136,-18,173,217,-44,539,583,-44,1572,1621,-49,2111,2204,-93
2005,83 years,42,69,-27,103,100,3,145,169,-24,534,576,-42,1647,1675,-28,2181,2251,-70
2005,84 years,44,57,-13,86,111,-25,130,168,-38,539,556,-17,1700,1759,-59,2239,2315,-76
2005,85 years,31,53,-22,76,105,-29,107,158,-51,470,493,-23,1690,1767,-77,2160,2260,-100
2005,86 years,18,28,-10,59,64,-5,77,92,-15,361,379,-18,1195,1224,-29,1556,1603,-47
2005,87 years,11,20,-9,33,31,2,44,51,-7,198,214,-16,775,785,-10,973,999,-26
2005,88 years,7,18,-11,36,34,2,43,52,-9,173,192,-19,620,631,-11,793,823,-30
2005,89 years,13,16,-3,24,29,-5,37,45,-8,199,204,-5,661,685,-24,860,889,-29
2005,90 years,13,24,-11,18,36,-18,31,60,-29,180,205,-25,724,776,-52,904,981,-77
2005,91 years,8,18,-10,22,40,-18,30,58,-28,211,223,-12,811,845,-34,1022,1068,-46
2005,92 years,13,17,-4,17,21,-4,30,38,-8,175,180,-5,651,677,-26,826,857,-31
2005,93 years,4,12,-8,13,24,-11,17,36,-19,128,141,-13,476,507,-31,604,648,-44
2005,94 years,1,3,-2,11,12,-1,12,15,-3,69,74,-5,363,372,-9,432,446,-14
2005,95 years and over,21,26,-5,23,62,-39,44,88,-44,195,207,-12,763,847,-84,958,1054,-96
2005,Total,412617,381818,30799,295554,230636,64918,708171,612454,95717,951792,930436,21356,826074,768476,57598,1777866,1698912,78954
2006,under 1 year,1227,558,669,1153,507,646,2380,1065,1315,5265,3942,1323,5029,3735,1294,10294,7677,2617
2006,1 year,2319,1407,912,2101,1256,845,4420,2663,1757,9993,8926,1067,9369,8380,989,19362,17306,2056
2006,2 years,2212,1635,577,1948,1489,459,4160,3124,1036,9011,8774,237,8245,8109,136,17256,16883,373
2006,3 years,1885,1655,230,1873,1505,368,3758,3160,598,7887,8145,-258,7549,7631,-82,15436,15776,-340
2006,4 years,1775,1518,257,1665,1449,216,3440,2967,473,6935,7219,-284,6648,6884,-236,13583,14103,-520
2006,5 years,1735,1463,272,1620,1457,163,3355,2920,435,6567,6790,-223,6049,6482,-433,12616,13272,-656
2006,6 years,1739,1734,5,1664,1673,-9,3403,3407,-4,6317,7181,-864,6136,6922,-786,12453,14103,-1650
2006,7 years,1633,1731,-98,1652,1660,-8,3285,3391,-106,5404,6053,-649,5293,5789,-496,10697,11842,-1145
2006,8 years,1609,1517,92,1533,1444,89,3142,2961,181,4941,5219,-278,4832,5111,-279,9773,10330,-557
2006,9 years,1569,1446,123,1506,1436,70,3075,2882,193,4832,5000,-168,4606,4872,-266,9438,9872,-434
2006,10 years,1590,1356,234,1571,1421,150,3161,2777,384,5001,5093,-92,4755,4913,-158,9756,10006,-250
2006,11 years,1474,1270,204,1506,1295,211,2980,2565,415,4436,4528,-92,4380,4425,-45,8816,8953,-137
2006,12 years,1514,1348,166,1405,1206,199,2919,2554,365,4399,4428,-29,4072,4082,-10,8471,8510,-39
2006,13 years,1477,1293,184,1392,1249,143,2869,2542,327,4169,4229,-60,3948,3999,-51,8117,8228,-111
2006,14 years,1491,1276,215,1415,1231,184,2906,2507,399,4207,4217,-10,3999,3975,24,8206,8192,14
2006,15 years,1674,1271,403,1551,1254,297,3225,2525,700,4409,4160,249,4211,3994,217,8620,8154,466
2006,16 years,2043,1416,627,2149,1450,699,4192,2866,1326,5601,5118,483,5572,4977,595,11173,10095,1078
2006,17 years,2398,1802,596,2574,1765,809,4972,3567,1405,6687,6478,209,7304,6528,776,13991,13006,985
2006,18 years,3473,2747,726,4367,2758,1609,7840,5505,2335,9941,9170,771,12834,11126,1708,22775,20296,2479
2006,19 years,6591,4269,2322,8488,4362,4126,15079,8631,6448,16207,13822,2385,24680,20502,4178,40887,34324,6563
2006,20 years,9460,6345,3115,11982,6506,5476,21442,12851,8591,25261,22124,3137,35817,30454,5363,61078,52578,8500
2006,21 years,12064,8587,3477,14285,8966,5319,26349,17553,8796,31142,27740,3402,38335,33361,4974,69477,61101,8376
2006,22 years,13912,10164,3748,15945,10870,5075,29857,21034,8823,32027,28549,3478,38145,33578,4567,70172,62127,8045
2006,23 years,15448,11224,4224,15679,11153,4526,31127,22377,8750,34552,30676,3876,37905,33953,3952,72457,64629,7828
2006,24 years,16382,12558,3824,14919,11160,3759,31301,23718,7583,35953,32644,3309,37155,34070,3085,73108,66714,6394
2006,25 years,15808,13117,2691,12917,10199,2718,28725,23316,5409,35377,33240,2137,34911,33084,1827,70288,66324,3964
2006,26 years,15931,13680,2251,11534,9286,2248,27465,22966,4499,36426,35012,1414,33229,32087,1142,69655,67099,2556
2006,27 years,15350,13582,1768,10772,8796,1976,26122,22378,3744,34720,33855,865,30142,29330,812,64862,63185,1677
2006,28 years,14805,13530,1275,9845,8073,1772,24650,21603,3047,33165,32780,385,26697,26105,592,59862,58885,977
2006,29 years,14334,13309,1025,8982,7448,1534,23316,20757,2559,31276,31220,56,24148,23722,426,55424,54942,482
2006,30 years,14138,13441,697,8408,7105,1303,22546,20546,2000,29153,29539,-386,21412,21104,308,50565,50643,-78
2006,31 years,13237,12791,446,7663,6715,948,20900,19506,1394,26509,26976,-467,18443,18427,16,44952,45403,-451
2006,32 years,12766,12419,347,6930,6149,781,19696,18568,1128,24733,25265,-532,16310,16314,-4,41043,41579,-536
2006,33 years,11663,11526,137,6447,5737,710,18110,17263,847,22286,22948,-662,14955,14948,7,37241,37896,-655
2006,34 years,11351,11062,289,5803,5328,475,17154,16390,764,21791,22386,-595,13764,13981,-217,35555,36367,-812
2006,35 years,10569,10676,-107,5304,4899,405,15873,15575,298,21217,22172,-955,13038,13365,-327,34255,35537,-1282
2006,36 years,10436,10552,-116,5006,4604,402,15442,15156,286,20422,21460,-1038,12443,12754,-311,32865,34214,-1349
2006,37 years,9344,9584,-240,4553,4247,306,13897,13831,66,19439,20642,-1203,11644,12043,-399,31083,32685,-1602
2006,38 years,9169,9156,13,4250,4034,216,13419,13190,229,19282,20234,-952,11340,11834,-494,30622,32068,-1446
2006,39 years,8455,8612,-157,3758,3587,171,12213,12199,14,17947,18964,-1017,10557,11109,-552,28504,30073,-1569
2006,40 years,8081,8226,-145,3454,3276,178,11535,11502,33,17109,18130,-1021,9777,10232,-455,26886,28362,-1476
2006,41 years,7714,7925,-211,3486,3239,247,11200,11164,36,16020,16944,-924,9288,9598,-310,25308,26542,-1234
2006,42 years,7567,7745,-178,3128,2928,200,10695,10673,22,15396,16312,-916,8701,9005,-304,24097,25317,-1220
2006,43 years,7251,7200,51,2894,2681,213,10145,9881,264,14715,15248,-533,8211,8361,-150,22926,23609,-683
2006,44 years,6879,6855,24,2810,2707,103,9689,9562,127,13710,14257,-547,7749,7995,-246,21459,22252,-793
2006,45 years,6464,6379,85,2628,2450,178,9092,8829,263,12743,13122,-379,7385,7563,-178,20128,20685,-557
2006,46 years,6556,6654,-98,2640,2425,215,9196,9079,117,12322,12848,-526,6952,6972,-20,19274,19820,-546
2006,47 years,6368,6200,168,2403,2088,315,8771,8288,483,11594,11851,-257,6457,6292,165,18051,18143,-92
2006,48 years,5831,5853,-22,2284,2081,203,8115,7934,181,10386,10720,-334,5921,5902,19,16307,16622,-315
2006,49 years,5460,5526,-66,2130,1962,168,7590,7488,102,9746,10104,-358,5494,5496,-2,15240,15600,-360
2006,50 years,5164,5179,-15,2114,1941,173,7278,7120,158,9211,9508,-297,5309,5286,23,14520,14794,-274
2006,51 years,4760,4757,3,1831,1699,132,6591,6456,135,8413,8568,-155,4868,4837,31,13281,13405,-124
2006,52 years,4058,4198,-140,1735,1636,99,5793,5834,-41,7548,7850,-302,4653,4635,18,12201,12485,-284
2006,53 years,3495,3598,-103,1567,1569,-2,5062,5167,-105,6742,7017,-275,4314,4356,-42,11056,11373,-317
2006,54 years,3103,3197,-94,1393,1510,-117,4496,4707,-211,6168,6420,-252,3848,4023,-175,10016,10443,-427
2006,55 years,2645,2726,-81,1225,1329,-104,3870,4055,-185,5541,5696,-155,3633,3758,-125,9174,9454,-280
2006,56 years,2238,2400,-162,1244,1369,-125,3482,3769,-287,4968,5244,-276,3675,3836,-161,8643,9080,-437
2006,57 years,1867,2132,-265,1181,1377,-196,3048,3509,-461,4485,4836,-351,3557,3746,-189,8042,8582,-540
2006,58 years,1581,1763,-182,1070,1281,-211,2651,3044,-393,4067,4307,-240,3285,3530,-245,7352,7837,-485
2006,59 years,1353,1635,-282,958,1168,-210,2311,2803,-492,3603,3930,-327,2910,3127,-217,6513,7057,-544
2006,60 years,1071,1624,-553,893,1289,-396,1964,2913,-949,3174,3801,-627,2823,3235,-412,5997,7036,-1039
2006,61 years,834,1449,-615,666,1131,-465,1500,2580,-1080,2680,3399,-719,2451,2985,-534,5131,6384,-1253
2006,62 years,772,1239,-467,635,958,-323,1407,2197,-790,3147,3706,-559,2815,3195,-380,5962,6901,-939
2006,63 years,698,1307,-609,659,990,-331,1357,2297,-940,3322,4025,-703,2779,3168,-389,6101,7193,-1092
2006,64 years,604,1157,-553,601,914,-313,1205,2071,-866,2769,3457,-688,2586,2926,-340,5355,6383,-1028
2006,65 years,676,1562,-886,608,943,-335,1284,2505,-1221,3509,4468,-959,2864,3218,-354,6373,7686,-1313
2006,66 years,645,1408,-763,577,915,-338,1222,2323,-1101,3051,3917,-866,2581,2916,-335,5632,6833,-1201
2006,67 years,556,1152,-596,516,811,-295,1072,1963,-891,2541,3212,-671,2413,2702,-289,4954,5914,-960
2006,68 years,505,938,-433,457,759,-302,962,1697,-735,2166,2667,-501,2170,2470,-300,4336,5137,-801
2006,69 years,453,907,-454,427,666,-239,880,1573,-693,1824,2305,-481,1934,2176,-242,3758,4481,-723
2006,70 years,372,821,-449,376,635,-259,748,1456,-708,1694,2179,-485,1818,2079,-261,3512,4258,-746
2006,71 years,298,645,-347,321,516,-195,619,1161,-542,1466,1839,-373,1703,1896,-193,3169,3735,-566
2006,72 years,264,593,-329,268,517,-249,532,1110,-578,1267,1612,-345,1478,1742,-264,2745,3354,-609
2006,73 years,252,537,-285,244,403,-159,496,940,-444,997,1291,-294,1235,1420,-185,2232,2711,-479
2006,74 years,181,441,-260,298,423,-125,479,864,-385,879,1172,-293,1314,1448,-134,2193,2620,-427
2006,75 years,181,368,-187,179,322,-143,360,690,-330,898,1105,-207,1197,1356,-159,2095,2461,-366
2006,76 years,147,352,-205,249,334,-85,396,686,-290,896,1117,-221,1407,1501,-94,2303,2618,-315
2006,77 years,108,256,-148,182,258,-76,290,514,-224,810,997,-187,1388,1502,-114,2198,2499,-301
2006,78 years,86,200,-114,169,221,-52,255,421,-166,783,931,-148,1441,1526,-85,2224,2457,-233
2006,79 years,91,159,-68,143,196,-53,234,355,-121,715,807,-92,1332,1395,-63,2047,2202,-155
2006,80 years,81,171,-90,123,202,-79,204,373,-169,627,748,-121,1405,1524,-119,2032,2272,-240
2006,81 years,61,117,-56,125,182,-57,186,299,-113,606,692,-86,1467,1570,-103,2073,2262,-189
2006,82 years,55,81,-26,110,132,-22,165,213,-48,558,601,-43,1460,1522,-62,2018,2123,-105
2006,83 years,37,83,-46,90,110,-20,127,193,-66,497,561,-64,1497,1538,-41,1994,2099,-105
2006,84 years,37,77,-40,105,127,-22,142,204,-62,472,516,-44,1542,1612,-70,2014,2128,-114
2006,85 years,30,56,-26,66,104,-38,96,160,-64,488,540,-52,1545,1642,-97,2033,2182,-149
2006,86 years,22,45,-23,63,73,-10,85,118,-33,401,437,-36,1541,1590,-49,1942,2027,-85
2006,87 years,16,32,-16,63,69,-6,79,101,-22,317,340,-23,1108,1141,-33,1425,1481,-56
2006,88 years,16,21,-5,28,35,-7,44,56,-12,186,197,-11,645,664,-19,831,861,-30
2006,89 years,8,16,-8,28,30,-2,36,46,-10,161,177,-16,565,588,-23,726,765,-39
2006,90 years,9,28,-19,21,39,-18,30,67,-37,143,162,-19,531,557,-26,674,719,-45
2006,91 years,9,15,-6,11,33,-22,20,48,-28,152,165,-13,578,617,-39,730,782,-52
2006,92 years,5,11,-6,26,25,1,31,36,-5,163,171,-8,611,643,-32,774,814,-40
2006,93 years,5,9,-4,7,24,-17,12,33,-21,124,131,-7,514,555,-41,638,686,-48
2006,94 years,5,8,-3,15,11,4,20,19,1,108,114,-6,399,406,-7,507,520,-13
2006,95 years and over,8,58,-50,24,92,-68,32,150,-118,184,249,-65,817,927,-110,1001,1176,-175
2006,Total,403683,376718,26965,279663,231934,47729,683346,608652,74694,923149,923638,-489,791842,768561,23281,1714991,1692199,22792
2007,under 1 year,1269,503,766,1240,519,721,2509,1022,1487,5566,4026,1540,5168,3726,1442,10734,7752,2982
2007,1 year,2482,1447,1035,2272,1317,955,4754,2764,1990,10385,9077,1308,9672,8551,1121,20057,17628,2429
2007,2 years,2145,1446,699,1936,1353,583,4081,2799,1282,9201,8766,435,8534,8292,242,17735,17058,677
2007,3 years,2007,1542,465,1793,1409,384,3800,2951,849,8219,8174,45,7830,7877,-47,16049,16051,-2
2007,4 years,1884,1469,415,1806,1451,355,3690,2920,770,7121,7254,-133,6763,6907,-144,13884,14161,-277
2007,5 years,1751,1389,362,1620,1359,261,3371,2748,623,6571,6817,-246,6082,6456,-374,12653,13273,-620
2007,6 years,1668,1534,134,1562,1418,144,3230,2952,278,6297,7086,-789,5884,6650,-766,12181,13736,-1555
2007,7 years,1680,1423,257,1491,1302,189,3171,2725,446,5702,6144,-442,5341,5763,-422,11043,11907,-864
2007,8 years,1623,1455,168,1574,1403,171,3197,2858,339,5115,5317,-202,5049,5219,-170,10164,10536,-372
2007,9 years,1587,1339,248,1484,1335,149,3071,2674,397,4978,5124,-146,4686,4929,-243,9664,10053,-389
2007,10 years,1671,1345,326,1486,1281,205,3157,2626,531,5210,5295,-85,4826,4921,-95,10036,10216,-180
2007,11 years,1572,1305,267,1512,1344,168,3084,2649,435,4858,4889,-31,4541,4666,-125,9399,9555,-156
2007,12 years,1545,1197,348,1377,1085,292,2922,2282,640,4413,4344,69,4191,4167,24,8604,8511,93
2007,13 years,1533,1205,328,1461,1140,321,2994,2345,649,4353,4242,111,4159,4009,150,8512,8251,261
2007,14 years,1468,1219,249,1446,1096,350,2914,2315,599,4159,4189,-30,3981,3887,94,8140,8076,64
2007,15 years,1631,1271,360,1592,1182,410,3223,2453,770,4327,4196,131,4198,3980,218,8525,8176,349
2007,16 years,2211,1441,770,2215,1385,830,4426,2826,1600,5487,4956,531,5559,4913,646,11046,9869,1177
2007,17 years,2531,1679,852,2529,1739,790,5060,3418,1642,6840,6421,419,7207,6455,752,14047,12876,1171
2007,18 years,3963,2705,1258,4416,2776,1640,8379,5481,2898,10181,8901,1280,12901,11146,1755,23082,20047,3035
2007,19 years,7438,4403,3035,8467,4330,4137,15905,8733,7172,17389,14158,3231,25420,21251,4169,42809,35409,7400
2007,20 years,10099,6396,3703,11685,6247,5438,21784,12643,9141,26472,22633,3839,35787,30469,5318,62259,53102,9157
2007,21 years,12588,8776,3812,14262,9180,5082,26850,17956,8894,32363,28618,3745,38625,33861,4764,70988,62479,8509
2007,22 years,14182,10229,3953,15189,10380,4809,29371,20609,8762,32401,28652,3749,36821,32522,4299,69222,61174,8048
2007,23 years,15481,11278,4203,15464,11007,4457,30945,22285,8660,34188,30362,3826,37586,33728,3858,71774,64090,7684
2007,24 years,16137,12344,3793,14399,10614,3785,30536,22958,7578,35405,32068,3337,36600,33533,3067,72005,65601,6404
2007,25 years,16198,13036,3162,13160,10024,3136,29358,23060,6298,36387,33813,2574,35941,33911,2030,72328,67724,4604
2007,26 years,15681,13113,2568,11545,9062,2483,27226,22175,5051,36441,34823,1618,34029,32784,1245,70470,67607,2863
2007,27 years,15787,13677,2110,10788,8565,2223,26575,22242,4333,36641,35569,1072,31777,30896,881,68418,66465,1953
2007,28 years,15169,13342,1827,10040,8000,2040,25209,21342,3867,34176,33434,742,28044,27322,722,62220,60756,1464
2007,29 years,14425,13227,1198,9327,7689,1638,23752,20916,2836,31989,31947,42,25018,24510,508,57007,56457,550
2007,30 years,13852,12863,989,8437,7014,1423,22289,19877,2412,30133,30353,-220,22338,22149,189,52471,52502,-31
2007,31 years,13696,12805,891,7925,6738,1187,21621,19543,2078,27922,27942,-20,19647,19355,292,47569,47297,272
2007,32 years,13138,12365,773,7303,6082,1221,20441,18447,1994,25596,25782,-186,17181,16835,346,42777,42617,160
2007,33 years,12204,11473,731,6801,5585,1216,19005,17058,1947,23127,23250,-123,15613,15126,487,38740,38376,364
2007,34 years,11307,10922,385,6133,5409,724,17440,16331,1109,21249,21725,-476,13907,13855,52,35156,35580,-424
2007,35 years,11034,10675,359,5538,4741,797,16572,15416,1156,20881,21326,-445,13076,12859,217,33957,34185,-228
2007,36 years,10313,9913,400,5120,4425,695,15433,14338,1095,20394,20859,-465,12540,12533,7,32934,33392,-458
2007,37 years,10142,9993,149,5099,4308,791,15241,14301,940,19564,20407,-843,12179,12076,103,31743,32483,-740
2007,38 years,9481,9085,396,4542,3941,601,14023,13026,997,18991,19488,-497,11301,11337,-36,30292,30825,-533
2007,39 years,9306,9053,253,4271,3745,526,13577,12798,779,18797,19475,-678,10874,11044,-170,29671,30519,-848
2007,40 years,8588,8194,394,4006,3405,601,12594,11599,995,17599,17988,-389,10620,10586,34,28219,28574,-355
2007,41 years,7733,7689,44,3617,3166,451,11350,10855,495,16401,17096,-695,9649,9764,-115,26050,26860,-810
2007,42 years,7550,7498,52,3394,2952,442,10944,10450,494,15655,16351,-696,9218,9261,-43,24873,25612,-739
2007,43 years,7283,7297,-14,3182,2746,436,10465,10043,422,14927,15608,-681,8893,8929,-36,23820,24537,-717
2007,44 years,7072,6933,139,3100,2657,443,10172,9590,582,14107,14623,-516,8356,8358,-2,22463,22981,-518
2007,45 years,6608,6508,100,2991,2548,443,9599,9056,543,13181,13629,-448,8009,7978,31,21190,21607,-417
2007,46 years,6048,6066,-18,2827,2319,508,8875,8385,490,12196,12700,-504,7577,7467,110,19773,20167,-394
2007,47 years,6274,6322,-48,2711,2239,472,8985,8561,424,11682,12134,-452,6926,6731,195,18608,18865,-257
2007,48 years,5994,5803,191,2463,2130,333,8457,7933,524,11162,11287,-125,6519,6401,118,17681,17688,-7
2007,49 years,5477,5470,7,2450,2123,327,7927,7593,334,9947,10259,-312,6014,5915,99,15961,16174,-213
2007,50 years,5124,5137,-13,2259,1974,285,7383,7111,272,9302,9546,-244,5638,5537,101,14940,15083,-143
2007,51 years,4799,4749,50,2141,1808,333,6940,6557,383,8592,8767,-175,5271,5073,198,13863,13840,23
2007,52 years,4275,4402,-127,1965,1691,274,6240,6093,147,7828,8149,-321,4986,4812,174,12814,12961,-147
2007,53 years,3580,3686,-106,1858,1695,163,5438,5381,57,6939,7228,-289,4747,4576,171,11686,11804,-118
2007,54 years,3257,3314,-57,1685,1520,165,4942,4834,108,6384,6579,-195,4316,4220,96,10700,10799,-99
2007,55 years,2699,2811,-112,1478,1338,140,4177,4149,28,5685,5948,-263,4023,3937,86,9708,9885,-177
2007,56 years,2350,2443,-93,1404,1355,49,3754,3798,-44,5170,5378,-208,3903,3864,39,9073,9242,-169
2007,57 years,2034,2214,-180,1329,1430,-101,3363,3644,-281,4747,5008,-261,3735,3825,-90,8482,8833,-351
2007,58 years,1694,1856,-162,1127,1266,-139,2821,3122,-301,4238,4471,-233,3463,3585,-122,7701,8056,-355
2007,59 years,1384,1570,-186,1056,1171,-115,2440,2741,-301,3696,3944,-248,3184,3318,-134,6880,7262,-382
2007,60 years,1195,1689,-494,1005,1306,-301,2200,2995,-795,3629,4158,-529,3229,3527,-298,6858,7685,-827
2007,61 years,1126,1538,-412,895,1168,-273,2021,2706,-685,3114,3620,-506,2769,3081,-312,5883,6701,-818
2007,62 years,771,1169,-398,697,955,-258,1468,2124,-656,2520,3027,-507,2359,2620,-261,4879,5647,-768
2007,63 years,740,1256,-516,731,954,-223,1471,2210,-739,3260,3842,-582,2932,3219,-287,6192,7061,-869
2007,64 years,612,1123,-511,637,885,-248,1249,2008,-759,2995,3587,-592,2664,2990,-326,5659,6577,-918
2007,65 years,720,1631,-911,601,941,-340,1321,2572,-1251,3162,4156,-994,2581,2961,-380,5743,7117,-1374
2007,66 years,646,1200,-554,598,814,-216,1244,2014,-770,3015,3651,-636,2786,3018,-232,5801,6669,-868
2007,67 years,605,1146,-541,583,836,-253,1188,1982,-794,2743,3356,-613,2563,2845,-282,5306,6201,-895
2007,68 years,538,942,-404,505,725,-220,1043,1667,-624,2393,2869,-476,2422,2648,-226,4815,5517,-702
2007,69 years,442,889,-447,462,682,-220,904,1571,-667,2012,2483,-471,2196,2400,-204,4208,4883,-675
2007,70 years,435,835,-400,389,593,-204,824,1428,-604,1871,2300,-429,1836,2052,-216,3707,4352,-645
2007,71 years,332,670,-338,370,515,-145,702,1185,-483,1602,1997,-395,1786,1950,-164,3388,3947,-559
2007,72 years,315,500,-185,323,460,-137,638,960,-322,1476,1675,-199,1627,1754,-127,3103,3429,-326
2007,73 years,260,501,-241,271,392,-121,531,893,-362,1201,1463,-262,1482,1621,-139,2683,3084,-401
2007,74 years,222,470,-248,230,377,-147,452,847,-395,909,1202,-293,1173,1342,-169,2082,2544,-462
2007,75 years,188,359,-171,235,359,-124,423,718,-295,843,1041,-198,1277,1412,-135,2120,2453,-333
2007,76 years,143,279,-136,180,287,-107,323,566,-243,810,951,-141,1271,1374,-103,2081,2325,-244
2007,77 years,118,258,-140,208,302,-94,326,560,-234,830,1008,-178,1375,1498,-123,2205,2506,-301
2007,78 years,131,234,-103,153,246,-93,284,480,-196,891,1011,-120,1392,1507,-115,2283,2518,-235
2007,79 years,109,166,-57,148,195,-47,257,361,-104,781,860,-79,1426,1500,-74,2207,2360,-153
2007,80 years,62,159,-97,165,215,-50,227,374,-147,710,809,-99,1486,1582,-96,2196,2391,-195
2007,81 years,76,146,-70,140,184,-44,216,330,-114,654,744,-90,1449,1544,-95,2103,2288,-185
2007,82 years,55,98,-43,134,139,-5,189,237,-48,607,673,-66,1468,1518,-50,2075,2191,-116
2007,83 years,48,84,-36,93,112,-19,141,196,-55,470,506,-36,1508,1565,-57,1978,2071,-93
2007,84 years,44,81,-37,72,106,-34,116,187,-71,501,555,-54,1418,1495,-77,1919,2050,-131
2007,85 years,35,62,-27,88,111,-23,123,173,-50,438,483,-45,1502,1573,-71,1940,2056,-116
2007,86 years,27,51,-24,62,72,-10,89,123,-34,389,419,-30,1531,1574,-43,1920,1993,-73
2007,87 years,27,43,-16,56,52,4,83,95,-12,416,450,-34,1390,1412,-22,1806,1862,-56
2007,88 years,20,19,1,47,50,-3,67,69,-2,290,294,-4,1004,1021,-17,1294,1315,-21
2007,89 years,8,13,-5,30,27,3,38,40,-2,144,158,-14,580,601,-21,724,759,-35
2007,90 years,7,19,-12,20,44,-24,27,63,-36,137,151,-14,443,485,-42,580,636,-56
2007,91 years,3,12,-9,18,26,-8,21,38,-17,111,127,-16,465,487,-22,576,614,-38
2007,92 years,4,13,-9,22,23,-1,26,36,-10,128,140,-12,502,528,-26,630,668,-38
2007,93 years,3,12,-9,13,18,-5,16,30,-14,125,142,-17,511,534,-23,636,676,-40
2007,94 years,4,10,-6,9,17,-8,13,27,-14,99,106,-7,382,399,-17,481,505,-24
2007,95 years and over,13,60,-47,25,66,-41,38,126,-88,190,250,-60,858,943,-85,1048,1193,-145
2007,Total,413786,373581,40205,287565,228767,58798,701351,602348,99003,944393,932859,11534,813566,781187,32379,1757959,1714046,43913
2008,under 1 year,1340,566,774,1282,562,720,2622,1128,1494,5678,4031,1647,5326,3874,1452,11004,7905,3099
2008,1 year,2409,1408,1001,2350,1385,965,4759,2793,1966,11075,10001,1074,10366,9286,1080,21441,19287,2154
2008,2 years,2166,1502,664,2010,1346,664,4176,2848,1328,9281,8936,345,8616,8301,315,17897,17237,660
2008,3 years,1998,1517,481,1885,1409,476,3883,2926,957,8365,8444,-79,8098,8099,-1,16463,16543,-80
2008,4 years,1860,1546,314,1790,1441,349,3650,2987,663,7263,7598,-335,6879,7091,-212,14142,14689,-547
2008,5 years,1723,1529,194,1710,1508,202,3433,3037,396,6774,7239,-465,6357,6767,-410,13131,14006,-875
2008,6 years,1612,1614,-2,1557,1524,33,3169,3138,31,6297,7199,-902,5952,6865,-913,12249,14064,-1815
2008,7 years,1563,1434,129,1452,1279,173,3015,2713,302,5555,6161,-606,5269,5682,-413,10824,11843,-1019
2008,8 years,1497,1298,199,1439,1165,274,2936,2463,473,5239,5530,-291,5012,5212,-200,10251,10742,-491
2008,9 years,1567,1431,136,1529,1305,224,3096,2736,360,4960,5209,-249,4718,4841,-123,9678,10050,-372
2008,10 years,1558,1383,175,1492,1316,176,3050,2699,351,5168,5403,-235,5105,5245,-140,10273,10648,-375
2008,11 years,1570,1368,202,1434,1245,189,3004,2613,391,4833,4984,-151,4570,4714,-144,9403,9698,-295
2008,12 years,1539,1320,219,1504,1270,234,3043,2590,453,4635,4693,-58,4371,4444,-73,9006,9137,-131
2008,13 years,1523,1229,294,1414,1221,193,2937,2450,487,4293,4278,15,4103,4175,-72,8396,8453,-57
2008,14 years,1585,1319,266,1458,1238,220,3043,2557,486,4374,4355,19,4051,4051,0,8425,8406,19
2008,15 years,1776,1346,430,1514,1209,305,3290,2555,735,4398,4201,197,4142,4043,99,8540,8244,296
2008,16 years,2421,1574,847,2254,1618,636,4675,3192,1483,5544,4934,610,5446,4932,514,10990,9866,1124
2008,17 years,2646,1869,777,2517,1986,531,5163,3855,1308,6442,6077,365,6547,6123,424,12989,12200,789
2008,18 years,4471,3230,1241,4485,3160,1325,8956,6390,2566,10735,9538,1197,13138,11759,1379,23873,21297,2576
2008,19 years,8150,5326,2824,8417,5124,3293,16567,10450,6117,18332,15403,2929,25297,22000,3297,43629,37403,6226
2008,20 years,11258,7646,3612,12043,7149,4894,23301,14795,8506,28562,24945,3617,36866,32213,4653,65428,57158,8270
2008,21 years,13572,10102,3470,14082,9901,4181,27654,20003,7651,34106,30879,3227,38730,35026,3704,72836,65905,6931
2008,22 years,14748,11295,3453,15034,11356,3678,29782,22651,7131,33701,30560,3141,37911,34897,3014,71612,65457,6155
2008,23 years,15979,12445,3534,14748,11912,2836,30727,24357,6370,35017,31958,3059,37550,35500,2050,72567,67458,5109
2008,24 years,16062,13483,2579,14072,12046,2026,30134,25529,4605,35747,33767,1980,37077,35984,1093,72824,69751,3073
2008,25 years,15841,14133,1708,12507,11299,1208,28348,25432,2916,36435,35433,1002,36104,36243,-139,72539,71676,863
2008,26 years,16177,15009,1168,11661,10755,906,27838,25764,2074,37972,37831,141,35379,36083,-704,73351,73914,-563
2008,27 years,15492,14629,863,10541,10044,497,26033,24673,1360,36465,36808,-343,32279,33363,-1084,68744,70171,-1427
2008,28 years,15611,15063,548,9958,9572,386,25569,24635,934,35983,36823,-840,29289,30453,-1164,65272,67276,-2004
2008,29 years,14375,14611,-236,9243,8851,392,23618,23462,156,32243,33720,-1477,25535,26492,-957,57778,60212,-2434
2008,30 years,13860,14433,-573,8429,8472,-43,22289,22905,-616,30241,32121,-1880,22809,24162,-1353,53050,56283,-3233
2008,31 years,13104,13781,-677,7769,7763,6,20873,21544,-671,27973,29838,-1865,20195,21291,-1096,48168,51129,-2961
2008,32 years,12777,13805,-1028,7231,7162,69,20008,20967,-959,25821,27962,-2141,17880,18782,-902,43701,46744,-3043
2008,33 years,12223,13157,-934,6611,6751,-140,18834,19908,-1074,23522,25462,-1940,15543,16434,-891,39065,41896,-2831
2008,34 years,11600,12789,-1189,6117,6214,-97,17717,19003,-1286,21992,24024,-2032,14306,15116,-810,36298,39140,-2842
2008,35 years,10770,11885,-1115,5594,5647,-53,16364,17532,-1168,19992,22002,-2010,12785,13483,-698,32777,35485,-2708
2008,36 years,10262,11600,-1338,5195,5271,-76,15457,16871,-1414,19604,21829,-2225,12263,12980,-717,31867,34809,-2942
2008,37 years,9768,10862,-1094,4854,5007,-153,14622,15869,-1247,19279,21281,-2002,12001,12967,-966,31280,34248,-2968
2008,38 years,9482,10796,-1314,4778,4978,-200,14260,15774,-1514,18526,20784,-2258,11522,12282,-760,30048,33066,-3018
2008,39 years,8901,10075,-1174,4301,4495,-194,13202,14570,-1368,17982,20007,-2025,10735,11569,-834,28717,31576,-2859
2008,40 years,8775,9962,-1187,4216,4304,-88,12991,14266,-1275,17548,19614,-2066,10704,11525,-821,28252,31139,-2887
2008,41 years,8185,9154,-969,3741,3856,-115,11926,13010,-1084,16729,18487,-1758,10016,10724,-708,26745,29211,-2466
2008,42 years,7281,8422,-1141,3279,3528,-249,10560,11950,-1390,15499,17539,-2040,9285,10143,-858,24784,27682,-2898
2008,43 years,6894,8180,-1286,3228,3469,-241,10122,11649,-1527,14584,16660,-2076,8861,9678,-817,23445,26338,-2893
2008,44 years,6681,7861,-1180,3009,3194,-185,9690,11055,-1365,13981,15892,-1911,8527,9270,-743,22508,25162,-2654
2008,45 years,6482,7686,-1204,2996,3117,-121,9478,10803,-1325,13404,15175,-1771,8156,8822,-666,21560,23997,-2437
2008,46 years,6078,7115,-1037,2880,2959,-79,8958,10074,-1116,12200,13900,-1700,7725,8242,-517,19925,22142,-2217
2008,47 years,5868,6884,-1016,2711,2764,-53,8579,9648,-1069,11897,13433,-1536,7426,7854,-428,19323,21287,-1964
2008,48 years,5724,6759,-1035,2719,2825,-106,8443,9584,-1141,10997,12517,-1520,7020,7507,-487,18017,20024,-2007
2008,49 years,5462,6405,-943,2551,2520,31,8013,8925,-912,10414,11810,-1396,6652,6957,-305,17066,18767,-1701
2008,50 years,4861,5816,-955,2327,2447,-120,7188,8263,-1075,9230,10516,-1286,5962,6357,-395,15192,16873,-1681
2008,51 years,4522,5529,-1007,2249,2399,-150,6771,7928,-1157,8552,9837,-1285,5608,5972,-364,14160,15809,-1649
2008,52 years,4267,5204,-937,2062,2264,-202,6329,7468,-1139,8047,9243,-1196,5237,5641,-404,13284,14884,-1600
2008,53 years,3851,4668,-817,1958,2069,-111,5809,6737,-928,7276,8385,-1109,4899,5145,-246,12175,13530,-1355
2008,54 years,3363,4151,-788,1873,2052,-179,5236,6203,-967,6610,7573,-963,4599,4862,-263,11209,12435,-1226
2008,55 years,2898,3653,-755,1645,1850,-205,4543,5503,-960,5869,6869,-1000,4265,4618,-353,10134,11487,-1353
2008,56 years,2400,3113,-713,1530,1796,-266,3930,4909,-979,5243,6146,-903,4032,4389,-357,9275,10535,-1260
2008,57 years,2157,2785,-628,1374,1722,-348,3531,4507,-976,4884,5696,-812,3600,4093,-493,8484,9789,-1305
2008,58 years,1824,2425,-601,1351,1713,-362,3175,4138,-963,4449,5150,-701,3763,4212,-449,8212,9362,-1150
2008,59 years,1510,2050,-540,1159,1537,-378,2669,3587,-918,4035,4641,-606,3437,3852,-415,7472,8493,-1021
2008,60 years,1360,2069,-709,1105,1576,-471,2465,3645,-1180,3635,4550,-915,3355,3949,-594,6990,8499,-1509
2008,61 years,1084,1843,-759,1023,1547,-524,2107,3390,-1283,3308,4164,-856,3187,3809,-622,6495,7973,-1478
2008,62 years,900,1649,-749,850,1300,-450,1750,2949,-1199,2776,3657,-881,2509,3060,-551,5285,6717,-1432
2008,63 years,731,1500,-769,720,1182,-462,1451,2682,-1231,2594,3449,-855,2420,2945,-525,5014,6394,-1380
2008,64 years,684,1424,-740,668,1152,-484,1352,2576,-1224,3011,3884,-873,2746,3275,-529,5757,7159,-1402
2008,65 years,699,1668,-969,605,1085,-480,1304,2753,-1449,3330,4427,-1097,2664,3215,-551,5994,7642,-1648
2008,66 years,639,1549,-910,559,1027,-468,1198,2576,-1378,2758,3853,-1095,2289,2820,-531,5047,6673,-1626
2008,67 years,551,1228,-677,538,873,-335,1089,2101,-1012,2625,3465,-840,2456,2897,-441,5081,6362,-1281
2008,68 years,555,1284,-729,538,919,-381,1093,2203,-1110,2519,3380,-861,2311,2760,-449,4830,6140,-1310
2008,69 years,479,1154,-675,450,806,-356,929,1960,-1031,2218,2975,-757,2272,2633,-361,4490,5608,-1118
2008,70 years,410,1029,-619,406,777,-371,816,1806,-990,1876,2577,-701,1966,2377,-411,3842,4954,-1112
2008,71 years,375,926,-551,351,686,-335,726,1612,-886,1618,2257,-639,1777,2150,-373,3395,4407,-1012
2008,72 years,314,740,-426,328,621,-293,642,1361,-719,1483,1945,-462,1632,1995,-363,3115,3940,-825
2008,73 years,253,622,-369,305,550,-245,558,1172,-614,1372,1781,-409,1609,1894,-285,2981,3675,-694
2008,74 years,258,626,-368,265,515,-250,523,1141,-618,1147,1589,-442,1483,1795,-312,2630,3384,-754
2008,75 years,200,558,-358,202,453,-251,402,1011,-609,897,1298,-401,1160,1432,-272,2057,2730,-673
2008,76 years,161,441,-280,216,433,-217,377,874,-497,838,1171,-333,1192,1433,-241,2030,2604,-574
2008,77 years,134,353,-219,197,358,-161,331,711,-380,804,1047,-243,1285,1467,-182,2089,2514,-425
2008,78 years,118,340,-222,187,370,-183,305,710,-405,785,1026,-241,1421,1634,-213,2206,2660,-454
2008,79 years,106,247,-141,166,275,-109,272,522,-250,768,942,-174,1390,1536,-146,2158,2478,-320
2008,80 years,89,256,-167,161,311,-150,250,567,-317,787,980,-193,1486,1672,-186,2273,2652,-379
2008,81 years,64,161,-97,133,232,-99,197,393,-196,664,809,-145,1437,1584,-147,2101,2393,-292
2008,82 years,60,143,-83,140,209,-69,200,352,-152,636,753,-117,1519,1623,-104,2155,2376,-221
2008,83 years,47,117,-70,98,183,-85,145,300,-155,539,633,-94,1560,1685,-125,2099,2318,-219
2008,84 years,49,119,-70,102,162,-60,151,281,-130,463,553,-90,1538,1635,-97,2001,2188,-187
2008,85 years,30,94,-64,92,157,-65,122,251,-129,468,548,-80,1418,1525,-107,1886,2073,-187
2008,86 years,33,61,-28,79,151,-72,112,212,-100,458,497,-39,1418,1532,-114,1876,2029,-153
2008,87 years,25,53,-28,50,87,-37,75,140,-65,359,400,-41,1466,1525,-59,1825,1925,-100
2008,88 years,19,54,-35,43,92,-49,62,146,-84,395,445,-50,1327,1409,-82,1722,1854,-132
2008,89 years,19,35,-16,35,73,-38,54,108,-54,231,259,-28,938,999,-61,1169,1258,-89
2008,90 years,7,34,-27,24,66,-42,31,100,-69,141,175,-34,530,590,-60,671,765,-94
2008,91 years,5,18,-13,20,37,-17,25,55,-30,101,123,-22,384,414,-30,485,537,-52
2008,92 years,3,18,-15,15,35,-20,18,53,-35,103,121,-18,414,453,-39,517,574,-57
2008,93 years,6,18,-12,15,43,-28,21,61,-40,110,120,-10,371,416,-45,481,536,-55
2008,94 years,4,17,-13,11,31,-20,15,48,-33,107,120,-13,378,410,-32,485,530,-45
2008,95 years and over,13,51,-38,24,108,-84,37,159,-122,213,259,-46,837,956,-119,1050,1215,-165
2008,Total,416403,425729,-9326,287840,267823,20017,704243,693552,10691,957989,1001563,-43574,828041,840191,-12150,1786030,1841754,-55724
2009,under 1 year,1323,555,768,1301,536,765,2624,1091,1533,5404,3783,1621,5106,3524,1582,10510,7307,3203
2009,1 year,2809,1625,1184,2488,1424,1064,5297,3049,2248,10814,9238,1576,10126,8710,1416,20940,17948,2992
2009,2 years,2367,1520,847,2259,1504,755,4626,3024,1602,9169,8495,674,8724,8107,617,17893,16602,1291
2009,3 years,2304,1535,769,2101,1434,667,4405,2969,1436,8454,7995,459,7947,7538,409,16401,15533,868
2009,4 years,2089,1437,652,1956,1368,588,4045,2805,1240,7350,7070,280,6799,6604,195,14149,13674,475
2009,5 years,2016,1535,481,1885,1403,482,3901,2938,963,6730,6716,14,6486,6471,15,13216,13187,29
2009,6 years,1876,1510,366,1785,1513,272,3661,3023,638,6449,6820,-371,6050,6545,-495,12499,13365,-866
2009,7 years,1676,1267,409,1579,1164,415,3255,2431,824,5574,5649,-75,5025,5031,-6,10599,10680,-81
2009,8 years,1650,1229,421,1557,1085,472,3207,2314,893,5268,5048,220,4942,4694,248,10210,9742,468
2009,9 years,1779,1134,645,1547,1096,451,3326,2230,1096,5316,4836,480,4797,4664,133,10113,9500,613
2009,10 years,1712,1236,476,1617,1205,412,3329,2441,888,5122,4893,229,5029,4770,259,10151,9663,488
2009,11 years,1691,1302,389,1573,1219,354,3264,2521,743,4934,4688,246,4635,4440,195,9569,9128,441
2009,12 years,1548,1307,241,1536,1171,365,3084,2478,606,4558,4555,3,4328,4130,198,8886,8685,201
2009,13 years,1641,1234,407,1527,1142,385,3168,2376,792,4494,4213,281,4265,4006,259,8759,8219,540
2009,14 years,1688,1182,506,1407,1077,330,3095,2259,836,4463,4113,350,3941,3716,225,8404,7829,575
2009,15 years,1824,1200,624,1652,1133,519,3476,2333,1143,4343,3830,513,4142,3733,409,8485,7563,922
2009,16 years,2648,1507,1141,2354,1472,882,5002,2979,2023,5575,4559,1016,5521,4625,896,11096,9184,1912
2009,17 years,2953,1773,1180,2655,1890,765,5608,3663,1945,6489,5610,879,6421,5650,771,12910,11260,1650
2009,18 years,4770,2956,1814,4707,3078,1629,9477,6034,3443,10317,8380,1937,11971,10160,1811,22288,18540,3748
2009,19 years,8329,5175,3154,8696,5049,3647,17025,10224,6801,18468,15007,3461,25637,21972,3665,44105,36979,7126
2009,20 years,11410,7531,3879,12028,7021,5007,23438,14552,8886,28220,24247,3973,36268,31407,4861,64488,55654,8834
2009,21 years,14224,10270,3954,15210,10467,4743,29434,20737,8697,35148,31258,3890,40291,35858,4433,75439,67116,8323
2009,22 years,15543,11668,3875,15752,11701,4051,31295,23369,7926,35025,31283,3742,39031,35494,3537,74056,66777,7279
2009,23 years,16454,12734,3720,15469,12146,3323,31923,24880,7043,36094,32626,3468,39079,36356,2723,75173,68982,6191
2009,24 years,16585,13622,2963,14395,11671,2724,30980,25293,5687,36269,33587,2682,37228,35167,2061,73497,68754,4743
2009,25 years,16326,13830,2496,13200,11261,1939,29526,25091,4435,36929,34934,1995,36424,35383,1041,73353,70317,3036
2009,26 years,15911,14379,1532,12011,10681,1330,27922,25060,2862,37291,36432,859,35050,34967,83,72341,71399,942
2009,27 years,16080,14902,1178,11198,10340,858,27278,25242,2036,36978,36501,477,32690,33079,-389,69668,69580,88
2009,28 years,15351,14816,535,10207,9381,826,25558,24197,1361,34713,34985,-272,28904,29223,-319,63617,64208,-591
2009,29 years,15421,15150,271,9553,9012,541,24974,24162,812,33254,33806,-552,26262,26842,-580,59516,60648,-1132
2009,30 years,14372,14472,-100,8903,8554,349,23275,23026,249,30546,31395,-849,22884,23686,-802,53430,55081,-1651
2009,31 years,13737,13961,-224,8095,7992,103,21832,21953,-121,28195,29059,-864,20369,21087,-718,48564,50146,-1582
2009,32 years,13278,13679,-401,7553,7347,206,20831,21026,-195,26198,27139,-941,18192,18707,-515,44390,45846,-1456
2009,33 years,12737,13262,-525,6785,6790,-5,19522,20052,-530,24223,25318,-1095,16063,16702,-639,40286,42020,-1734
2009,34 years,12126,12848,-722,6440,6357,83,18566,19205,-639,22110,23383,-1273,14252,14742,-490,36362,38125,-1763
2009,35 years,11540,12469,-929,5908,6006,-98,17448,18475,-1027,20473,21873,-1400,12965,13529,-564,33438,35402,-1964
2009,36 years,10729,11474,-745,5507,5513,-6,16236,16987,-751,18914,20137,-1223,11846,12339,-493,30760,32476,-1716
2009,37 years,10278,11125,-847,5260,5311,-51,15538,16436,-898,18532,19914,-1382,11381,11868,-487,29913,31782,-1869
2009,38 years,9692,10652,-960,4715,5021,-306,14407,15673,-1266,18210,19670,-1460,10857,11619,-762,29067,31289,-2222
2009,39 years,9491,10562,-1071,4567,4712,-145,14058,15274,-1216,17606,19168,-1562,10393,10961,-568,27999,30129,-2130
2009,40 years,8794,9745,-951,4407,4521,-114,13201,14266,-1065,16903,18253,-1350,10184,10692,-508,27087,28945,-1858
2009,41 years,8586,9486,-900,4219,4278,-59,12805,13764,-959,16686,17918,-1232,10195,10587,-392,26881,28505,-1624
2009,42 years,8004,9102,-1098,3754,4021,-267,11758,13123,-1365,15899,17311,-1412,9491,10165,-674,25390,27476,-2086
2009,43 years,7016,8160,-1144,3308,3543,-235,10324,11703,-1379,14536,16024,-1488,8859,9483,-624,23395,25507,-2112
2009,44 years,6892,8042,-1150,3291,3491,-200,10183,11533,-1350,13943,15369,-1426,8751,9218,-467,22694,24587,-1893
2009,45 years,6564,7564,-1000,3130,3333,-203,9694,10897,-1203,13385,14744,-1359,8288,8829,-541,21673,23573,-1900
2009,46 years,6297,7482,-1185,3023,3124,-101,9320,10606,-1286,12632,14168,-1536,8015,8392,-377,20647,22560,-1913
2009,47 years,5919,7235,-1316,2929,3094,-165,8848,10329,-1481,12018,13603,-1585,7702,8125,-423,19720,21728,-2008
2009,48 years,5538,6705,-1167,2723,2832,-109,8261,9537,-1276,11225,12647,-1422,7214,7500,-286,18439,20147,-1708
2009,49 years,5503,6636,-1133,2616,2895,-279,8119,9531,-1412,10593,11950,-1357,6806,7284,-478,17399,19234,-1835
2009,50 years,4920,6033,-1113,2601,2667,-66,7521,8700,-1179,9685,10923,-1238,6427,6653,-226,16112,17576,-1464
2009,51 years,4603,5565,-962,2391,2515,-124,6994,8080,-1086,8831,9967,-1136,5823,6078,-255,14654,16045,-1391
2009,52 years,4302,5237,-935,2296,2467,-171,6598,7704,-1106,8188,9209,-1021,5491,5796,-305,13679,15005,-1326
2009,53 years,3845,4878,-1033,2294,2313,-19,6139,7191,-1052,7414,8568,-1154,5277,5427,-150,12691,13995,-1304
2009,54 years,3543,4406,-863,2004,2125,-121,5547,6531,-984,6845,7812,-967,4845,5091,-246,11690,12903,-1213
2009,55 years,3099,3945,-846,1815,2114,-299,4914,6059,-1145,6248,7201,-953,4453,4832,-379,10701,12033,-1332
2009,56 years,2665,3454,-789,1632,1916,-284,4297,5370,-1073,5669,6545,-876,4147,4495,-348,9816,11040,-1224
2009,57 years,2247,2997,-750,1464,1814,-350,3711,4811,-1100,4998,5822,-824,3782,4169,-387,8780,9991,-1211
2009,58 years,1825,2631,-806,1320,1709,-389,3145,4340,-1195,4523,5352,-829,3755,4177,-422,8278,9529,-1251
2009,59 years,1547,2351,-804,1252,1674,-422,2799,4025,-1226,4086,4923,-837,3618,4053,-435,7704,8976,-1272
2009,60 years,1330,2212,-882,1225,1828,-603,2555,4040,-1485,3988,5007,-1019,3713,4428,-715,7701,9435,-1734
2009,61 years,1130,2003,-873,1087,1660,-573,2217,3663,-1446,3593,4580,-987,3375,4027,-652,6968,8607,-1639
2009,62 years,1049,1902,-853,934,1501,-567,1983,3403,-1420,3227,4201,-974,2978,3616,-638,6205,7817,-1612
2009,63 years,857,1758,-901,777,1269,-492,1634,3027,-1393,2900,3888,-988,2585,3081,-496,5485,6969,-1484
2009,64 years,691,1500,-809,692,1151,-459,1383,2651,-1268,2497,3417,-920,2267,2767,-500,4764,6184,-1420
2009,65 years,731,1771,-1040,669,1131,-462,1400,2902,-1502,3345,4469,-1124,2808,3319,-511,6153,7788,-1635
2009,66 years,684,1537,-853,589,1120,-531,1273,2657,-1384,2892,3906,-1014,2472,3083,-611,5364,6989,-1625
2009,67 years,557,1393,-836,555,1011,-456,1112,2404,-1292,2461,3385,-924,2228,2733,-505,4689,6118,-1429
2009,68 years,523,1278,-755,443,891,-448,966,2169,-1203,2490,3355,-865,2340,2832,-492,4830,6187,-1357
2009,69 years,481,1162,-681,501,939,-438,982,2101,-1119,2391,3164,-773,2257,2773,-516,4648,5937,-1289
2009,70 years,447,1208,-761,467,856,-389,914,2064,-1150,2100,2934,-834,2151,2629,-478,4251,5563,-1312
2009,71 years,390,1062,-672,401,790,-389,791,1852,-1061,1786,2522,-736,1934,2375,-441,3720,4897,-1177
2009,72 years,354,924,-570,362,738,-376,716,1662,-946,1598,2222,-624,1765,2194,-429,3363,4416,-1053
2009,73 years,295,830,-535,317,628,-311,612,1458,-846,1434,1996,-562,1682,2002,-320,3116,3998,-882
2009,74 years,236,718,-482,293,591,-298,529,1309,-780,1233,1767,-534,1574,1939,-365,2807,3706,-899
2009,75 years,196,657,-461,251,532,-281,447,1189,-742,1114,1598,-484,1448,1779,-331,2562,3377,-815
2009,76 years,180,614,-434,235,463,-228,415,1077,-662,861,1334,-473,1201,1463,-262,2062,2797,-735
2009,77 years,162,504,-342,228,445,-217,390,949,-559,797,1175,-378,1289,1564,-275,2086,2739,-653
2009,78 years,129,442,-313,178,368,-190,307,810,-503,759,1103,-344,1265,1493,-228,2024,2596,-572
2009,79 years,114,387,-273,209,405,-196,323,792,-469,727,1031,-304,1420,1653,-233,2147,2684,-537
2009,80 years,114,354,-240,167,324,-157,281,678,-397,774,1040,-266,1424,1625,-201,2198,2665,-467
2009,81 years,77,231,-154,126,246,-120,203,477,-274,693,875,-182,1421,1584,-163,2114,2459,-345
2009,82 years,64,178,-114,139,236,-97,203,414,-211,654,790,-136,1396,1530,-134,2050,2320,-270
2009,83 years,54,181,-127,121,229,-108,175,410,-235,623,774,-151,1475,1622,-147,2098,2396,-298
2009,84 years,40,142,-102,107,190,-83,147,332,-185,558,681,-123,1511,1629,-118,2069,2310,-241
2009,85 years,46,119,-73,101,201,-100,147,320,-173,483,576,-93,1462,1607,-145,1945,2183,-238
2009,86 years,40,84,-44,87,138,-51,127,222,-95,446,502,-56,1414,1512,-98,1860,2014,-154
2009,87 years,23,75,-52,67,114,-47,90,189,-99,406,476,-70,1399,1485,-86,1805,1961,-156
2009,88 years,17,75,-58,62,104,-42,79,179,-100,383,451,-68,1350,1420,-70,1733,1871,-138
2009,89 years,18,51,-33,40,104,-64,58,155,-97,331,377,-46,1162,1245,-83,1493,1622,-129
2009,90 years,13,39,-26,38,103,-65,51,142,-91,203,248,-45,814,922,-108,1017,1170,-153
2009,91 years,7,27,-20,20,45,-25,27,72,-45,131,158,-27,444,489,-45,575,647,-72
2009,92 years,6,23,-17,12,43,-31,18,66,-48,112,133,-21,352,394,-42,464,527,-63
2009,93 years,6,16,-10,7,44,-37,13,60,-47,85,102,-17,319,376,-57,404,478,-74
2009,94 years,3,17,-14,12,32,-20,15,49,-34,81,98,-17,339,371,-32,420,469,-49
2009,95 years and over,12,78,-66,31,184,-153,43,262,-219,220,293,-73,920,1150,-230,1140,1443,-303
2009,Total,432763,432831,-68,302957,275347,27610,735720,708178,27542,966902,985150,-18248,835398,829863,5535,1802300,1815013,-12713
2010,under 1 year,1534,599,935,1484,572,912,3018,1171,1847,5657,3910,1747,5439,3691,1748,11096,7601,3495
2010,1 year,3051,1638,1413,2943,1457,1486,5994,3095,2899,11038,9134,1904,10289,8440,1849,21327,17574,3753
2010,2 years,2894,1664,1230,2736,1565,1171,5630,3229,2401,9761,8513,1248,9021,7865,1156,18782,16378,2404
2010,3 years,2573,1537,1036,2491,1453,1038,5064,2990,2074,8414,7558,856,8221,7292,929,16635,14850,1785
2010,4 years,2497,1543,954,2339,1395,944,4836,2938,1898,7463,6807,656,7124,6425,699,14587,13232,1355
2010,5 years,2383,1447,936,2117,1274,843,4500,2721,1779,6947,6393,554,6588,6100,488,13535,12493,1042
2010,6 years,2240,1594,646,2042,1376,666,4282,2970,1312,6644,6574,70,6195,6127,68,12839,12701,138
2010,7 years,1957,1266,691,1829,1139,690,3786,2405,1381,5709,5366,343,5282,4884,398,10991,10250,741
2010,8 years,1839,1075,764,1830,1078,752,3669,2153,1516,5184,4595,589,4982,4459,523,10166,9054,1112
2010,9 years,1830,1020,810,1745,997,748,3575,2017,1558,5046,4374,672,4816,4192,624,9862,8566,1296
2010,10 years,1820,1064,756,1862,1051,811,3682,2115,1567,5263,4640,623,5257,4545,712,10520,9185,1335
2010,11 years,1896,1172,724,1775,1083,692,3671,2255,1416,4876,4303,573,4565,4012,553,9441,8315,1126
2010,12 years,1858,1106,752,1711,1083,628,3569,2189,1380,4654,4068,586,4445,3933,512,9099,8001,1098
2010,13 years,1870,1064,806,1714,1031,683,3584,2095,1489,4647,3926,721,4436,3785,651,9083,7711,1372
2010,14 years,1860,1038,822,1725,1077,648,3585,2115,1470,4512,3751,761,4249,3632,617,8761,7383,1378
2010,15 years,2112,1125,987,1869,1058,811,3981,2183,1798,4582,3633,949,4382,3594,788,8964,7227,1737
2010,16 years,3113,1415,1698,2608,1381,1227,5721,2796,2925,6026,4341,1685,5497,4290,1207,11523,8631,2892
2010,17 years,3415,1754,1661,2876,1827,1049,6291,3581,2710,6893,5380,1513,6460,5384,1076,13353,10764,2589
2010,18 years,5305,2899,2406,5082,3057,2025,10387,5956,4431,10632,8007,2625,12071,9741,2330,22703,17748,4955
2010,19 years,8762,4837,3925,9137,4847,4290,17899,9684,8215,17854,13561,4293,24385,19925,4460,42239,33486,8753
2010,20 years,12345,7336,5009,13166,7094,6072,25511,14430,11081,29640,24357,5283,37725,31623,6102,67365,55980,11385
2010,21 years,15358,10049,5309,16102,10146,5956,31460,20195,11265,35620,30169,5451,40087,34319,5768,75707,64488,11219
2010,22 years,17166,11892,5274,16864,11757,5107,34030,23649,10381,36631,31350,5281,40431,35728,4703,77062,67078,9984
2010,23 years,18443,12733,5710,16318,11477,4841,34761,24210,10551,38404,32665,5739,40293,35873,4420,78697,68538,10159
2010,24 years,18472,13024,5448,15346,10831,4515,33818,23855,9963,38881,33615,5266,39240,35298,3942,78121,68913,9208
2010,25 years,18415,13410,5005,14100,10466,3634,32515,23876,8639,38969,34299,4670,37525,34832,2693,76494,69131,7363
2010,26 years,18083,13589,4494,12997,9789,3208,31080,23378,7702,39366,35410,3956,35820,33705,2115,75186,69115,6071
2010,27 years,17190,13610,3580,11529,8718,2811,28719,22328,6391,37522,34577,2945,32517,30757,1760,70039,65334,4705
2010,28 years,17210,13872,3338,11139,8632,2507,28349,22504,5845,36665,34058,2607,30084,28629,1455,66749,62687,4062
2010,29 years,16391,13467,2924,10274,8153,2121,26665,21620,5045,34209,31984,2225,26791,25696,1095,61000,57680,3320
2010,30 years,16334,13653,2681,9759,7720,2039,26093,21373,4720,32889,30931,1958,24577,23502,1075,57466,54433,3033
2010,31 years,15587,13249,2338,8654,7091,1563,24241,20340,3901,30045,28190,1855,20995,20176,819,51040,48366,2674
2010,32 years,14424,12572,1852,8267,6621,1646,22691,19193,3498,27263,25924,1339,19047,17912,1135,46310,43836,2474
2010,33 years,14053,12321,1732,7495,6155,1340,21548,18476,3072,25635,24282,1353,16906,16002,904,42541,40284,2257
2010,34 years,13400,11959,1441,7083,5781,1302,20483,17740,2743,23704,22583,1121,15263,14369,894,38967,36952,2015
2010,35 years,12780,11469,1311,6474,5403,1071,19254,16872,2382,21715,20723,992,13488,12744,744,35203,33467,1736
2010,36 years,12436,10915,1521,6148,5130,1018,18584,16045,2539,20768,19535,1233,12181,11557,624,32949,31092,1857
2010,37 years,11096,10145,951,5483,4744,739,16579,14889,1690,18569,17946,623,11040,10667,373,29609,28613,996
2010,38 years,10952,9987,965,5235,4561,674,16187,14548,1639,18390,17736,654,10753,10385,368,29143,28121,1022
2010,39 years,10292,9331,961,4967,4203,764,15259,13534,1725,17991,17266,725,10627,10075,552,28618,27341,1277
2010,40 years,10180,9404,776,4971,4241,730,15151,13645,1506,17558,17050,508,10311,9850,461,27869,26900,969
2010,41 years,9666,8829,837,4591,3917,674,14257,12746,1511,17009,16315,694,9839,9378,461,26848,25693,1155
2010,42 years,9116,8515,601,4345,3833,512,13461,12348,1113,16545,16209,336,9646,9346,300,26191,25555,636
2010,43 years,8591,7937,654,4107,3508,599,12698,11445,1253,15867,15366,501,9483,9073,410,25350,24439,911
2010,44 years,7597,7030,567,3505,3093,412,11102,10123,979,14505,14090,415,8716,8410,306,23221,22500,721
2010,45 years,7315,6954,361,3474,3046,428,10789,10000,789,13763,13658,105,8384,8105,279,22147,21763,384
2010,46 years,6883,6575,308,3326,2873,453,10209,9448,761,13103,12938,165,8225,7889,336,21328,20827,501
2010,47 years,6485,6283,202,3197,2873,324,9682,9156,526,12439,12399,40,7867,7741,126,20306,20140,166
2010,48 years,5960,5785,175,3031,2739,292,8991,8524,467,11517,11529,-12,7404,7283,121,18921,18812,109
2010,49 years,5677,5543,134,2830,2542,288,8507,8085,422,10802,10797,5,7131,6906,225,17933,17703,230
2010,50 years,5592,5590,2,2825,2566,259,8417,8156,261,10359,10425,-66,6697,6605,92,17056,17030,26
2010,51 years,5015,4989,26,2618,2417,201,7633,7406,227,9229,9263,-34,6287,6171,116,15516,15434,82
2010,52 years,4620,4631,-11,2436,2232,204,7056,6863,193,8510,8557,-47,5718,5527,191,14228,14084,144
2010,53 years,4342,4306,36,2290,2143,147,6632,6449,183,7875,7928,-53,5266,5156,110,13141,13084,57
2010,54 years,3935,4010,-75,2033,2032,1,5968,6042,-74,7237,7334,-97,4698,4691,7,11935,12025,-90
2010,55 years,3560,3678,-118,2016,2011,5,5576,5689,-113,6640,6837,-197,4722,4711,11,11362,11548,-186
2010,56 years,3026,3077,-51,1856,1871,-15,4882,4948,-66,5811,5885,-74,4477,4471,6,10288,10356,-68
2010,57 years,2422,2585,-163,1511,1601,-90,3933,4186,-253,5115,5237,-122,3954,4044,-90,9069,9281,-212
2010,58 years,2147,2367,-220,1608,1634,-26,3755,4001,-246,4623,4829,-206,3781,3800,-19,8404,8629,-225
2010,59 years,1706,1893,-187,1333,1462,-129,3039,3355,-316,4127,4309,-182,3545,3672,-127,7672,7981,-309
2010,60 years,1523,1859,-336,1328,1674,-346,2851,3533,-682,4099,4480,-381,3962,4318,-356,8061,8798,-737
2010,61 years,1285,1655,-370,1114,1426,-312,2399,3081,-682,3745,4206,-461,3557,3901,-344,7302,8107,-805
2010,62 years,1037,1492,-455,1035,1378,-343,2072,2870,-798,3273,3736,-463,3084,3464,-380,6357,7200,-843
2010,63 years,991,1600,-609,934,1258,-324,1925,2858,-933,3259,3926,-667,2925,3252,-327,6184,7178,-994
2010,64 years,848,1416,-568,791,1134,-343,1639,2550,-911,2673,3295,-622,2410,2784,-374,5083,6079,-996
2010,65 years,809,1542,-733,695,1131,-436,1504,2673,-1169,2803,3565,-762,2303,2784,-481,5106,6349,-1243
2010,66 years,698,1226,-528,622,979,-357,1320,2205,-885,2861,3462,-601,2420,2808,-388,5281,6270,-989
2010,67 years,492,1076,-584,483,826,-343,975,1902,-927,2473,3127,-654,2131,2534,-403,4604,5661,-1057
2010,68 years,576,1063,-487,499,806,-307,1075,1869,-794,2235,2780,-545,2028,2389,-361,4263,5169,-906
2010,69 years,522,917,-395,461,786,-325,983,1703,-720,2249,2690,-441,2185,2539,-354,4434,5229,-795
2010,70 years,470,974,-504,499,765,-266,969,1739,-770,2183,2760,-577,2142,2448,-306,4325,5208,-883
2010,71 years,394,872,-478,440,666,-226,834,1538,-704,1885,2402,-517,2049,2309,-260,3934,4711,-777
2010,72 years,372,827,-455,363,566,-203,735,1393,-658,1668,2170,-502,1872,2092,-220,3540,4262,-722
2010,73 years,324,679,-355,318,539,-221,642,1218,-576,1377,1786,-409,1607,1859,-252,2984,3645,-661
2010,74 years,266,657,-391,292,503,-211,558,1160,-602,1264,1711,-447,1619,1867,-248,2883,3578,-695
2010,75 years,234,516,-282,235,434,-199,469,950,-481,1136,1462,-326,1508,1721,-213,2644,3183,-539
2010,76 years,234,540,-306,247,445,-198,481,985,-504,1055,1401,-346,1447,1659,-212,2502,3060,-558
2010,77 years,174,445,-271,224,419,-195,398,864,-466,811,1108,-297,1205,1431,-226,2016,2539,-523
2010,78 years,159,353,-194,198,332,-134,357,685,-328,769,1001,-232,1205,1366,-161,1974,2367,-393
2010,79 years,124,311,-187,177,306,-129,301,617,-316,757,982,-225,1199,1358,-159,1956,2340,-384
2010,80 years,104,293,-189,175,310,-135,279,603,-324,727,942,-215,1403,1567,-164,2130,2509,-379
2010,81 years,90,230,-140,159,264,-105,249,494,-245,720,894,-174,1367,1516,-149,2087,2410,-323
2010,82 years,73,199,-126,115,199,-84,188,398,-210,676,833,-157,1372,1500,-128,2048,2333,-285
2010,83 years,41,142,-101,108,212,-104,149,354,-205,578,713,-135,1317,1456,-139,1895,2169,-274
2010,84 years,48,135,-87,99,180,-81,147,315,-168,536,639,-103,1342,1455,-113,1878,2094,-216
2010,85 years,41,93,-52,76,155,-79,117,248,-131,504,573,-69,1373,1502,-129,1877,2075,-198
2010,86 years,42,106,-64,80,113,-33,122,219,-97,424,495,-71,1324,1394,-70,1748,1889,-141
2010,87 years,26,68,-42,67,110,-43,93,178,-85,365,412,-47,1311,1387,-76,1676,1799,-123
2010,88 years,22,58,-36,57,97,-40,79,155,-76,359,413,-54,1152,1216,-64,1511,1629,-118
2010,89 years,19,56,-37,35,71,-36,54,127,-73,293,346,-53,1092,1158,-66,1385,1504,-119
2010,90 years,21,59,-38,43,102,-59,64,161,-97,287,345,-58,953,1043,-90,1240,1388,-148
2010,91 years,10,52,-42,34,64,-30,44,116,-72,153,199,-46,647,685,-38,800,884,-84
2010,92 years,6,27,-21,20,39,-19,26,66,-40,97,121,-24,349,382,-33,446,503,-57
2010,93 years,4,14,-10,1,18,-17,5,32,-27,56,72,-16,254,280,-26,310,352,-42
2010,94 years,3,14,-11,5,28,-23,8,42,-34,56,71,-15,223,255,-32,279,326,-47
2010,95 years and over,8,81,-73,23,166,-143,31,247,-216,167,246,-79,779,952,-173,946,1198,-252
2010,Total,481161,401068,80093,329270,255408,73862,810431,656476,153955,1005885,936753,69132,854361,795625,58736,1860246,1732378,127868
2011,under 1 year,1776,659,1117,1693,636,1057,3469,1295,2174,5909,4000,1909,5615,3776,1839,11524,7776,3748
2011,1 year,3819,1717,2102,3631,1672,1959,7450,3389,4061,12381,9825,2556,11632,9281,2351,24013,19106,4907
2011,2 years,3707,1773,1934,3385,1603,1782,7092,3376,3716,10714,8690,2024,9886,8112,1774,20600,16802,3798
2011,3 years,3521,1694,1827,3281,1592,1689,6802,3286,3516,9702,8073,1629,9061,7492,1569,18763,15565,3198
2011,4 years,3044,1613,1431,2846,1463,1383,5890,3076,2814,8301,7087,1214,7837,6698,1139,16138,13785,2353
2011,5 years,2949,1568,1381,2678,1441,1237,5627,3009,2618,7707,6660,1047,7309,6323,986,15016,12983,2033
2011,6 years,2695,1578,1117,2537,1394,1143,5232,2972,2260,7279,6704,575,6791,6158,633,14070,12862,1208
2011,7 years,2476,1361,1115,2308,1213,1095,4784,2574,2210,6343,5471,872,5941,5044,897,12284,10515,1769
2011,8 years,2284,1234,1050,2209,1188,1021,4493,2422,2071,5807,4893,914,5525,4617,908,11332,9510,1822
2011,9 years,2157,1138,1019,1958,1049,909,4115,2187,1928,5424,4457,967,5111,4283,828,10535,8740,1795
2011,10 years,2130,1074,1056,1986,987,999,4116,2061,2055,5565,4559,1006,5374,4514,860,10939,9073,1866
2011,11 years,2270,1091,1179,2064,1060,1004,4334,2151,2183,5528,4422,1106,5200,4246,954,10728,8668,2060
2011,12 years,2162,1085,1077,1928,1047,881,4090,2132,1958,4975,3942,1033,4716,3924,792,9691,7866,1825
2011,13 years,2080,1111,969,1994,1104,890,4074,2215,1859,4848,3897,951,4631,3822,809,9479,7719,1760
2011,14 years,2180,1071,1109,2059,1088,971,4239,2159,2080,4934,3889,1045,4684,3750,934,9618,7639,1979
2011,15 years,2382,1091,1291,2155,1125,1030,4537,2216,2321,5015,3709,1306,4667,3614,1053,9682,7323,2359
2011,16 years,3388,1330,2058,2853,1371,1482,6241,2701,3540,6282,4173,2109,5767,4280,1487,12049,8453,3596
2011,17 years,3523,1676,1847,3237,1922,1315,6760,3598,3162,6910,4989,1921,6759,5409,1350,13669,10398,3271
2011,18 years,6096,2934,3162,5831,3080,2751,11927,6014,5913,12153,8613,3540,13597,10533,3064,25750,19146,6604
2011,19 years,10596,5348,5248,10632,5335,5297,21228,10683,10545,22231,16510,5721,26827,21305,5522,49058,37815,11243
2011,20 years,14522,8042,6480,14296,7358,6938,28818,15400,13418,32250,25390,6860,36775,29792,6983,69025,55182,13843
2011,21 years,18374,11049,7325,18155,11051,7104,36529,22100,14429,39565,32111,7454,42871,36012,6859,82436,68123,14313
2011,22 years,20622,12939,7683,18908,12352,6556,39530,25291,14239,40269,32574,7695,42030,35738,6292,82299,68312,13987
2011,23 years,22287,13647,8640,19712,12147,7565,41999,25794,16205,43163,34637,8526,45047,37916,7131,88210,72553,15657
2011,24 years,22709,14270,8439,17790,11077,6713,40499,25347,15152,44408,36168,8240,42843,36672,6171,87251,72840,14411
2011,25 years,22482,14409,8073,16642,10391,6251,39124,24800,14324,45054,37305,7749,41906,36417,5489,86960,73722,13238
2011,26 years,22307,14633,7674,15032,9433,5599,37339,24066,13273,44471,37293,7178,38739,34057,4682,83210,71350,11860
2011,27 years,21365,14240,7125,13808,8717,5091,35173,22957,12216,42264,35800,6464,35121,31003,4118,77385,66803,10582
2011,28 years,20808,14195,6613,12754,8263,4491,33562,22458,11104,41034,34977,6057,31812,28119,3693,72846,63096,9750
2011,29 years,20286,14288,5998,12151,8004,4147,32437,22292,10145,38812,33498,5314,29611,26304,3307,68423,59802,8621
2011,30 years,19293,13976,5317,11184,7569,3615,30477,21545,8932,36587,31978,4609,26548,23783,2765,63135,55761,7374
2011,31 years,19221,13841,5380,10438,7043,3395,29659,20884,8775,35113,30417,4696,24121,21539,2582,59234,51956,7278
2011,32 years,17986,13422,4564,9469,6598,2871,27455,20020,7435,31592,27693,3899,20900,18572,2328,52492,46265,6227
2011,33 years,17028,12788,4240,8706,5938,2768,25734,18726,7008,29356,25596,3760,18694,16438,2256,48050,42034,6016
2011,34 years,16360,12371,3989,8127,5503,2624,24487,17874,6613,27601,23917,3684,16869,14672,2197,44470,38589,5881
2011,35 years,15738,12089,3649,7744,5382,2362,23482,17471,6011,25464,22100,3364,15542,13547,1995,41006,35647,5359
2011,36 years,15277,11542,3735,7427,5217,2210,22704,16759,5945,23951,20562,3389,13996,12182,1814,37947,32744,5203
2011,37 years,14813,11344,3469,7003,4853,2150,21816,16197,5619,22749,19646,3103,12986,11141,1845,35735,30787,4948
2011,38 years,13543,10304,3239,6386,4533,1853,19929,14837,5092,20756,17809,2947,11612,10060,1552,32368,27869,4499
2011,39 years,13113,10133,2980,6160,4322,1838,19273,14455,4818,20201,17481,2720,11377,9802,1575,31578,27283,4295
2011,40 years,12264,9693,2571,5915,4019,1896,18179,13712,4467,19660,17289,2371,11327,9680,1647,30987,26969,4018
2011,41 years,12158,9477,2681,5669,4032,1637,17827,13509,4318,19213,16691,2522,10776,9344,1432,29989,26035,3954
2011,42 years,11402,8914,2488,5332,3735,1597,16734,12649,4085,18539,16294,2245,10547,9081,1466,29086,25375,3711
2011,43 years,11019,8605,2414,5241,3670,1571,16260,12275,3985,18255,15972,2283,10389,8967,1422,28644,24939,3705
2011,44 years,10418,8043,2375,4855,3429,1426,15273,11472,3801,17197,14968,2229,9897,8631,1266,27094,23599,3495
2011,45 years,8930,6974,1956,4227,2938,1289,13157,9912,3245,15704,13848,1856,9346,8230,1116,25050,22078,2972
2011,46 years,8784,7014,1770,4106,2941,1165,12890,9955,2935,15244,13608,1636,9060,8051,1009,24304,21659,2645
2011,47 years,8253,6763,1490,3842,2883,959,12095,9646,2449,14534,13217,1317,8660,7895,765,23194,21112,2082
2011,48 years,7692,6225,1467,3735,2741,994,11427,8966,2461,13532,12187,1345,8364,7406,958,21896,19593,2303
2011,49 years,7127,5695,1432,3550,2591,959,10677,8286,2391,12629,11266,1363,8036,7153,883,20665,18419,2246
2011,50 years,6854,5402,1452,3366,2425,941,10220,7827,2393,11943,10534,1409,7471,6650,821,19414,17184,2230
2011,51 years,6479,5389,1090,3386,2521,865,9865,7910,1955,11248,10217,1031,7234,6446,788,18482,16663,1819
2011,52 years,5944,4941,1003,3071,2271,800,9015,7212,1803,10064,9111,953,6614,5874,740,16678,14985,1693
2011,53 years,5403,4467,936,3004,2230,774,8407,6697,1710,9105,8254,851,6306,5607,699,15411,13861,1550
2011,54 years,4838,4094,744,2794,2128,666,7632,6222,1410,8297,7610,687,5761,5117,644,14058,12727,1331
2011,55 years,4514,3911,603,2358,1876,482,6872,5787,1085,7663,7092,571,5129,4661,468,12792,11753,1039
2011,56 years,3995,3454,541,2175,1758,417,6170,5212,958,6981,6467,514,4791,4400,391,11772,10867,905
2011,57 years,3374,2936,438,2017,1663,354,5391,4599,792,6155,5713,442,4540,4198,342,10695,9911,784
2011,58 years,2754,2422,332,1710,1515,195,4464,3937,527,5295,5012,283,4070,3872,198,9365,8884,481
2011,59 years,2271,2024,247,1491,1407,84,3762,3431,331,4772,4541,231,3774,3728,46,8546,8269,277
2011,60 years,1771,1801,-30,1452,1447,5,3223,3248,-25,4413,4494,-81,4062,4090,-28,8475,8584,-109
2011,61 years,1541,1596,-55,1290,1386,-96,2831,2982,-151,4165,4276,-111,3820,3968,-148,7985,8244,-259
2011,62 years,1253,1367,-114,1145,1246,-101,2398,2613,-215,3642,3805,-163,3444,3615,-171,7086,7420,-334
2011,63 years,1096,1458,-362,1050,1217,-167,2146,2675,-529,3445,3881,-436,3180,3389,-209,6625,7270,-645
2011,64 years,931,1239,-308,968,1106,-138,1899,2345,-446,3034,3435,-401,2818,2986,-168,5852,6421,-569
2011,65 years,909,1463,-554,835,1047,-212,1744,2510,-766,2967,3559,-592,2616,2872,-256,5583,6431,-848
2011,66 years,642,1080,-438,670,875,-205,1312,1955,-643,2314,2833,-519,2116,2318,-202,4430,5151,-721
2011,67 years,641,991,-350,605,742,-137,1246,1733,-487,2606,3004,-398,2360,2525,-165,4966,5529,-563
2011,68 years,572,872,-300,552,655,-103,1124,1527,-403,2404,2748,-344,2170,2320,-150,4574,5068,-494
2011,69 years,535,839,-304,499,636,-137,1034,1475,-441,2176,2518,-342,1999,2175,-176,4175,4693,-518
2011,70 years,464,756,-292,411,536,-125,875,1292,-417,2227,2577,-350,2130,2308,-178,4357,4885,-528
2011,71 years,454,781,-327,456,574,-118,910,1355,-445,2172,2572,-400,2127,2286,-159,4299,4858,-559
2011,72 years,429,646,-217,441,547,-106,870,1193,-323,1939,2178,-239,2144,2291,-147,4083,4469,-386
2011,73 years,370,599,-229,376,482,-106,746,1081,-335,1675,1969,-294,1856,1993,-137,3531,3962,-431
2011,74 years,293,529,-236,375,449,-74,668,978,-310,1387,1671,-284,1721,1824,-103,3108,3495,-387
2011,75 years,247,498,-251,296,404,-108,543,902,-359,1245,1542,-297,1679,1809,-130,2924,3351,-427
2011,76 years,210,369,-159,246,331,-85,456,700,-244,1096,1321,-225,1541,1655,-114,2637,2976,-339
2011,77 years,214,371,-157,227,293,-66,441,664,-223,1041,1226,-185,1462,1562,-100,2503,2788,-285
2011,78 years,181,336,-155,178,227,-49,359,563,-204,823,1004,-181,1206,1279,-73,2029,2283,-254
2011,79 years,136,269,-133,199,244,-45,335,513,-178,694,849,-155,1262,1348,-86,1956,2197,-241
2011,80 years,115,262,-147,158,198,-40,273,460,-187,781,965,-184,1281,1368,-87,2062,2333,-271
2011,81 years,95,181,-86,174,226,-52,269,407,-138,707,822,-115,1444,1514,-70,2151,2336,-185
2011,82 years,74,147,-73,135,172,-37,209,319,-110,707,803,-96,1323,1414,-91,2030,2217,-187
2011,83 years,68,109,-41,142,174,-32,210,283,-73,647,715,-68,1353,1415,-62,2000,2130,-130
2011,84 years,65,96,-31,100,125,-25,165,221,-56,626,680,-54,1368,1428,-60,1994,2108,-114
2011,85 years,54,92,-38,87,127,-40,141,219,-78,572,627,-55,1308,1382,-74,1880,2009,-129
2011,86 years,33,66,-33,94,84,10,127,150,-23,446,499,-53,1392,1419,-27,1838,1918,-80
2011,87 years,27,50,-23,78,79,-1,105,129,-24,389,432,-43,1215,1259,-44,1604,1691,-87
2011,88 years,19,30,-11,53,49,4,72,79,-7,325,354,-29,1207,1225,-18,1532,1579,-47
2011,89 years,18,31,-13,54,52,2,72,83,-11,295,315,-20,1137,1154,-17,1432,1469,-37
2011,90 years,14,37,-23,27,43,-16,41,80,-39,278,309,-31,1021,1074,-53,1299,1383,-84
2011,91 years,20,27,-7,37,31,6,57,58,-1,256,275,-19,860,872,-12,1116,1147,-31
2011,92 years,11,13,-2,21,28,-7,32,41,-9,136,141,-5,526,547,-21,662,688,-26
2011,93 years,5,9,-4,12,14,-2,17,23,-6,59,69,-10,263,271,-8,322,340,-18
2011,94 years,7,4,3,10,9,1,17,13,4,55,53,2,235,240,-5,290,293,-3
2011,95 years and over,6,38,-32,28,74,-46,34,112,-78,182,223,-41,777,856,-79,959,1079,-120
2011,Total,591362,421163,170199,388482,255823,132659,979844,676986,302858,1140624,980150,160474,930845,811989,118856,2071469,1792139,279330
2012,under 1 year,2049,715,1334,1921,679,1242,3970,1394,2576,6181,4085,2096,5742,3743,1999,11923,7828,4095
2012,1 year,4663,1860,2803,4273,1801,2472,8936,3661,5275,12771,9480,3291,11842,8956,2886,24613,18436,6177
2012,2 years,4729,1983,2746,4290,1917,2373,9019,3900,5119,11553,8706,2847,10701,8243,2458,22254,16949,5305
2012,3 years,4430,1940,2490,4125,1791,2334,8555,3731,4824,10442,8047,2395,9686,7402,2284,20128,15449,4679
2012,4 years,4054,1866,2188,3913,1767,2146,7967,3633,4334,9219,7201,2018,8741,6776,1965,17960,13977,3983
2012,5 years,3854,1736,2118,3606,1659,1947,7460,3395,4065,8475,6668,1807,8053,6350,1703,16528,13018,3510
2012,6 years,3562,1761,1801,3199,1641,1558,6761,3402,3359,7921,6592,1329,7437,6297,1140,15358,12889,2469
2012,7 years,3269,1514,1755,2889,1331,1558,6158,2845,3313,6941,5383,1558,6435,5048,1387,13376,10431,2945
2012,8 years,3017,1372,1645,2765,1259,1506,5782,2631,3151,6372,4800,1572,6135,4766,1369,12507,9566,2941
2012,9 years,2920,1189,1731,2675,1150,1525,5595,2339,3256,6177,4445,1732,5667,4185,1482,11844,8630,3214
2012,10 years,2814,1209,1605,2510,1053,1457,5324,2262,3062,6120,4540,1580,5713,4310,1403,11833,8850,2983
2012,11 years,2671,1114,1557,2452,1069,1383,5123,2183,2940,5716,4203,1513,5422,4032,1390,11138,8235,2903
2012,12 years,2833,1141,1692,2552,1049,1503,5385,2190,3195,5968,4257,1711,5398,3903,1495,11366,8160,3206
2012,13 years,2732,1218,1514,2493,1064,1429,5225,2282,2943,5441,3942,1499,5074,3629,1445,10515,7571,2944
2012,14 years,2665,1177,1488,2433,1060,1373,5098,2237,2861,5346,3852,1494,5051,3723,1328,10397,7575,2822
2012,15 years,3036,1194,1842,2533,1140,1393,5569,2334,3235,5707,3807,1900,5196,3805,1391,10903,7612,3291
2012,16 years,3909,1435,2474,3277,1524,1753,7186,2959,4227,6773,4232,2541,6299,4515,1784,13072,8747,4325
2012,17 years,4078,1783,2295,3412,1790,1622,7490,3573,3917,7247,4794,2453,6948,5220,1728,14195,10014,4181
2012,18 years,6946,3061,3885,6403,3156,3247,13349,6217,7132,13281,9005,4276,14715,11169,3546,27996,20174,7822
2012,19 years,12318,5724,6594,11836,5346,6490,24154,11070,13084,24190,17175,7015,28718,21961,6757,52908,39136,13772
2012,20 years,16731,8871,7860,15947,7844,8103,32678,16715,15963,32587,24426,8161,37508,29346,8162,70095,53772,16323
2012,21 years,20597,12186,8411,19272,11246,8026,39869,23432,16437,37781,29327,8454,40949,33012,7937,78730,62339,16391
2012,22 years,23281,14115,9166,21428,13149,8279,44709,27264,17445,42116,32933,9183,44295,36191,8104,86411,69124,17287
2012,23 years,25477,15410,10067,21633,12699,8934,47110,28109,19001,44780,34742,10038,45506,36904,8602,90286,71646,18640
2012,24 years,26245,16215,10030,20814,12615,8199,47059,28830,18229,47580,37672,9908,45781,38165,7616,93361,75837,17524
2012,25 years,25959,16338,9621,18861,11231,7630,44820,27569,17251,47881,38576,9305,43594,36785,6809,91475,75361,16114
2012,26 years,25238,15971,9267,17044,10108,6936,42282,26079,16203,47433,38704,8729,40697,34652,6045,88130,73356,14774
2012,27 years,24499,15902,8597,15752,9361,6391,40251,25263,14988,44883,36851,8032,36783,31243,5540,81666,68094,13572
2012,28 years,23732,15684,8048,14427,8739,5688,38159,24423,13736,42845,35380,7465,32782,27951,4831,75627,63331,12296
2012,29 years,22392,15236,7156,13371,8142,5229,35763,23378,12385,40241,33640,6601,29848,25466,4382,70089,59106,10983
2012,30 years,22014,15357,6657,12579,7789,4790,34593,23146,11447,38615,32575,6040,27321,23341,3980,65936,55916,10020
2012,31 years,20675,14380,6295,11577,7158,4419,32252,21538,10714,35816,30047,5769,24880,21149,3731,60696,51196,9500
2012,32 years,20174,14604,5570,10905,6767,4138,31079,21371,9708,33999,28889,5110,22800,19114,3686,56799,48003,8796
2012,33 years,19184,13667,5517,9856,6197,3659,29040,19864,9176,31323,26206,5117,19877,16596,3281,51200,42802,8398
2012,34 years,18099,13247,4852,9189,5861,3328,27288,19108,8180,29112,24560,4552,17807,14814,2993,46919,39374,7545
2012,35 years,17623,12962,4661,8720,5533,3187,26343,18495,7848,27402,23042,4360,16341,13522,2819,43743,36564,7179
2012,36 years,17163,12533,4630,8220,5265,2955,25383,17798,7585,25999,21726,4273,15212,12618,2594,41211,34344,6867
2012,37 years,16679,12161,4518,7920,4978,2942,24599,17139,7460,24358,20134,4224,13745,11108,2637,38103,31242,6861
2012,38 years,15887,11906,3981,7508,4798,2710,23395,16704,6691,22928,19263,3665,12790,10374,2416,35718,29637,6081
2012,39 years,14418,10705,3713,7012,4390,2622,21430,15095,6335,20789,17284,3505,11852,9433,2419,32641,26717,5924
2012,40 years,14030,10544,3486,6682,4244,2438,20712,14788,5924,20605,17285,3320,11498,9221,2277,32103,26506,5597
2012,41 years,13620,9969,3651,6361,4161,2200,19981,14130,5851,20331,16824,3507,11230,9228,2002,31561,26052,5509
2012,42 years,13045,9913,3132,6238,4009,2229,19283,13922,5361,19482,16419,3063,10956,8902,2054,30438,25321,5117
2012,43 years,12525,9397,3128,5827,3966,1861,18352,13363,4989,18880,15860,3020,10575,8814,1761,29455,24674,4781
2012,44 years,11930,9116,2814,5745,3791,1954,17675,12907,4768,18477,15719,2758,10497,8611,1886,28974,24330,4644
2012,45 years,11072,8588,2484,5390,3493,1897,16462,12081,4381,17577,15164,2413,10158,8350,1808,27735,23514,4221
2012,46 years,9525,7243,2282,4568,3036,1532,14093,10279,3814,15768,13638,2130,9341,7913,1428,25109,21551,3558
2012,47 years,9037,7189,1848,4327,2989,1338,13364,10178,3186,14981,13177,1804,9055,7817,1238,24036,20994,3042
2012,48 years,8664,6783,1881,4217,2832,1385,12881,9615,3266,14370,12514,1856,8733,7458,1275,23103,19972,3131
2012,49 years,8004,6396,1608,4089,2933,1156,12093,9329,2764,13536,11977,1559,8628,7585,1043,22164,19562,2602
2012,50 years,7452,5928,1524,3852,2725,1127,11304,8653,2651,12416,10929,1487,8024,6956,1068,20440,17885,2555
2012,51 years,6966,5522,1444,3476,2458,1018,10442,7980,2462,11588,10250,1338,7441,6417,1024,19029,16667,2362
2012,52 years,6746,5326,1420,3517,2592,925,10263,7918,2345,10995,9697,1298,7187,6210,977,18182,15907,2275
2012,53 years,5863,4754,1109,3160,2344,816,9023,7098,1925,9894,8783,1111,6534,5739,795,16428,14522,1906
2012,54 years,5550,4604,946,2901,2212,689,8451,6816,1635,9154,8191,963,5924,5201,723,15078,13392,1686
2012,55 years,4950,4014,936,2749,2046,703,7699,6060,1639,8121,7169,952,5552,4844,708,13673,12013,1660
2012,56 years,4473,3657,816,2456,1911,545,6929,5568,1361,7479,6669,810,5121,4581,540,12600,11250,1350
2012,57 years,3915,3319,596,2139,1759,380,6054,5078,976,6763,6160,603,4624,4248,376,11387,10408,979
2012,58 years,3193,2800,393,1961,1619,342,5154,4419,735,5863,5483,380,4327,3974,353,10190,9457,733
2012,59 years,2544,2332,212,1748,1477,271,4292,3809,483,5078,4877,201,4069,3806,263,9147,8683,464
2012,60 years,2109,2051,58,1535,1452,83,3644,3503,141,4671,4603,68,3914,3837,77,8585,8440,145
2012,61 years,1676,1574,102,1373,1296,77,3049,2870,179,4138,4040,98,3912,3830,82,8050,7870,180
2012,62 years,1499,1417,82,1286,1319,-33,2785,2736,49,3933,3904,29,3674,3702,-28,7607,7606,1
2012,63 years,1183,1431,-248,1163,1220,-57,2346,2651,-305,3742,4077,-335,3589,3654,-65,7331,7731,-400
2012,64 years,1065,1259,-194,1061,1109,-48,2126,2368,-242,3331,3570,-239,3118,3154,-36,6449,6724,-275
2012,65 years,987,1371,-384,914,1073,-159,1901,2444,-543,3499,3877,-378,2862,3055,-193,6361,6932,-571
2012,66 years,840,1192,-352,828,934,-106,1668,2126,-458,2653,3070,-417,2403,2544,-141,5056,5614,-558
2012,67 years,653,922,-269,639,732,-93,1292,1654,-362,2121,2418,-297,1923,2070,-147,4044,4488,-444
2012,68 years,534,801,-267,555,692,-137,1089,1493,-404,2353,2675,-322,2160,2310,-150,4513,4985,-472
2012,69 years,534,752,-218,470,545,-75,1004,1297,-293,2228,2484,-256,2000,2141,-141,4228,4625,-397
2012,70 years,539,759,-220,478,582,-104,1017,1341,-324,2137,2379,-242,1942,2060,-118,4079,4439,-360
2012,71 years,396,630,-234,439,521,-82,835,1151,-316,2082,2355,-273,2082,2207,-125,4164,4562,-398
2012,72 years,445,668,-223,467,566,-99,912,1234,-322,2018,2248,-230,2099,2222,-123,4117,4470,-353
2012,73 years,340,592,-252,404,494,-90,744,1086,-342,1681,1997,-316,1981,2105,-124,3662,4102,-440
2012,74 years,323,576,-253,355,411,-56,678,987,-309,1620,1893,-273,1780,1878,-98,3400,3771,-371
2012,75 years,278,496,-218,284,390,-106,562,886,-324,1346,1616,-270,1634,1745,-111,2980,3361,-381
2012,76 years,255,427,-172,273,357,-84,528,784,-256,1217,1413,-196,1557,1687,-130,2774,3100,-326
2012,77 years,191,361,-170,233,314,-81,424,675,-251,1072,1286,-214,1512,1621,-109,2584,2907,-323
2012,78 years,182,339,-157,260,303,-43,442,642,-200,952,1143,-191,1507,1575,-68,2459,2718,-259
2012,79 years,168,307,-139,174,256,-82,342,563,-221,782,945,-163,1215,1318,-103,1997,2263,-266
2012,80 years,124,246,-122,219,288,-69,343,534,-191,671,822,-151,1176,1282,-106,1847,2104,-257
2012,81 years,111,190,-79,148,196,-48,259,386,-127,642,752,-110,1262,1331,-69,1904,2083,-179
2012,82 years,88,155,-67,149,194,-45,237,349,-112,688,784,-96,1329,1412,-83,2017,2196,-179
2012,83 years,97,136,-39,142,155,-13,239,291,-52,700,772,-72,1414,1456,-42,2114,2228,-114
2012,84 years,51,95,-44,119,131,-12,170,226,-56,640,715,-75,1375,1425,-50,2015,2140,-125
2012,85 years,64,106,-42,90,112,-22,154,218,-64,564,626,-62,1244,1301,-57,1808,1927,-119
2012,86 years,40,65,-25,80,99,-19,120,164,-44,500,540,-40,1285,1338,-53,1785,1878,-93
2012,87 years,36,43,-7,71,81,-10,107,124,-17,440,455,-15,1298,1332,-34,1738,1787,-49
2012,88 years,26,39,-13,62,75,-13,88,114,-26,398,425,-27,1137,1175,-38,1535,1600,-65
2012,89 years,21,33,-12,50,63,-13,71,96,-25,303,335,-32,1037,1079,-42,1340,1414,-74
2012,90 years,14,41,-27,49,56,-7,63,97,-34,306,339,-33,923,952,-29,1229,1291,-62
2012,91 years,15,26,-11,16,28,-12,31,54,-23,231,254,-23,844,881,-37,1075,1135,-60
2012,92 years,4,12,-8,21,34,-13,25,46,-21,200,218,-18,693,724,-31,893,942,-49
2012,93 years,13,13,0,19,18,1,32,31,1,106,116,-10,449,457,-8,555,573,-18
2012,94 years,2,5,-3,6,14,-8,8,19,-11,62,69,-7,216,233,-17,278,302,-24
2012,95 years and over,25,53,-28,23,107,-84,48,160,-112,152,176,-24,651,761,-110,803,937,-134
2012,Total,674648,459019,215629,441450,269930,171520,1116098,728949,387149,1205846,997367,208479,972012,811546,160466,2177858,1808913,368945
2013,under 1 year,2540,887,1653,2304,855,1449,4844,1742,3102,6533,4026,2507,6051,3833,2218,12584,7859,4725
2013,1 year,5943,2410,3533,5681,2271,3410,11624,4681,6943,14110,10127,3983,13195,9331,3864,27305,19458,7847
2013,2 years,5920,2555,3365,5652,2452,3200,11572,5007,6565,12428,9058,3370,11912,8614,3298,24340,17672,6668
2013,3 years,5734,2549,3185,5429,2391,3038,11163,4940,6223,11697,8570,3127,10920,7964,2956,22617,16534,6083
2013,4 years,5444,2344,3100,5189,2341,2848,10633,4685,5948,10226,7266,2960,9917,7170,2747,20143,14436,5707
2013,5 years,5141,2303,2838,4963,2121,2842,10104,4424,5680,9729,7081,2648,9404,6743,2661,19133,13824,5309
2013,6 years,4635,2172,2463,4383,2028,2355,9018,4200,4818,9109,7061,2048,8617,6707,1910,17726,13768,3958
2013,7 years,4195,1814,2381,4064,1739,2325,8259,3553,4706,7798,5604,2194,7484,5331,2153,15282,10935,4347
2013,8 years,3928,1702,2226,3699,1525,2174,7627,3227,4400,7173,5027,2146,6745,4610,2135,13918,9637,4281
2013,9 years,3887,1634,2253,3718,1492,2226,7605,3126,4479,7029,4800,2229,6734,4574,2160,13763,9374,4389
2013,10 years,3756,1597,2159,3481,1466,2015,7237,3063,4174,7009,4876,2133,6600,4570,2030,13609,9446,4163
2013,11 years,3594,1432,2162,3241,1303,1938,6835,2735,4100,6584,4525,2059,6027,4153,1874,12611,8678,3933
2013,12 years,3372,1312,2060,3168,1236,1932,6540,2548,3992,6182,4143,2039,5887,4006,1881,12069,8149,3920
2013,13 years,3435,1373,2062,3147,1257,1890,6582,2630,3952,6183,4163,2020,5715,3882,1833,11898,8045,3853
2013,14 years,3446,1400,2046,2932,1242,1690,6378,2642,3736,5979,3964,2015,5416,3736,1680,11395,7700,3695
2013,15 years,3643,1438,2205,3098,1278,1820,6741,2716,4025,6271,4061,2210,5677,3829,1848,11948,7890,4058
2013,16 years,4745,1745,3000,3813,1630,2183,8558,3375,5183,7751,4686,3065,6837,4625,2212,14588,9311,5277
2013,17 years,5011,2126,2885,4022,2040,1982,9033,4166,4867,8379,5346,3033,7541,5480,2061,15920,10826,5094
2013,18 years,9312,3335,5977,7273,3286,3987,16585,6621,9964,16137,9754,6383,16315,12000,4315,32452,21754,10698
2013,19 years,15910,6603,9307,13291,6021,7270,29201,12624,16577,28388,18701,9687,30650,23139,7511,59038,41840,17198
2013,20 years,19882,10346,9536,18156,8899,9257,38038,19245,18793,35292,25531,9761,39401,30097,9304,74693,55628,19065
2013,21 years,23588,13806,9782,21444,12644,8800,45032,26450,18582,39759,29868,9891,41408,32757,8651,81167,62625,18542
2013,22 years,26352,16154,10198,22827,14296,8531,49179,30450,18729,42624,32451,10173,43077,34772,8305,85701,67223,18478
2013,23 years,29387,17460,11927,24030,14467,9563,53417,31927,21490,48694,36998,11696,48195,39085,9110,96889,76083,20806
2013,24 years,29874,18651,11223,22896,13894,9002,52770,32545,20225,50742,39815,10927,47557,39140,8417,98299,78955,19344
2013,25 years,30167,18925,11242,21580,13130,8450,51747,32055,19692,52900,42172,10728,47140,39570,7570,100040,81742,18298
2013,26 years,29101,18710,10391,19066,11491,7575,48167,30201,17966,51622,41870,9752,43075,36493,6582,94697,78363,16334
2013,27 years,28173,18414,9759,17453,10530,6923,45626,28944,16682,49484,40390,9094,38907,32908,5999,88391,73298,15093
2013,28 years,26845,17717,9128,16089,9648,6441,42934,27365,15569,45870,37400,8470,34582,29005,5577,80452,66405,14047
2013,29 years,25324,17265,8059,14862,8999,5863,40186,26264,13922,42670,35215,7455,31188,26120,5068,73858,61335,12523
2013,30 years,23950,16526,7424,13863,8515,5348,37813,25041,12772,40249,33488,6761,28446,23894,4552,68695,57382,11313
2013,31 years,23096,16363,6733,13113,7939,5174,36209,24302,11907,38252,32173,6079,26329,21790,4539,64581,53963,10618
2013,32 years,21743,15687,6056,11871,7461,4410,33614,23148,10466,35446,29947,5499,23480,19614,3866,58926,49561,9365
2013,33 years,21685,15615,6070,11210,6968,4242,32895,22583,10312,34435,28738,5697,21608,17883,3725,56043,46621,9422
2013,34 years,20125,14847,5278,10301,6321,3980,30426,21168,9258,31060,26141,4919,19031,15461,3570,50091,41602,8489
2013,35 years,19005,14034,4971,9899,6098,3801,28904,20132,8772,29047,24405,4642,17750,14261,3489,46797,38666,8131
2013,36 years,18992,13921,5071,9066,5699,3367,28058,19620,8438,27915,23271,4644,16093,13042,3051,44008,36313,7695
2013,37 years,17840,13316,4524,8615,5342,3273,26455,18658,7797,25810,21648,4162,14833,11847,2986,40643,33495,7148
2013,38 years,17395,13045,4350,8378,5332,3046,25773,18377,7396,24508,20488,4020,13583,10804,2779,38091,31292,6799
2013,39 years,16618,12470,4148,7944,5019,2925,24562,17489,7073,23198,19284,3914,12716,10010,2706,35914,29294,6620
2013,40 years,15111,11532,3579,7619,4799,2820,22730,16331,6399,20992,17685,3307,11976,9365,2611,32968,27050,5918
2013,41 years,14816,11279,3537,7360,4709,2651,22176,15988,6188,20950,17592,3358,11855,9407,2448,32805,26999,5806
2013,42 years,14128,10837,3291,6820,4460,2360,20948,15297,5651,20410,17227,3183,11309,9103,2206,31719,26330,5389
2013,43 years,13872,10704,3168,6612,4366,2246,20484,15070,5414,20027,17048,2979,10952,8780,2172,30979,25828,5151
2013,44 years,13103,10274,2829,6410,4075,2335,19513,14349,5164,19203,16550,2653,10930,8690,2240,30133,25240,4893
2013,45 years,12608,9690,2918,6286,4142,2144,18894,13832,5062,18822,16038,2784,10881,8869,2012,29703,24907,4796
2013,46 years,11547,8987,2560,5702,3808,1894,17249,12795,4454,17625,15204,2421,10279,8530,1749,27904,23734,4170
2013,47 years,10042,8061,1981,4817,3236,1581,14859,11297,3562,16069,14173,1896,9314,7845,1469,25383,22018,3365
2013,48 years,9387,7473,1914,4765,3274,1491,14152,10747,3405,15174,13411,1763,9062,7668,1394,24236,21079,3157
2013,49 years,9168,7265,1903,4521,3076,1445,13689,10341,3348,14858,13082,1776,8989,7637,1352,23847,20719,3128
2013,50 years,8287,6793,1494,4320,2903,1417,12607,9696,2911,13457,12078,1379,8648,7265,1383,22105,19343,2762
2013,51 years,7536,6122,1414,3916,2813,1103,11452,8935,2517,12452,11041,1411,8045,6977,1068,20497,18018,2479
2013,52 years,7089,5841,1248,3727,2630,1097,10816,8471,2345,11734,10542,1192,7626,6577,1049,19360,17119,2241
2013,53 years,6853,5715,1138,3616,2613,1003,10469,8328,2141,11057,9888,1169,7150,6175,975,18207,16063,2144
2013,54 years,6044,5049,995,3338,2371,967,9382,7420,1962,9881,8951,930,6742,5827,915,16623,14778,1845
2013,55 years,5452,4664,788,3117,2330,787,8569,6994,1575,8847,8111,736,6166,5363,803,15013,13474,1539
2013,56 years,4837,4172,665,2869,2167,702,7706,6339,1367,8022,7375,647,5627,4948,679,13649,12323,1326
2013,57 years,4341,3823,518,2498,1943,555,6839,5766,1073,7281,6743,538,4983,4487,496,12264,11230,1034
2013,58 years,3630,3265,365,2323,1802,521,5953,5067,886,6390,6045,345,4644,4192,452,11034,10237,797
2013,59 years,2990,2700,290,2029,1642,387,5019,4342,677,5585,5321,264,4412,4033,379,9997,9354,643
2013,60 years,2459,2274,185,1747,1467,280,4206,3741,465,4972,4805,167,4135,3855,280,9107,8660,447
2013,61 years,1902,1812,90,1585,1443,142,3487,3255,232,4438,4372,66,3871,3764,107,8309,8136,173
2013,62 years,1700,1600,100,1406,1301,105,3106,2901,205,4094,4012,82,3888,3775,113,7982,7787,195
2013,63 years,1388,1479,-91,1327,1317,10,2715,2796,-81,4011,4179,-168,3815,3867,-52,7826,8046,-220
2013,64 years,1168,1379,-211,1196,1199,-3,2364,2578,-214,3618,3882,-264,3406,3420,-14,7024,7302,-278
2013,65 years,1070,1491,-421,1027,1177,-150,2097,2668,-571,3669,4090,-421,3185,3316,-131,6854,7406,-552
2013,66 years,928,1316,-388,947,1121,-174,1875,2437,-562,3021,3492,-471,2766,2980,-214,5787,6472,-685
2013,67 years,822,1018,-196,776,832,-56,1598,1850,-252,2402,2651,-249,2192,2295,-103,4594,4946,-352
2013,68 years,636,892,-256,580,706,-126,1216,1598,-382,2022,2321,-299,1769,1940,-171,3791,4261,-470
2013,69 years,539,750,-211,544,634,-90,1083,1384,-301,2223,2470,-247,2093,2187,-94,4316,4657,-341
2013,70 years,479,728,-249,506,600,-94,985,1328,-343,2094,2427,-333,2076,2220,-144,4170,4647,-477
2013,71 years,484,680,-196,478,550,-72,962,1230,-268,1915,2148,-233,1851,1983,-132,3766,4131,-365
2013,72 years,412,639,-227,396,486,-90,808,1125,-317,2094,2354,-260,1963,2106,-143,4057,4460,-403
2013,73 years,429,633,-204,420,520,-100,849,1153,-304,1866,2148,-282,2011,2154,-143,3877,4302,-425
2013,74 years,346,546,-200,392,452,-60,738,998,-260,1669,1945,-276,1961,2043,-82,3630,3988,-358
2013,75 years,302,499,-197,322,403,-81,624,902,-278,1467,1702,-235,1831,1948,-117,3298,3650,-352
2013,76 years,269,472,-203,312,394,-82,581,866,-285,1345,1594,-249,1695,1839,-144,3040,3433,-393
2013,77 years,230,387,-157,289,359,-70,519,746,-227,1194,1393,-199,1675,1771,-96,2869,3164,-295
2013,78 years,177,296,-119,276,294,-18,453,590,-137,1021,1183,-162,1656,1708,-52,2677,2891,-214
2013,79 years,184,284,-100,218,249,-31,402,533,-131,955,1079,-124,1479,1558,-79,2434,2637,-203
2013,80 years,141,298,-157,214,278,-64,355,576,-221,740,912,-172,1279,1385,-106,2019,2297,-278
2013,81 years,110,205,-95,189,236,-47,299,441,-142,668,781,-113,1243,1325,-82,1911,2106,-195
2013,82 years,99,158,-59,160,173,-13,259,331,-72,672,768,-96,1321,1375,-54,1993,2143,-150
2013,83 years,91,177,-86,162,167,-5,253,344,-91,706,816,-110,1394,1434,-40,2100,2250,-150
2013,84 years,62,109,-47,138,150,-12,200,259,-59,677,758,-81,1358,1427,-69,2035,2185,-150
2013,85 years,59,89,-30,108,140,-32,167,229,-62,617,674,-57,1434,1489,-55,2051,2163,-112
2013,86 years,46,80,-34,79,78,1,125,158,-33,544,594,-50,1255,1295,-40,1799,1889,-90
2013,87 years,37,62,-25,72,72,0,109,134,-25,481,517,-36,1218,1253,-35,1699,1770,-71
2013,88 years,21,40,-19,61,62,-1,82,102,-20,407,447,-40,1207,1244,-37,1614,1691,-77
2013,89 years,24,42,-18,46,67,-21,70,109,-39,316,353,-37,1079,1124,-45,1395,1477,-82
2013,90 years,18,40,-22,34,61,-27,52,101,-49,284,317,-33,953,1018,-65,1237,1335,-98
2013,91 years,21,22,-1,30,44,-14,51,66,-15,250,269,-19,845,894,-49,1095,1163,-68
2013,92 years,12,22,-10,28,22,6,40,44,-4,183,206,-23,750,766,-16,933,972,-39
2013,93 years,10,14,-4,13,14,-1,23,28,-5,155,163,-8,605,645,-40,760,808,-48
2013,94 years,11,10,1,13,19,-6,24,29,-5,93,99,-6,350,372,-22,443,471,-28
2013,95 years and over,23,39,-16,24,67,-43,47,106,-59,162,191,-29,619,695,-76,781,886,-105
2013,Total,770283,520831,249452,503991,302979,201012,1274274,823810,450464,1300153,1060349,239804,1031861,843058,188803,2332014,1903407,428607
2014,under 1 year,3475,1063,2412,3157,995,2162,6632,2058,4574,7650,4267,3383,7087,4016,3071,14737,8283,6454
2014,1 year,7928,2992,4936,7306,2830,4476,15234,5822,9412,15865,10405,5460,14707,9781,4926,30572,20186,10386
2014,2 years,8082,3120,4962,7579,3034,4545,15661,6154,9507,14853,9757,5096,13787,9104,4683,28640,18861,9779
2014,3 years,7468,2985,4483,7154,2919,4235,14622,5904,8718,13191,8789,4402,12536,8341,4195,25727,17130,8597
2014,4 years,7410,3051,4359,6822,2754,4068,14232,5805,8427,12468,8172,4296,11564,7580,3984,24032,15752,8280
2014,5 years,7241,2861,4380,6760,2712,4048,14001,5573,8428,11620,7378,4242,10949,7206,3743,22569,14584,7985
2014,6 years,6823,2806,4017,6481,2803,3678,13304,5609,7695,11210,7568,3642,10667,7341,3326,21877,14909,6968
2014,7 years,6039,2321,3718,5784,2325,3459,11823,4646,7177,9738,6176,3562,9304,6041,3263,19042,12217,6825
2014,8 years,5777,2106,3671,5466,2099,3367,11243,4205,7038,9109,5419,3690,8608,5278,3330,17717,10697,7020
2014,9 years,5556,1987,3569,5201,1941,3260,10757,3928,6829,8644,5040,3604,8240,4937,3303,16884,9977,6907
2014,10 years,5450,1936,3514,4990,1903,3087,10440,3839,6601,8706,5225,3481,8080,5003,3077,16786,10228,6558
2014,11 years,5134,1822,3312,4730,1695,3035,9864,3517,6347,8129,4783,3346,7508,4454,3054,15637,9237,6400
2014,12 years,4835,1773,3062,4358,1588,2770,9193,3361,5832,7688,4648,3040,7009,4231,2778,14697,8879,5818
2014,13 years,4914,1686,3228,4384,1562,2822,9298,3248,6050,7599,4364,3235,6956,4104,2852,14555,8468,6087
2014,14 years,4810,1710,3100,4399,1608,2791,9209,3318,5891,7525,4371,3154,7009,4174,2835,14534,8545,5989
2014,15 years,5437,1743,3694,4235,1646,2589,9672,3389,6283,7883,4138,3745,6813,4159,2654,14696,8297,6399
2014,16 years,7250,1995,5255,4851,1920,2931,12101,3915,8186,10145,4738,5407,7907,4896,3011,18052,9634,8418
2014,17 years,7816,2549,5267,5216,2334,2882,13032,4883,8149,11179,5795,5384,8829,5842,2987,20008,11637,8371
2014,18 years,13448,4195,9253,8713,3632,5081,22161,7827,14334,20476,10889,9587,18174,12725,5449,38650,23614,15036
2014,19 years,20531,7976,12555,15421,6593,8828,35952,14569,21383,32399,19557,12842,32424,23369,9055,64823,42926,21897
2014,20 years,25795,12131,13664,20903,9845,11058,46698,21976,24722,40541,26721,13820,41155,30069,11086,81696,56790,24906
2014,21 years,29536,16543,12993,24186,14507,9679,53722,31050,22672,44618,31684,12934,43561,34089,9472,88179,65773,22406
2014,22 years,32337,19102,13235,25569,16111,9458,57906,35213,22693,48661,35658,13003,45179,36181,8998,93840,71839,22001
2014,23 years,34466,20245,14221,26080,15765,10315,60546,36010,24536,51519,37652,13867,47131,37336,9795,98650,74988,23662
2014,24 years,36651,21940,14711,25754,15765,9989,62405,37705,24700,57139,42846,14293,50602,41231,9371,107741,84077,23664
2014,25 years,35953,22290,13663,24519,14923,9596,60472,37213,23259,57314,44353,12961,48904,40396,8508,106218,84749,21469
2014,26 years,35752,22285,13467,22312,13665,8647,58064,35950,22114,58612,45921,12691,46580,39179,7401,105192,85100,20092
2014,27 years,33837,21980,11857,20500,12401,8099,54337,34381,19956,55577,44770,10807,42263,35377,6886,97840,80147,17693
2014,28 years,31916,20902,11014,18691,11297,7394,50607,32199,18408,51561,41459,10102,37184,30929,6255,88745,72388,16357
2014,29 years,30239,20105,10134,17434,10348,7086,47673,30453,17220,47378,38145,9233,33362,27263,6099,80740,65408,15332
2014,30 years,28962,19418,9544,16001,9493,6508,44963,28911,16052,44640,35912,8728,30290,24562,5728,74930,60474,14456
2014,31 years,26730,18680,8050,14724,8815,5909,41454,27495,13959,41332,33983,7349,27506,22214,5292,68838,56197,12641
2014,32 years,25716,18211,7505,14104,8536,5568,39820,26747,13073,39635,32821,6814,25943,20984,4959,65578,53805,11773
2014,33 years,24120,17255,6865,12786,7791,4995,36906,25046,11860,36404,30179,6225,23080,18604,4476,59484,48783,10701
2014,34 years,24395,17357,7038,12192,7215,4977,36587,24572,12015,35525,29080,6445,21604,17001,4603,57129,46081,11048
2014,35 years,22483,16512,5971,11452,6669,4783,33935,23181,10754,32367,26940,5427,19505,15085,4420,51872,42025,9847
2014,36 years,21257,15576,5681,10910,6587,4323,32167,22163,10004,30243,24923,5320,17917,13996,3921,48160,38919,9241
2014,37 years,20723,15414,5309,10080,5983,4097,30803,21397,9406,28955,24083,4872,16393,12645,3748,45348,36728,8620
2014,38 years,19756,14787,4969,9689,5847,3842,29445,20634,8811,26988,22462,4526,15283,11719,3564,42271,34181,8090
2014,39 years,18949,14350,4599,9608,5714,3894,28557,20064,8493,25346,21010,4336,14535,10869,3666,39881,31879,8002
2014,40 years,18346,13891,4455,9102,5609,3493,27448,19500,7948,24492,20280,4212,13546,10269,3277,38038,30549,7489
2014,41 years,16752,12800,3952,8501,5256,3245,25253,18056,7197,22344,18592,3752,12623,9472,3151,34967,28064,6903
2014,42 years,16386,12521,3865,8303,5230,3073,24689,17751,6938,21963,18293,3670,12384,9423,2961,34347,27716,6631
2014,43 years,15353,11905,3448,7880,4990,2890,23233,16895,6338,21175,17888,3287,12040,9272,2768,33215,27160,6055
2014,44 years,15337,11736,3601,7649,4851,2798,22986,16587,6399,20942,17495,3447,11688,8995,2693,32630,26490,6140
2014,45 years,14613,11374,3239,7091,4503,2588,21704,15877,5827,20401,17311,3090,11332,8837,2495,31733,26148,5585
2014,46 years,13888,10723,3165,6978,4550,2428,20866,15273,5593,19702,16751,2951,11332,8966,2366,31034,25717,5317
2014,47 years,12723,9793,2930,6364,4142,2222,19087,13935,5152,18496,15711,2785,10790,8720,2070,29286,24431,4855
2014,48 years,10883,8543,2340,5491,3585,1906,16374,12128,4246,16519,14325,2194,9806,8040,1766,26325,22365,3960
2014,49 years,10035,8038,1997,5368,3499,1869,15403,11537,3866,15309,13497,1812,9556,7793,1763,24865,21290,3575
2014,50 years,9510,7773,1737,5041,3413,1628,14551,11186,3365,14848,13260,1588,9320,7830,1490,24168,21090,3078
2014,51 years,8496,7044,1452,4719,3275,1444,13215,10319,2896,13425,12086,1339,8828,7425,1403,22253,19511,2742
2014,52 years,7944,6545,1399,4420,3050,1370,12364,9595,2769,12419,11254,1165,8294,6925,1369,20713,18179,2534
2014,53 years,7489,6164,1325,4153,2927,1226,11642,9091,2551,11833,10622,1211,7828,6591,1237,19661,17213,2448
2014,54 years,7112,6042,1070,3986,2787,1199,11098,8829,2269,11057,10074,983,7305,6193,1112,18362,16267,2095
2014,55 years,6203,5339,864,3627,2594,1033,9830,7933,1897,9820,9014,806,6802,5804,998,16622,14818,1804
2014,56 years,5367,4792,575,3354,2501,853,8721,7293,1428,8565,8068,497,6094,5259,835,14659,13327,1332
2014,57 years,4861,4284,577,2943,2261,682,7804,6545,1259,7856,7286,570,5573,4895,678,13429,12181,1248
2014,58 years,4279,3794,485,2605,2026,579,6884,5820,1064,6955,6525,430,5066,4453,613,12021,10978,1043
2014,59 years,3666,3463,203,2429,1985,444,6095,5448,647,6139,6014,125,4678,4233,445,10817,10247,570
2014,60 years,3067,2828,239,2144,1817,327,5211,4645,566,5689,5460,229,4551,4182,369,10240,9642,598
2014,61 years,2365,2315,50,1861,1615,246,4226,3930,296,4830,4834,-4,4159,3918,241,8989,8752,237
2014,62 years,1939,1929,10,1798,1564,234,3737,3493,244,4367,4400,-33,4022,3801,221,8389,8201,188
2014,63 years,1589,1717,-128,1528,1450,78,3117,3167,-50,4265,4515,-250,3897,3834,63,8162,8349,-187
2014,64 years,1425,1551,-126,1486,1378,108,2911,2929,-18,3919,4094,-175,3855,3767,88,7774,7861,-87
2014,65 years,1249,1562,-313,1282,1346,-64,2531,2908,-377,3995,4400,-405,3688,3812,-124,7683,8212,-529
2014,66 years,1045,1422,-377,1131,1267,-136,2176,2689,-513,3252,3749,-497,3093,3273,-180,6345,7022,-677
2014,67 years,878,1150,-272,928,1031,-103,1806,2181,-375,2594,2940,-346,2541,2667,-126,5135,5607,-472
2014,68 years,762,999,-237,805,868,-63,1567,1867,-300,2205,2514,-309,2134,2223,-89,4339,4737,-398
2014,69 years,628,826,-198,668,736,-68,1296,1562,-266,1908,2158,-250,1848,1934,-86,3756,4092,-336
2014,70 years,547,783,-236,599,668,-69,1146,1451,-305,2120,2470,-350,2059,2202,-143,4179,4672,-493
2014,71 years,472,669,-197,518,613,-95,990,1282,-292,1882,2158,-276,1898,2028,-130,3780,4186,-406
2014,72 years,467,689,-222,519,566,-47,986,1255,-269,1742,2024,-282,1826,1933,-107,3568,3957,-389
2014,73 years,447,669,-222,460,536,-76,907,1205,-298,1916,2192,-276,2053,2175,-122,3969,4367,-398
2014,74 years,415,650,-235,505,555,-50,920,1205,-285,1778,2072,-294,2126,2217,-91,3904,4289,-385
2014,75 years,356,590,-234,417,515,-98,773,1105,-332,1621,1911,-290,1982,2118,-136,3603,4029,-426
2014,76 years,351,532,-181,399,461,-62,750,993,-243,1457,1679,-222,1825,1917,-92,3282,3596,-314
2014,77 years,247,448,-201,378,393,-15,625,841,-216,1231,1458,-227,1739,1808,-69,2970,3266,-296
2014,78 years,219,387,-168,321,333,-12,540,720,-180,1117,1318,-201,1653,1704,-51,2770,3022,-252
2014,79 years,185,302,-117,313,312,1,498,614,-116,1037,1182,-145,1665,1703,-38,2702,2885,-183
2014,80 years,177,345,-168,243,287,-44,420,632,-212,926,1140,-214,1540,1617,-77,2466,2757,-291
2014,81 years,136,254,-118,218,243,-25,354,497,-143,699,855,-156,1212,1279,-67,1911,2134,-223
2014,82 years,108,174,-66,198,226,-28,306,400,-94,631,727,-96,1274,1350,-76,1905,2077,-172
2014,83 years,102,161,-59,167,178,-11,269,339,-70,620,707,-87,1225,1283,-58,1845,1990,-145
2014,84 years,85,129,-44,171,164,7,256,293,-37,661,724,-63,1381,1433,-52,2042,2157,-115
2014,85 years,74,105,-31,127,149,-22,201,254,-53,629,683,-54,1397,1444,-47,2026,2127,-101
2014,86 years,69,96,-27,112,115,-3,181,211,-30,581,636,-55,1351,1385,-34,1932,2021,-89
2014,87 years,54,84,-30,90,90,0,144,174,-30,499,560,-61,1211,1260,-49,1710,1820,-110
2014,88 years,36,56,-20,70,81,-11,106,137,-31,411,451,-40,1197,1232,-35,1608,1683,-75
2014,89 years,34,43,-9,66,83,-17,100,126,-26,394,423,-29,1121,1176,-55,1515,1599,-84
2014,90 years,12,38,-26,46,71,-25,58,109,-51,252,297,-45,960,1020,-60,1212,1317,-105
2014,91 years,18,24,-6,38,50,-12,56,74,-18,235,251,-16,703,748,-45,938,999,-61
2014,92 years,12,23,-11,32,28,4,44,51,-7,194,214,-20,688,717,-29,882,931,-49
2014,93 years,14,18,-4,20,32,-12,34,50,-16,159,172,-13,619,660,-41,778,832,-54
2014,94 years,6,16,-10,9,26,-17,15,42,-27,111,130,-19,440,470,-30,551,600,-49
2014,95 years and over,22,69,-47,31,103,-72,53,172,-119,185,240,-55,683,796,-113,868,1036,-168
2014,Total,933852,607977,325875,600203,349154,251049,1534055,957131,576924,1454804,1142165,312639,1120636,882792,237844,2575440,2024957,550483
2015,under 1 year,7705,1593,6112,6316,1391,4925,14021,2984,11037,11735,4652,7083,10065,4218,5847,21800,8870,12930
2015,1 year,14529,4090,10439,13010,3867,9143,27539,7957,19582,22553,11594,10959,20539,10912,9627,43092,22506,20586
2015,2 years,14540,4060,10480,12596,3857,8739,27136,7917,19219,20878,10152,10726,18425,9545,8880,39303,19697,19606
2015,3 years,14399,4080,10319,12640,3838,8802,27039,7918,19121,20034,9636,10398,17821,8953,8868,37855,18589,19266
2015,4 years,13604,3716,9888,11998,3611,8387,25602,7327,18275,18388,8509,9879,16452,8134,8318,34840,16643,18197
2015,5 years,13946,3891,10055,11745,3491,8254,25691,7382,18309,18342,8398,9944,15856,7738,8118,34198,16136,18062
2015,6 years,13246,3771,9475,11511,3595,7916,24757,7366,17391,17358,8260,9098,15386,7750,7636,32744,16010,16734
2015,7 years,12906,3417,9489,10902,3156,7746,23808,6573,17235,16444,7036,9408,14231,6572,7659,30675,13608,17067
2015,8 years,11782,2899,8883,9914,2714,7200,21696,5613,16083,14841,6011,8830,12933,5716,7217,27774,11727,16047
2015,9 years,11090,2833,8257,9092,2467,6625,20182,5300,14882,14050,5754,8296,11881,5227,6654,25931,10981,14950
2015,10 years,11109,2718,8391,8978,2461,6517,20087,5179,14908,14150,5735,8415,11941,5365,6576,26091,11100,14991
2015,11 years,10292,2742,7550,8335,2447,5888,18627,5189,13438,13062,5485,7577,11127,5156,5971,24189,10641,13548
2015,12 years,10134,2473,7661,7835,2187,5648,17969,4660,13309,12913,5193,7720,10367,4724,5643,23280,9917,13363
2015,13 years,10168,2420,7748,7400,2079,5321,17568,4499,13069,12766,4991,7775,9896,4526,5370,22662,9517,13145
2015,14 years,11424,2580,8844,7252,2205,5047,18676,4785,13891,13957,5020,8937,9690,4575,5115,23647,9595,14052
2015,15 years,14898,2846,12052,7867,2189,5678,22765,5035,17730,17456,5315,12141,10482,4743,5739,27938,10058,17880
2015,16 years,22259,3656,18603,8214,2473,5741,30473,6129,24344,25020,6221,18799,11183,5334,5849,36203,11555,24648
2015,17 years,23286,4336,18950,8672,2886,5786,31958,7222,24736,26574,7418,19156,12060,6117,5943,38634,13535,25099
2015,18 years,37836,6919,30917,13176,4355,8821,51012,11274,39738,45150,13766,31384,22614,13364,9250,67764,27130,40634
2015,19 years,43195,11266,31929,20606,7218,13388,63801,18484,45317,55350,23034,32316,38094,24368,13726,93444,47402,46042
2015,20 years,50237,16641,33596,26589,10902,15687,76826,27543,49283,63945,30247,33698,45801,30042,15759,109746,60289,49457
2015,21 years,50634,20729,29905,29378,15538,13840,80012,36267,43745,64638,34848,29790,47560,33821,13739,112198,68669,43529
2015,22 years,53197,23169,30028,30524,17182,13342,83721,40351,43370,68726,38877,29849,49745,36718,13027,118471,75595,42876
2015,23 years,54947,24435,30512,31234,16746,14488,86181,41181,45000,71546,41284,30262,51433,37369,14064,122979,78653,44326
2015,24 years,54044,25017,29027,30520,16349,14171,84564,41366,43198,72015,43322,28693,52040,38407,13633,124055,81729,42326
2015,25 years,57605,26561,31044,30273,16034,14239,87878,42595,45283,78501,48092,30409,54555,41387,13168,133056,89479,43577
2015,26 years,53313,26135,27178,28196,14903,13293,81509,41038,40471,74616,48266,26350,51314,39142,12172,125930,87408,38522
2015,27 years,51882,25987,25895,26225,13599,12626,78107,39586,38521,74074,49218,24856,48363,36872,11491,122437,86090,36347
2015,28 years,47708,24855,22853,23918,12212,11706,71626,37067,34559,67346,45317,22029,42535,31912,10623,109881,77229,32652
2015,29 years,44010,23681,20329,21873,11392,10481,65883,35073,30810,61491,42093,19398,38153,28486,9667,99644,70579,29065
2015,30 years,42193,22386,19807,21257,10697,10560,63450,33083,30367,57945,38892,19053,35396,25505,9891,93341,64397,28944
2015,31 years,38106,21342,16764,19306,9705,9601,57412,31047,26365,52582,36482,16100,31996,22933,9063,84578,59415,25163
2015,32 years,35156,19877,15279,17782,9026,8756,52938,28903,24035,48378,33667,14711,29188,20900,8288,77566,54567,22999
2015,33 years,33676,19232,14444,16644,8439,8205,50320,27671,22649,45928,31978,13950,26901,19099,7802,72829,51077,21752
2015,34 years,30936,18239,12697,15202,7775,7427,46138,26014,20124,42025,29757,12268,24384,17334,7050,66409,47091,19318
2015,35 years,32091,18131,13960,15592,7663,7929,47683,25794,21889,42398,28741,13657,23951,16314,7637,66349,45055,21294
2015,36 years,28420,16933,11487,14142,7049,7093,42562,23982,18580,37324,26225,11099,21302,14445,6857,58626,40670,17956
2015,37 years,26777,16240,10537,13180,6785,6395,39957,23025,16932,34950,24741,10209,19549,13416,6133,54499,38157,16342
2015,38 years,25984,16084,9900,12620,6407,6213,38604,22491,16113,33456,23831,9625,18321,12300,6021,51777,36131,15646
2015,39 years,24378,15469,8909,11580,6082,5498,35958,21551,14407,31064,22436,8628,16540,11249,5291,47604,33685,13919
2015,40 years,23615,14812,8803,11706,6137,5569,35321,20949,14372,29665,20921,8744,16132,10692,5440,45797,31613,14184
2015,41 years,22166,14274,7892,10984,5737,5247,33150,20011,13139,27595,19857,7738,14871,9650,5221,42466,29507,12959
2015,42 years,20186,13158,7028,10424,5394,5030,30610,18552,12058,25217,18225,6992,14037,9035,5002,39254,27260,11994
2015,43 years,19631,12867,6764,9932,5444,4488,29563,18311,11252,24791,18030,6761,13727,9361,4366,38518,27391,11127
2015,44 years,18553,12131,6422,9322,5141,4181,27875,17272,10603,23873,17583,6290,13183,9091,4092,37056,26674,10382
2015,45 years,18077,11920,6157,9061,5027,4034,27138,16947,10191,23318,17242,6076,12851,8881,3970,36169,26123,10046
2015,46 years,17114,11570,5544,8512,4660,3852,25626,16230,9396,22615,17122,5493,12584,8837,3747,35199,25959,9240
2015,47 years,15972,10795,5177,8250,4572,3678,24222,15367,8855,21578,16519,5059,12394,8793,3601,33972,25312,8660
2015,48 years,14479,9951,4528,7425,4330,3095,21904,14281,7623,19838,15389,4449,11593,8522,3071,31431,23911,7520
2015,49 years,12206,8539,3667,6318,3735,2583,18524,12274,6250,17570,14027,3543,10430,7896,2534,28000,21923,6077
2015,50 years,11275,7952,3323,6146,3596,2550,17421,11548,5873,16386,13186,3200,10304,7758,2546,26690,20944,5746
2015,51 years,10460,7576,2884,5532,3504,2028,15992,11080,4912,15461,12618,2843,9582,7604,1978,25043,20222,4821
2015,52 years,9580,6963,2617,5356,3324,2032,14936,10287,4649,14340,11733,2607,9270,7248,2022,23610,18981,4629
2015,53 years,8752,6379,2373,4942,3153,1789,13694,9532,4162,13050,10642,2408,8583,6846,1737,21633,17488,4145
2015,54 years,7818,5820,1998,4569,2972,1597,12387,8792,3595,11817,9848,1969,8137,6496,1641,19954,16344,3610
2015,55 years,7507,5623,1884,4609,2940,1669,12116,8563,3553,11142,9254,1888,7828,6163,1665,18970,15417,3553
2015,56 years,6265,4986,1279,3725,2624,1101,9990,7610,2380,9611,8363,1248,6678,5544,1134,16289,13907,2382
2015,57 years,5767,4439,1328,3656,2506,1150,9423,6945,2478,8828,7472,1356,6365,5215,1150,15193,12687,2506
2015,58 years,4946,3998,948,3144,2253,891,8090,6251,1839,7786,6824,962,5678,4774,904,13464,11598,1866
2015,59 years,4324,3478,846,2840,2037,803,7164,5515,1649,6877,5999,878,5298,4443,855,12175,10442,1733
2015,60 years,3785,2974,811,2736,2017,719,6521,4991,1530,6292,5477,815,5080,4330,750,11372,9807,1565
2015,61 years,3042,2506,536,2238,1834,404,5280,4340,940,5494,4969,525,4664,4262,402,10158,9231,927
2015,62 years,2366,1974,392,1921,1505,416,4287,3479,808,4747,4351,396,4146,3701,445,8893,8052,841
2015,63 years,2023,1787,236,1800,1523,277,3823,3310,513,4856,4697,159,4568,4294,274,9424,8991,433
2015,64 years,1678,1568,110,1460,1363,97,3138,2931,207,4267,4176,91,3904,3841,63,8171,8017,154
2015,65 years,1578,1516,62,1580,1392,188,3158,2908,250,4338,4291,47,4014,3819,195,8352,8110,242
2015,66 years,1127,1380,-253,1250,1289,-39,2377,2669,-292,3717,4024,-307,3524,3588,-64,7241,7612,-371
2015,67 years,1031,1186,-155,1087,1058,29,2118,2244,-126,2848,3053,-205,2894,2844,50,5742,5897,-155
2015,68 years,891,1039,-148,929,946,-17,1820,1985,-165,2491,2687,-196,2424,2430,-6,4915,5117,-202
2015,69 years,739,870,-131,765,824,-59,1504,1694,-190,2103,2263,-160,2032,2093,-61,4135,4356,-221
2015,70 years,649,775,-126,699,690,9,1348,1465,-117,1866,2024,-158,1872,1881,-9,3738,3905,-167
2015,71 years,553,681,-128,590,599,-9,1143,1280,-137,2067,2226,-159,1974,2006,-32,4041,4232,-191
2015,72 years,462,624,-162,524,554,-30,986,1178,-192,1915,2097,-182,1875,1919,-44,3790,4016,-226
2015,73 years,457,598,-141,478,546,-68,935,1144,-209,1735,1895,-160,1751,1822,-71,3486,3717,-231
2015,74 years,413,570,-157,441,467,-26,854,1037,-183,1821,2044,-223,2028,2047,-19,3849,4091,-242
2015,75 years,430,598,-168,471,483,-12,901,1081,-180,1760,1972,-212,1957,1988,-31,3717,3960,-243
2015,76 years,321,494,-173,364,412,-48,685,906,-221,1522,1711,-189,1920,1987,-67,3442,3698,-256
2015,77 years,330,463,-133,358,417,-59,688,880,-192,1365,1525,-160,1866,1970,-104,3231,3495,-264
2015,78 years,255,387,-132,356,350,6,611,737,-126,1217,1389,-172,1720,1736,-16,2937,3125,-188
2015,79 years,216,327,-111,266,286,-20,482,613,-131,1048,1194,-146,1594,1660,-66,2642,2854,-212
2015,80 years,206,332,-126,262,271,-9,468,603,-135,1057,1206,-149,1656,1716,-60,2713,2922,-209
2015,81 years,156,295,-139,233,229,4,389,524,-135,887,1046,-159,1511,1538,-27,2398,2584,-186
2015,82 years,135,221,-86,185,224,-39,320,445,-125,708,808,-100,1243,1303,-60,1951,2111,-160
2015,83 years,121,183,-62,182,178,4,303,361,-58,664,747,-83,1229,1251,-22,1893,1998,-105
2015,84 years,107,150,-43,146,145,1,253,295,-42,606,671,-65,1211,1238,-27,1817,1909,-92
2015,85 years,86,148,-62,171,177,-6,257,325,-68,640,714,-74,1379,1416,-37,2019,2130,-111
2015,86 years,54,102,-48,95,111,-16,149,213,-64,574,643,-69,1275,1331,-56,1849,1974,-125
2015,87 years,57,74,-17,108,117,-9,165,191,-26,529,560,-31,1244,1290,-46,1773,1850,-77
2015,88 years,33,75,-42,79,90,-11,112,165,-53,422,470,-48,1128,1175,-47,1550,1645,-95
2015,89 years,32,45,-13,84,83,1,116,128,-12,378,405,-27,1090,1105,-15,1468,1510,-42
2015,90 years,17,56,-39,58,72,-14,75,128,-53,297,349,-52,916,972,-56,1213,1321,-108
2015,91 years,19,27,-8,41,62,-21,60,89,-29,222,242,-20,765,805,-40,987,1047,-60
2015,92 years,19,21,-2,24,32,-8,43,53,-10,197,205,-8,639,664,-25,836,869,-33
2015,93 years,9,14,-5,12,28,-16,21,42,-21,154,167,-13,570,589,-19,724,756,-32
2015,94 years,9,18,-9,15,34,-19,24,52,-28,120,127,-7,472,504,-32,592,631,-39
2015,95 years and over,21,62,-41,48,117,-69,69,179,-110,189,243,-54,853,953,-100,1042,1196,-154
2015,Total,1439762,698820,740942,802603,386583,416020,2242365,1085403,1156962,1950440,1218016,732424,1312583,905605,406978,3263023,2123621,1139402
2016,under 1 year,4134,2076,2058,3838,2017,1821,7972,4093,3879,8427,5813,2614,7796,5454,2342,16223,11267,4956
2016,1 year,12868,6663,6205,11687,5918,5769,24555,12581,11974,20961,14671,6290,19406,13539,5867,40367,28210,12157
2016,2 years,13199,6416,6783,12263,5916,6347,25462,12332,13130,19850,13311,6539,18486,12391,6095,38336,25702,12634
2016,3 years,12459,6126,6333,11461,5604,5857,23920,11730,12190,18025,12122,5903,16806,11252,5554,34831,23374,11457
2016,4 years,12489,6091,6398,11150,5340,5810,23639,11431,12208,17315,11315,6000,15676,10182,5494,32991,21497,11494
2016,5 years,11802,5714,6088,10581,5152,5429,22383,10866,11517,16062,10458,5604,14595,9649,4946,30657,20107,10550
2016,6 years,11510,5719,5791,10204,5123,5081,21714,10842,10872,15783,10686,5097,14332,9891,4441,30115,20577,9538
2016,7 years,10968,5126,5842,9941,4778,5163,20909,9904,11005,14439,8988,5451,13107,8345,4762,27546,17333,10213
2016,8 years,10702,4732,5970,9498,4213,5285,20200,8945,11255,13857,8150,5707,12522,7433,5089,26379,15583,10796
2016,9 years,9662,4346,5316,8617,3955,4662,18279,8301,9978,12621,7507,5114,11571,7123,4448,24192,14630,9562
2016,10 years,9439,4190,5249,8117,3728,4389,17556,7918,9638,12509,7508,5001,11140,6967,4173,23649,14475,9174
2016,11 years,8841,4070,4771,7669,3497,4172,16510,7567,8943,11580,6981,4599,10332,6321,4011,21912,13302,8610
2016,12 years,8451,3956,4495,7144,3350,3794,15595,7306,8289,11180,6883,4297,9707,6053,3654,20887,12936,7951
2016,13 years,8542,3862,4680,7006,3263,3743,15548,7125,8423,11119,6639,4480,9483,5918,3565,20602,12557,8045
2016,14 years,9071,3920,5151,6478,3003,3475,15549,6923,8626,11635,6626,5009,8916,5637,3279,20551,12263,8288
2016,15 years,11098,4448,6650,6762,3116,3646,17860,7564,10296,13515,7015,6500,9284,5734,3550,22799,12749,10050
2016,16 years,17268,6241,11027,7947,3438,4509,25215,9679,15536,20220,9312,10908,11008,6679,4329,31228,15991,15237
2016,17 years,23650,8711,14939,8280,3983,4297,31930,12694,19236,26990,12269,14721,11941,7838,4103,38931,20107,18824
2016,18 years,27500,11426,16074,12246,5448,6798,39746,16874,22872,35286,19732,15554,22143,15614,6529,57429,35346,22083
2016,19 years,36459,19524,16935,20126,8883,11243,56585,28407,28178,50412,34691,15721,39651,29077,10574,90063,63768,26295
2016,20 years,40679,25143,15536,25843,13166,12677,66522,38309,28213,56349,42554,13795,47324,35728,11596,103673,78282,25391
2016,21 years,42573,30037,12536,28937,18078,10859,71510,48115,23395,57789,47412,10377,47997,38379,9618,105786,85791,19995
2016,22 years,44268,31492,12776,29310,19708,9602,73578,51200,22378,60575,50318,10257,48406,40223,8183,108981,90541,18440
2016,23 years,45137,32434,12703,29650,18683,10967,74787,51117,23670,62662,52963,9699,50538,41217,9321,113200,94180,19020
2016,24 years,45414,33314,12100,29066,18396,10670,74480,51710,22770,63759,54882,8877,50806,41831,8975,114565,96713,17852
2016,25 years,44670,33149,11521,27684,17346,10338,72354,50495,21859,64692,56746,7946,50415,42091,8324,115107,98837,16270
2016,26 years,45965,35184,10781,27363,17389,9974,73328,52573,20755,68698,61924,6774,51540,43812,7728,120238,105736,14502
2016,27 years,43279,33277,10002,25424,15780,9644,68703,49057,19646,65483,59304,6179,47488,39940,7548,112971,99244,13727
2016,28 years,41826,32688,9138,23052,14741,8311,64878,47429,17449,63031,57592,5439,42716,36530,6186,105747,94122,11625
2016,29 years,38146,30193,7953,21415,13489,7926,59561,43682,15879,56962,52562,4400,38185,32032,6153,95147,84594,10553
2016,30 years,35542,28307,7235,19947,12332,7615,55489,40639,14850,52903,49127,3776,34943,28816,6127,87846,77943,9903
2016,31 years,34425,27339,7086,18681,11426,7255,53106,38765,14341,49758,45862,3896,31819,25876,5943,81577,71738,9839
2016,32 years,30868,24819,6049,16912,10564,6348,47780,35383,12397,44962,42074,2888,28530,23330,5200,73492,65404,8088
2016,33 years,28590,23246,5344,15711,9727,5984,44301,32973,11328,41383,38878,2505,26317,21317,5000,67700,60195,7505
2016,34 years,27379,22292,5087,14448,9116,5332,41827,31408,10419,39387,36964,2423,24024,19597,4427,63411,56561,6850
2016,35 years,25531,20987,4544,13471,8433,5038,39002,29420,9582,36369,34356,2013,22091,17844,4247,58460,52200,6260
2016,36 years,25769,21306,4463,13233,8386,4847,39002,29692,9310,35874,33855,2019,21078,16934,4144,56952,50789,6163
2016,37 years,23357,19237,4120,11945,7614,4331,35302,26851,8451,32244,30240,2004,18827,15270,3557,51071,45510,5561
2016,38 years,22581,18813,3768,11512,7172,4340,34093,25985,8108,30598,28941,1657,17386,13724,3662,47984,42665,5319
2016,39 years,21504,18121,3383,11043,7183,3860,32547,25304,7243,28637,27022,1615,16294,13061,3233,44931,40083,4848
2016,40 years,20435,17306,3129,10529,6708,3821,30964,24014,6950,26829,25437,1392,15259,12024,3235,42088,37461,4627
2016,41 years,20362,17345,3017,10087,6678,3409,30449,24023,6426,26089,24656,1433,14067,11239,2828,40156,35895,4261
2016,42 years,18885,16306,2579,9699,6413,3286,28584,22719,5865,24310,23166,1144,13527,10682,2845,37837,33848,3989
2016,43 years,17332,14782,2550,9192,6113,3079,26524,20895,5629,22192,20953,1239,12858,10163,2695,35050,31116,3934
2016,44 years,16775,14270,2505,8582,5924,2658,25357,20194,5163,21925,20763,1162,12187,9976,2211,34112,30739,3373
2016,45 years,16062,13696,2366,8365,5661,2704,24427,19357,5070,21381,20417,964,12009,9776,2233,33390,30193,3197
2016,46 years,15516,13361,2155,8037,5531,2506,23553,18892,4661,20804,20038,766,11834,9756,2078,32638,29794,2844
2016,47 years,14406,12664,1742,7510,5263,2247,21916,17927,3989,19758,19433,325,11470,9758,1712,31228,29191,2037
2016,48 years,14067,12154,1913,7467,5309,2158,21534,17463,4071,19628,19073,555,11686,9985,1701,31314,29058,2256
2016,49 years,12748,10988,1760,6549,4618,1931,19297,15606,3691,18119,17697,422,10772,9289,1483,28891,26986,1905
2016,50 years,10720,9269,1451,5751,4140,1611,16471,13409,3062,16028,15876,152,9896,8808,1088,25924,24684,1240
2016,51 years,10016,8641,1375,5446,3946,1500,15462,12587,2875,15095,14902,193,9559,8490,1069,24654,23392,1262
2016,52 years,9139,8258,881,4896,3653,1243,14035,11911,2124,14138,14392,-254,8854,8015,839,22992,22407,585
2016,53 years,8118,7271,847,4746,3675,1071,12864,10946,1918,12800,13018,-218,8656,7927,729,21456,20945,511
2016,54 years,7365,6784,581,4210,3257,953,11575,10041,1534,11639,12017,-378,7758,7111,647,19397,19128,269
2016,55 years,6651,6106,545,3863,3087,776,10514,9193,1321,10709,11134,-425,7210,6716,494,17919,17850,69
2016,56 years,6613,5922,691,3780,2949,831,10393,8871,1522,10349,10445,-96,6822,6262,560,17171,16707,464
2016,57 years,5461,5068,393,3188,2648,540,8649,7716,933,8763,9090,-327,6067,5768,299,14830,14858,-28
2016,58 years,4834,4475,359,2896,2504,392,7730,6979,751,7836,8094,-258,5447,5268,179,13283,13362,-79
2016,59 years,4122,3901,221,2699,2409,290,6821,6310,511,6800,7174,-374,5099,5045,54,11899,12219,-320
2016,60 years,3584,3570,14,2392,2109,283,5976,5679,297,6152,6683,-531,4738,4598,140,10890,11281,-391
2016,61 years,3076,3048,28,2183,1992,191,5259,5040,219,5693,6068,-375,4553,4536,17,10246,10604,-358
2016,62 years,2534,2475,59,1898,1708,190,4432,4183,249,4831,5222,-391,4245,4215,30,9076,9437,-361
2016,63 years,1979,2057,-78,1612,1582,30,3591,3639,-48,4743,5261,-518,4327,4452,-125,9070,9713,-643
2016,64 years,1698,1707,-9,1504,1453,51,3202,3160,42,4537,4902,-365,4140,4206,-66,8677,9108,-431
2016,65 years,1374,1550,-176,1252,1302,-50,2626,2852,-226,4009,4537,-528,3725,3909,-184,7734,8446,-712
2016,66 years,1287,1525,-238,1304,1361,-57,2591,2886,-295,3866,4470,-604,3609,3787,-178,7475,8257,-782
2016,67 years,911,1116,-205,1058,1177,-119,1969,2293,-324,3009,3523,-514,3034,3253,-219,6043,6776,-733
2016,68 years,846,986,-140,901,1006,-105,1747,1992,-245,2610,3009,-399,2559,2789,-230,5169,5798,-629
2016,69 years,761,899,-138,820,867,-47,1581,1766,-185,2277,2607,-330,2290,2401,-111,4567,5008,-441
2016,70 years,636,808,-172,700,814,-114,1336,1622,-286,1949,2320,-371,1936,2154,-218,3885,4474,-589
2016,71 years,572,693,-121,672,616,56,1244,1309,-65,1675,1937,-262,1774,1802,-28,3449,3739,-290
2016,72 years,413,578,-165,538,574,-36,951,1152,-201,1766,2091,-325,1937,2067,-130,3703,4158,-455
2016,73 years,389,548,-159,456,497,-41,845,1045,-200,1731,2045,-314,1857,1980,-123,3588,4025,-437
2016,74 years,344,527,-183,417,480,-63,761,1007,-246,1583,1864,-281,1748,1900,-152,3331,3764,-433
2016,75 years,340,498,-158,379,388,-9,719,886,-167,1608,1887,-279,1997,2139,-142,3605,4026,-421
2016,76 years,332,483,-151,382,424,-42,714,907,-193,1623,1901,-278,1948,2090,-142,3571,3991,-420
2016,77 years,273,404,-131,352,379,-27,625,783,-158,1534,1748,-214,1922,2044,-122,3456,3792,-336
2016,78 years,239,348,-109,273,336,-63,512,684,-172,1293,1525,-232,1790,1970,-180,3083,3495,-412
2016,79 years,181,336,-155,283,305,-22,464,641,-177,1139,1372,-233,1709,1861,-152,2848,3233,-385
2016,80 years,161,260,-99,246,295,-49,407,555,-148,1050,1237,-187,1678,1825,-147,2728,3062,-334
2016,81 years,147,223,-76,226,227,-1,373,450,-77,949,1099,-150,1677,1764,-87,2626,2863,-237
2016,82 years,139,218,-79,184,186,-2,323,404,-81,836,983,-147,1478,1586,-108,2314,2569,-255
2016,83 years,110,193,-83,170,152,18,280,345,-65,671,810,-139,1246,1323,-77,1917,2133,-216
2016,84 years,95,130,-35,175,153,22,270,283,-13,641,730,-89,1225,1276,-51,1866,2006,-140
2016,85 years,82,114,-32,130,134,-4,212,248,-36,598,681,-83,1276,1397,-121,1874,2078,-204
2016,86 years,59,76,-17,133,126,7,192,202,-10,566,601,-35,1340,1444,-104,1906,2045,-139
2016,87 years,52,74,-22,127,89,38,179,163,16,531,592,-61,1316,1361,-45,1847,1953,-106
2016,88 years,53,57,-4,68,72,-4,121,129,-8,511,548,-37,1204,1276,-72,1715,1824,-109
2016,89 years,21,33,-12,79,72,7,100,105,-5,406,466,-60,1048,1118,-70,1454,1584,-130
2016,90 years,15,36,-21,35,66,-31,50,102,-52,343,397,-54,988,1114,-126,1331,1511,-180
2016,91 years,19,24,-5,48,46,2,67,70,-3,272,295,-23,912,984,-72,1184,1279,-95
2016,92 years,8,21,-13,40,29,11,48,50,-2,189,221,-32,684,728,-44,873,949,-76
2016,93 years,9,16,-7,23,16,7,32,32,0,142,164,-22,586,632,-46,728,796,-68
2016,94 years,7,11,-4,15,27,-12,22,38,-16,133,155,-22,484,550,-66,617,705,-88
2016,95 years and over,17,33,-16,28,61,-33,45,94,-49,227,270,-43,963,1112,-149,1190,1382,-192
2016,Total,1240005,898977,341028,754257,460061,294196,1994262,1359038,635224,1774786,1526249,248537,1279606,1028350,251256,3054392,2554599,499793
2017,under 1 year,3361,1559,1802,3179,1571,1608,6540,3130,3410,7473,4993,2480,7052,4859,2193,14525,9852,4673
2017,1 year,7769,4619,3150,7183,4372,2811,14952,8991,5961,15834,12493,3341,14603,11703,2900,30437,24196,6241
2017,2 years,8803,4578,4225,8026,4248,3778,16829,8826,8003,15200,11073,4127,13866,10145,3721,29066,21218,7848
2017,3 years,8159,4132,4027,7719,3956,3763,15878,8088,7790,13803,9930,3873,13077,9475,3602,26880,19405,7475
2017,4 years,7562,3934,3628,7128,3612,3516,14690,7546,7144,12158,8723,3435,11487,8128,3359,23645,16851,6794
2017,5 years,7791,3957,3834,7159,3604,3555,14950,7561,7389,11934,8337,3597,11085,7821,3264,23019,16158,6861
2017,6 years,7248,3714,3534,6722,3518,3204,13970,7232,6738,11247,8105,3142,10475,7695,2780,21722,15800,5922
2017,7 years,6834,3267,3567,6444,2999,3445,13278,6266,7012,10290,6897,3393,9700,6449,3251,19990,13346,6644
2017,8 years,6537,3118,3419,6078,2776,3302,12615,5894,6721,9360,6050,3310,8965,5714,3251,18325,11764,6561
2017,9 years,6470,2857,3613,6077,2689,3388,12547,5546,7001,9349,5782,3567,8885,5532,3353,18234,11314,6920
2017,10 years,5856,2592,3264,5607,2504,3103,11463,5096,6367,8749,5505,3244,8470,5434,3036,17219,10939,6280
2017,11 years,5731,2475,3256,5278,2223,3055,11009,4698,6311,8509,5198,3311,7790,4852,2938,16299,10050,6249
2017,12 years,5533,2461,3072,4920,2190,2730,10453,4651,5802,8230,5204,3026,7397,4679,2718,15627,9883,5744
2017,13 years,5156,2269,2887,4698,2076,2622,9854,4345,5509,7681,4821,2860,7013,4412,2601,14694,9233,5461
2017,14 years,5368,2368,3000,4522,1980,2542,9890,4348,5542,7797,4834,2963,6706,4208,2498,14503,9042,5461
2017,15 years,5629,2401,3228,4616,1957,2659,10245,4358,5887,8026,4781,3245,6944,4250,2694,14970,9031,5939
2017,16 years,7448,3179,4269,5164,2247,2917,12612,5426,7186,10172,5933,4239,7918,5011,2907,18090,10944,7146
2017,17 years,8487,4132,4355,5779,2928,2851,14266,7060,7206,11809,7522,4287,9215,6422,2793,21024,13944,7080
2017,18 years,14650,7346,7304,9776,4407,5369,24426,11753,12673,22251,15153,7098,19516,14217,5299,41767,29370,12397
2017,19 years,24248,13297,10951,17109,7606,9503,41357,20903,20454,37497,27102,10395,36004,26850,9154,73501,53952,19549
2017,20 years,29469,19458,10011,23033,11796,11237,52502,31254,21248,44721,35740,8981,43852,33228,10624,88573,68968,19605
2017,21 years,32689,23645,9044,26262,16100,10162,58951,39745,19206,47707,40007,7700,44946,35503,9443,92653,75510,17143
2017,22 years,34856,25528,9328,26454,17476,8978,61310,43004,18306,50354,42505,7849,45140,36992,8148,95494,79497,15997
2017,23 years,36316,26062,10254,26637,16082,10555,62953,42144,20809,52980,44399,8581,46695,37169,9526,99675,81568,18107
2017,24 years,36315,26608,9707,25548,15669,9879,61863,42277,19586,54699,46833,7866,46348,37698,8650,101047,84531,16516
2017,25 years,36511,27378,9133,24362,15134,9228,60873,42512,18361,55716,48750,6966,45650,37832,7818,101366,86582,14784
2017,26 years,35302,26539,8763,23173,14516,8657,58475,41055,17420,55585,49041,6544,44508,37211,7297,100093,86252,13841
2017,27 years,35403,27606,7797,22125,14037,8088,57528,41643,15885,57542,52165,5377,43607,37002,6605,101149,89167,11982
2017,28 years,33575,26304,7271,20734,13184,7550,54309,39488,14821,53584,48531,5053,39038,32665,6373,92622,81196,11426
2017,29 years,32424,25999,6425,19193,12007,7186,51617,38006,13611,51171,47030,4141,35818,29761,6057,86989,76791,10198
2017,30 years,30159,24155,6004,17389,11001,6388,47548,35156,12392,46984,43228,3756,31831,26567,5264,78815,69795,9020
2017,31 years,28243,22732,5511,15835,10007,5828,44078,32739,11339,43821,40400,3421,28464,23553,4911,72285,63953,8332
2017,32 years,26317,21340,4977,14724,9208,5516,41041,30548,10493,40102,37041,3061,25934,21195,4739,66036,58236,7800
2017,33 years,24824,19976,4848,13685,8532,5153,38509,28508,10001,37513,34326,3187,23562,19123,4439,61075,53449,7626
2017,34 years,23236,18286,4950,12579,7785,4794,35815,26071,9744,34991,31597,3394,21730,17496,4234,56721,49093,7628
2017,35 years,22374,18162,4212,11847,7401,4446,34221,25563,8658,33141,30596,2545,20293,16407,3886,53434,47003,6431
2017,36 years,20993,16844,4149,10885,6696,4189,31878,23540,8338,31019,28344,2675,18453,14722,3731,49472,43066,6406
2017,37 years,21487,17119,4368,10787,6483,4304,32274,23602,8672,30879,27858,3021,17663,13870,3793,48542,41728,6814
2017,38 years,19742,15801,3941,9883,6259,3624,29625,22060,7565,27835,25056,2779,15812,12653,3159,43647,37709,5938
2017,39 years,19133,15378,3755,9512,5938,3574,28645,21316,7329,26547,23933,2614,14724,11563,3161,41271,35496,5775
2017,40 years,18407,14851,3556,9082,5706,3376,27489,20557,6932,25116,22688,2428,13820,10794,3026,38936,33482,5454
2017,41 years,17926,14285,3641,8934,5480,3454,26860,19765,7095,23994,21287,2707,13254,10072,3182,37248,31359,5889
2017,42 years,17230,14059,3171,8896,5693,3203,26126,19752,6374,22621,20244,2377,12779,9840,2939,35400,30084,5316
2017,43 years,16757,13422,3335,8601,5392,3209,25358,18814,6544,21770,19178,2592,12081,9156,2925,33851,28334,5517
2017,44 years,15258,12231,3027,7920,5016,2904,23178,17247,5931,20003,17678,2325,11309,8642,2667,31312,26320,4992
2017,45 years,14734,12027,2707,7549,4982,2567,22283,17009,5274,19473,17459,2014,10897,8598,2299,30370,26057,4313
2017,46 years,13953,11240,2713,7422,4880,2542,21375,16120,5255,19084,17141,1943,11036,8709,2327,30120,25850,4270
2017,47 years,13637,11011,2626,7020,4668,2352,20657,15679,4978,18766,16827,1939,10580,8509,2071,29346,25336,4010
2017,48 years,13210,10521,2689,6570,4490,2080,19780,15011,4769,18376,16373,2003,10385,8584,1801,28761,24957,3804
2017,49 years,12236,9974,2262,6478,4433,2045,18714,14407,4307,17506,16076,1430,10296,8539,1757,27802,24615,3187
2017,50 years,11173,9096,2077,5722,3946,1776,16895,13042,3853,16198,14845,1353,9600,8081,1519,25798,22926,2872
2017,51 years,9407,7793,1614,4835,3383,1452,14242,11176,3066,14479,13636,843,8858,7645,1213,23337,21281,2056
2017,52 years,8397,7088,1309,4428,3141,1287,12825,10229,2596,13390,12851,539,8323,7230,1093,21713,20081,1632
2017,53 years,7818,6579,1239,4193,3140,1053,12011,9719,2292,12500,12038,462,7999,7161,838,20499,19199,1300
2017,54 years,7112,6054,1058,3816,2930,886,10928,8984,1944,11695,11263,432,7436,6724,712,19131,17987,1144
2017,55 years,6487,5490,997,3393,2698,695,9880,8188,1692,10641,10184,457,6817,6326,491,17458,16510,948
2017,56 years,5897,5060,837,3185,2524,661,9082,7584,1498,9747,9434,313,6471,6038,433,16218,15472,746
2017,57 years,5488,4736,752,3045,2484,561,8533,7220,1313,9023,8698,325,5978,5619,359,15001,14317,684
2017,58 years,4727,4035,692,2514,2203,311,7241,6238,1003,7897,7664,233,5278,5071,207,13175,12735,440
2017,59 years,4070,3595,475,2270,2001,269,6340,5596,744,6939,6849,90,4686,4560,126,11625,11409,216
2017,60 years,3277,2976,301,2057,1932,125,5334,4908,426,5991,6057,-66,4468,4446,22,10459,10503,-44
2017,61 years,2844,2629,215,1863,1802,61,4707,4431,276,5485,5576,-91,4200,4245,-45,9685,9821,-136
2017,62 years,2434,2259,175,1725,1563,162,4159,3822,337,4890,5005,-115,4027,3932,95,8917,8937,-20
2017,63 years,1901,1997,-96,1457,1437,20,3358,3434,-76,4733,5145,-412,4122,4205,-83,8855,9350,-495
2017,64 years,1445,1474,-29,1341,1330,11,2786,2804,-18,4134,4459,-325,4034,4107,-73,8168,8566,-398
2017,65 years,1206,1375,-169,1201,1234,-33,2407,2609,-202,3867,4252,-385,3703,3784,-81,7570,8036,-466
2017,66 years,1011,1265,-254,1097,1138,-41,2108,2403,-295,3576,4090,-514,3423,3510,-87,6999,7600,-601
2017,67 years,909,1022,-113,960,1041,-81,1869,2063,-194,3031,3382,-351,2978,3154,-176,6009,6536,-527
2017,68 years,724,840,-116,856,908,-52,1580,1748,-168,2694,3034,-340,2588,2744,-156,5282,5778,-496
2017,69 years,647,821,-174,688,755,-67,1335,1576,-241,2252,2579,-327,2135,2342,-207,4387,4921,-534
2017,70 years,600,767,-167,666,770,-104,1266,1537,-271,2031,2356,-325,2035,2225,-190,4066,4581,-515
2017,71 years,476,676,-200,550,617,-67,1026,1293,-267,1623,1950,-327,1626,1798,-172,3249,3748,-499
2017,72 years,427,524,-97,458,514,-56,885,1038,-153,1421,1633,-212,1434,1570,-136,2855,3203,-348
2017,73 years,348,504,-156,384,472,-88,732,976,-244,1672,1928,-256,1656,1863,-207,3328,3791,-463
2017,74 years,287,411,-124,354,394,-40,641,805,-164,1484,1703,-219,1584,1756,-172,3068,3459,-391
2017,75 years,286,407,-121,344,388,-44,630,795,-165,1373,1608,-235,1640,1781,-141,3013,3389,-376
2017,76 years,243,374,-131,312,327,-15,555,701,-146,1538,1759,-221,1801,1892,-91,3339,3651,-312
2017,77 years,271,395,-124,291,350,-59,562,745,-183,1490,1722,-232,1830,1993,-163,3320,3715,-395
2017,78 years,239,316,-77,264,308,-44,503,624,-121,1288,1453,-165,1833,1970,-137,3121,3423,-302
2017,79 years,186,293,-107,271,294,-23,457,587,-130,1167,1365,-198,1709,1888,-179,2876,3253,-377
2017,80 years,159,270,-111,232,287,-55,391,557,-166,1017,1209,-192,1558,1730,-172,2575,2939,-364
2017,81 years,111,226,-115,167,239,-72,278,465,-187,901,1097,-196,1455,1668,-213,2356,2765,-409
2017,82 years,116,198,-82,178,200,-22,294,398,-104,917,1070,-153,1537,1691,-154,2454,2761,-307
2017,83 years,127,180,-53,164,151,13,291,331,-40,749,877,-128,1474,1590,-116,2223,2467,-244
2017,84 years,96,133,-37,129,144,-15,225,277,-52,575,657,-82,1147,1255,-108,1722,1912,-190
2017,85 years,77,121,-44,122,150,-28,199,271,-72,541,640,-99,1131,1273,-142,1672,1913,-241
2017,86 years,46,81,-35,106,94,12,152,175,-23,531,615,-84,1119,1217,-98,1650,1832,-182
2017,87 years,47,55,-8,93,86,7,140,141,-1,536,588,-52,1155,1258,-103,1691,1846,-155
2017,88 years,42,66,-24,64,76,-12,106,142,-36,462,525,-63,1030,1168,-138,1492,1693,-201
2017,89 years,29,49,-20,49,58,-9,78,107,-29,428,485,-57,1006,1141,-135,1434,1626,-192
2017,90 years,21,43,-22,69,48,21,90,91,-1,293,352,-59,833,947,-114,1126,1299,-173
2017,91 years,21,21,0,34,35,-1,55,56,-1,274,308,-34,711,832,-121,985,1140,-155
2017,92 years,11,18,-7,31,38,-7,42,56,-14,214,243,-29,662,778,-116,876,1021,-145
2017,93 years,7,14,-7,23,23,0,30,37,-7,148,180,-32,499,606,-107,647,786,-139
2017,94 years,5,18,-13,16,15,1,21,33,-12,103,135,-32,422,494,-72,525,629,-104
2017,95 years and over,11,40,-29,36,55,-19,47,95,-48,218,331,-113,911,1226,-315,1129,1557,-428
2017,Total,982619,729180,253439,632356,387237,245119,1614975,1116417,498558,1507125,1308597,198528,1137595,920043,217552,2644720,2228640,416080
2018,under 1 year,3264,1609,1655,3142,1538,1604,6406,3147,3259,7195,4950,2245,6987,4807,2180,14182,9757,4425
2018,1 year,7288,4493,2795,6844,4107,2737,14132,8600,5532,15353,12296,3057,14526,11567,2959,29879,23863,6016
2018,2 years,7583,4648,2935,7189,4232,2957,14772,8880,5892,14217,11398,2819,13518,10621,2897,27735,22019,5716
2018,3 years,7415,4282,3133,6979,3852,3127,14394,8134,6260,13138,10222,2916,12450,9469,2981,25588,19691,5897
2018,4 years,6919,3843,3076,6510,3584,2926,13429,7427,6002,11723,8846,2877,11028,8303,2725,22751,17149,5602
2018,5 years,6768,3577,3191,6311,3323,2988,13079,6900,6179,11035,8128,2907,10359,7623,2736,21394,15751,5643
2018,6 years,6563,3606,2957,5948,3348,2600,12511,6954,5557,10726,8243,2483,9871,7724,2147,20597,15967,4630
2018,7 years,6013,3152,2861,5584,2903,2681,11597,6055,5542,9394,6819,2575,8744,6267,2477,18138,13086,5052
2018,8 years,5935,2862,3073,5511,2720,2791,11446,5582,5864,8933,5946,2987,8339,5679,2660,17272,11625,5647
2018,9 years,5812,2633,3179,5293,2519,2774,11105,5152,5953,8613,5502,3111,7950,5277,2673,16563,10779,5784
2018,10 years,5618,2578,3040,5182,2420,2762,10800,4998,5802,8541,5672,2869,8133,5493,2640,16674,11165,5509
2018,11 years,5335,2362,2973,4955,2265,2690,10290,4627,5663,8199,5296,2903,7596,4985,2611,15795,10281,5514
2018,12 years,5037,2244,2793,4676,2033,2643,9713,4277,5436,7644,4984,2660,7141,4594,2547,14785,9578,5207
2018,13 years,4875,2183,2692,4498,2043,2455,9373,4226,5147,7447,4845,2602,6906,4495,2411,14353,9340,5013
2018,14 years,4577,2078,2499,4309,1947,2362,8886,4025,4861,6996,4539,2457,6620,4319,2301,13616,8858,4758
2018,15 years,5135,2286,2849,4459,2030,2429,9594,4316,5278,7523,4707,2816,6857,4469,2388,14380,9176,5204
2018,16 years,6297,2688,3609,5066,2279,2787,11363,4967,6396,9024,5378,3646,7845,5095,2750,16869,10473,6396
2018,17 years,6701,3333,3368,5322,2729,2593,12023,6062,5961,9902,6558,3344,8616,6032,2584,18518,12590,5928
2018,18 years,13303,6669,6634,9687,4606,5081,22990,11275,11715,21086,14555,6531,19642,14462,5180,40728,29017,11711
2018,19 years,23751,13435,10316,17364,7967,9397,41115,21402,19713,36994,27020,9974,35858,26472,9386,72852,53492,19360
2018,20 years,29169,19798,9371,23052,12200,10852,52221,31998,20223,44212,35350,8862,43704,33033,10671,87916,68383,19533
2018,21 years,33415,24923,8492,26366,17108,9258,59781,42031,17750,49065,41338,7727,45222,36381,8841,94287,77719,16568
2018,22 years,35267,26814,8453,27384,18576,8808,62651,45390,17261,51751,44258,7493,46880,38616,8264,98631,82874,15757
2018,23 years,37157,28040,9117,26809,16900,9909,63966,44940,19026,54024,45884,8140,46848,37642,9206,100872,83526,17346
2018,24 years,37088,27844,9244,26111,16556,9555,63199,44400,18799,55128,47092,8036,46839,38087,8752,101967,85179,16788
2018,25 years,36739,28005,8734,25022,15924,9098,61761,43929,17832,56260,48811,7449,46446,38492,7954,102706,87303,15403
2018,26 years,36397,27867,8530,23211,14742,8469,59608,42609,16999,56452,49360,7092,43738,36467,7271,100190,85827,14363
2018,27 years,34676,27126,7550,21861,13987,7874,56537,41113,15424,54865,48850,6015,41121,34356,6765,95986,83206,12780
2018,28 years,34828,27774,7054,20506,13297,7209,55334,41071,14263,55461,49987,5474,39040,33033,6007,94501,83020,11481
2018,29 years,33212,26659,6553,19116,12517,6599,52328,39176,13152,51912,46926,4986,35328,29686,5642,87240,76612,10628
2018,30 years,31413,25332,6081,17579,11580,5999,48992,36912,12080,49288,44751,4537,32643,27495,5148,81931,72246,9685
2018,31 years,29402,23791,5611,16414,10533,5881,45816,34324,11492,45420,41198,4222,29776,24429,5347,75196,65627,9569
2018,32 years,27409,22149,5260,14776,9634,5142,42185,31783,10402,42213,38240,3973,26328,21840,4488,68541,60080,8461
2018,33 years,25831,21078,4753,13685,8708,4977,39516,29786,9730,38935,35287,3648,23921,19576,4345,62856,54863,7993
2018,34 years,24075,19641,4434,12707,8131,4576,36782,27772,9010,36350,33027,3323,21987,17961,4026,58337,50988,7349
2018,35 years,22612,18477,4135,11778,7524,4254,34390,26001,8389,34062,31049,3013,20150,16435,3715,54212,47484,6728
2018,36 years,21877,18100,3777,11201,7111,4090,33078,25211,7867,32535,29764,2771,19148,15558,3590,51683,45322,6361
2018,37 years,20691,16883,3808,10501,6670,3831,31192,23553,7639,30516,27668,2848,17596,14233,3363,48112,41901,6211
2018,38 years,20575,17308,3267,10213,6573,3640,30788,23881,6907,29563,27425,2138,16613,13442,3171,46176,40867,5309
2018,39 years,19547,16316,3231,9714,6118,3596,29261,22434,6827,27488,25094,2394,15288,12079,3209,42776,37173,5603
2018,40 years,18784,15550,3234,9313,6046,3267,28097,21596,6501,26241,23660,2581,14262,11258,3004,40503,34918,5585
2018,41 years,18425,15293,3132,9156,5994,3162,27581,21287,6294,24957,22570,2387,13586,10695,2891,38543,33265,5278
2018,42 years,17680,14726,2954,8902,5933,2969,26582,20659,5923,23615,21323,2292,12955,10312,2643,36570,31635,4935
2018,43 years,17411,14317,3094,8699,5679,3020,26110,19996,6114,22542,20111,2431,12222,9469,2753,34764,29580,5184
2018,44 years,16532,13690,2842,8223,5639,2584,24755,19329,5426,21560,19245,2315,11610,9190,2420,33170,28435,4735
2018,45 years,15031,12583,2448,7878,5302,2576,22909,17885,5024,19688,17800,1888,11064,8692,2372,30752,26492,4260
2018,46 years,14914,12382,2532,7546,4969,2577,22460,17351,5109,19724,17658,2066,10896,8482,2414,30620,26140,4480
2018,47 years,13749,11463,2286,7363,5027,2336,21112,16490,4622,18846,17151,1695,10788,8638,2150,29634,25789,3845
2018,48 years,13324,11229,2095,6801,4742,2059,20125,15971,4154,18493,16863,1630,10264,8382,1882,28757,25245,3512
2018,49 years,12519,10707,1812,6581,4661,1920,19100,15368,3732,17607,16263,1344,10327,8665,1662,27934,24928,3006
2018,50 years,12027,10170,1857,6322,4495,1827,18349,14665,3684,17301,15964,1337,10214,8539,1675,27515,24503,3012
2018,51 years,10905,9433,1472,5565,4052,1513,16470,13485,2985,16021,15056,965,9396,8096,1300,25417,23152,2265
2018,52 years,8862,7623,1239,4614,3351,1263,13476,10974,2502,13817,13070,747,8535,7500,1035,22352,20570,1782
2018,53 years,8178,7071,1107,4264,3254,1010,12442,10325,2117,13183,12513,670,8020,7174,846,21203,19687,1516
2018,54 years,7672,6543,1129,4115,3158,957,11787,9701,2086,12491,11832,659,7935,7144,791,20426,18976,1450
2018,55 years,6868,5983,885,3694,2949,745,10562,8932,1630,11403,10932,471,7341,6736,605,18744,17668,1076
2018,56 years,6237,5430,807,3345,2656,689,9582,8086,1496,10327,9846,481,6655,6108,547,16982,15954,1028
2018,57 years,5650,4909,741,2914,2470,444,8564,7379,1185,9455,9111,344,6196,5902,294,15651,15013,638
2018,58 years,4978,4553,425,2795,2406,389,7773,6959,814,8431,8353,78,5632,5373,259,14063,13726,337
2018,59 years,4205,3827,378,2335,2112,223,6540,5939,601,7412,7287,125,5046,4897,149,12458,12184,274
2018,60 years,3615,3499,116,2120,2018,102,5735,5517,218,6601,6687,-86,4735,4730,5,11336,11417,-81
2018,61 years,3060,2928,132,1919,1806,113,4979,4734,245,5907,6007,-100,4363,4340,23,10270,10347,-77
2018,62 years,2647,2545,102,1736,1629,107,4383,4174,209,5294,5395,-101,4069,4010,59,9363,9405,-42
2018,63 years,2206,2255,-49,1558,1636,-78,3764,3891,-127,5159,5506,-347,4272,4461,-189,9431,9967,-536
2018,64 years,1642,1820,-178,1361,1420,-59,3003,3240,-237,4716,5148,-432,4285,4456,-171,9001,9604,-603
2018,65 years,1315,1575,-260,1200,1346,-146,2515,2921,-406,4150,4634,-484,3581,3785,-204,7731,8419,-688
2018,66 years,1071,1382,-311,1086,1290,-204,2157,2672,-515,3782,4359,-577,3523,3832,-309,7305,8191,-886
2018,67 years,892,1073,-181,918,1030,-112,1810,2103,-293,3101,3502,-401,2942,3131,-189,6043,6633,-590
2018,68 years,747,901,-154,865,1007,-142,1612,1908,-296,2805,3056,-251,2630,2864,-234,5435,5920,-485
2018,69 years,622,834,-212,762,876,-114,1384,1710,-326,2424,2742,-318,2462,2635,-173,4886,5377,-491
2018,70 years,609,828,-219,659,810,-151,1268,1638,-370,2196,2518,-322,2158,2386,-228,4354,4904,-550
2018,71 years,493,694,-201,602,663,-61,1095,1357,-262,1872,2194,-322,1832,1976,-144,3704,4170,-466
2018,72 years,424,598,-174,526,598,-72,950,1196,-246,1598,1871,-273,1647,1774,-127,3245,3645,-400
2018,73 years,331,505,-174,392,504,-112,723,1009,-286,1272,1540,-268,1384,1540,-156,2656,3080,-424
2018,74 years,362,522,-160,314,431,-117,676,953,-277,1593,1833,-240,1619,1809,-190,3212,3642,-430
2018,75 years,266,463,-197,305,376,-71,571,839,-268,1435,1740,-305,1663,1784,-121,3098,3524,-426
2018,76 years,253,415,-162,288,354,-66,541,769,-228,1346,1606,-260,1594,1739,-145,2940,3345,-405
2018,77 years,208,343,-135,268,371,-103,476,714,-238,1442,1667,-225,1778,1979,-201,3220,3646,-426
2018,78 years,220,390,-170,299,333,-34,519,723,-204,1380,1670,-290,1879,2014,-135,3259,3684,-425
2018,79 years,193,327,-134,216,303,-87,409,630,-221,1239,1471,-232,1789,1950,-161,3028,3421,-393
2018,80 years,169,331,-162,251,321,-70,420,652,-232,1142,1372,-230,1778,1952,-174,2920,3324,-404
2018,81 years,134,255,-121,219,270,-51,353,525,-172,995,1178,-183,1712,1842,-130,2707,3020,-313
2018,82 years,112,188,-76,190,218,-28,302,406,-104,887,1025,-138,1558,1676,-118,2445,2701,-256
2018,83 years,98,154,-56,180,183,-3,278,337,-59,889,968,-79,1552,1628,-76,2441,2596,-155
2018,84 years,97,171,-74,162,148,14,259,319,-60,796,900,-104,1500,1562,-62,2296,2462,-166
2018,85 years,71,125,-54,133,135,-2,204,260,-56,592,686,-94,1190,1279,-89,1782,1965,-183
2018,86 years,58,105,-47,103,124,-21,161,229,-68,514,576,-62,1170,1259,-89,1684,1835,-151
2018,87 years,41,65,-24,72,94,-22,113,159,-46,498,543,-45,1150,1237,-87,1648,1780,-132
2018,88 years,52,62,-10,72,87,-15,124,149,-25,554,605,-51,1132,1229,-97,1686,1834,-148
2018,89 years,28,43,-15,52,59,-7,80,102,-22,413,447,-34,1008,1087,-79,1421,1534,-113
2018,90 years,18,33,-15,48,56,-8,66,89,-23,399,439,-40,941,1025,-84,1340,1464,-124
2018,91 years,16,23,-7,33,44,-11,49,67,-18,288,315,-27,807,872,-65,1095,1187,-92
2018,92 years,11,20,-9,31,32,-1,42,52,-10,223,246,-23,650,704,-54,873,950,-77
2018,93 years,5,16,-11,25,32,-7,30,48,-18,177,201,-24,540,599,-59,717,800,-83
2018,94 years,5,8,-3,9,24,-15,14,32,-18,138,147,-9,460,506,-46,598,653,-55
2018,95 years and over,15,20,-5,33,52,-19,48,72,-24,237,273,-36,967,1101,-134,1204,1374,-170
2018,Total,991626,761484,230142,632267,402409,229858,1623893,1163893,460000,1530351,1338938,191413,1142866,934599,208267,2673217,2273537,399680
2019,under 1 year,3278,1679,1599,3169,1551,1618,6447,3230,3217,7189,5006,2183,6880,4827,2053,14069,9833,4236
2019,1 year,7184,4647,2537,6768,4283,2485,13952,8930,5022,15067,12388,2679,14249,11583,2666,29316,23971,5345
2019,2 years,7502,4555,2947,6829,4364,2465,14331,8919,5412,14079,11209,2870,13035,10570,2465,27114,21779,5335
2019,3 years,7067,4460,2607,6819,4233,2586,13886,8693,5193,13035,10547,2488,12286,9860,2426,25321,20407,4914
2019,4 years,6924,3995,2929,6471,3767,2704,13395,7762,5633,11863,9089,2774,10966,8492,2474,22829,17581,5248
2019,5 years,6662,3823,2839,6218,3601,2617,12880,7424,5456,10959,8502,2457,10632,8237,2395,21591,16739,4852
2019,6 years,6311,3646,2665,5856,3409,2447,12167,7055,5112,10455,8225,2230,9857,7791,2066,20312,16016,4296
2019,7 years,5966,3130,2836,5789,3028,2761,11755,6158,5597,9410,6754,2656,8992,6462,2530,18402,13216,5186
2019,8 years,5548,2844,2704,5262,2694,2568,10810,5538,5272,8563,5898,2665,8014,5532,2482,16577,11430,5147
2019,9 years,5705,2788,2917,5325,2618,2707,11030,5406,5624,8597,5711,2886,8053,5380,2673,16650,11091,5559
2019,10 years,5660,2770,2890,5250,2524,2726,10910,5294,5616,8626,5775,2851,8148,5455,2693,16774,11230,5544
2019,11 years,5399,2617,2782,5083,2424,2659,10482,5041,5441,8271,5517,2754,7708,5093,2615,15979,10610,5369
2019,12 years,5143,2438,2705,4675,2247,2428,9818,4685,5133,7848,5077,2771,7312,4851,2461,15160,9928,5232
2019,13 years,4859,2333,2526,4420,2124,2296,9279,4457,4822,7510,4945,2565,6870,4595,2275,14380,9540,4840
2019,14 years,4848,2235,2613,4255,2107,2148,9103,4342,4761,7328,4668,2660,6659,4505,2154,13987,9173,4814
2019,15 years,5053,2240,2813,4516,2128,2388,9569,4368,5201,7523,4667,2856,6891,4457,2434,14414,9124,5290
2019,16 years,5740,2718,3022,4975,2409,2566,10715,5127,5588,8567,5480,3087,7687,5108,2579,16254,10588,5666
2019,17 years,6140,3077,3063,5151,2733,2418,11291,5810,5481,9274,6181,3093,8389,5938,2451,17663,12119,5544
2019,18 years,11872,5917,5955,9347,4418,4929,21219,10335,10884,19341,13428,5913,18814,13763,5051,38155,27191,10964
2019,19 years,22827,12891,9936,17241,8445,8796,40068,21336,18732,36310,26645,9665,36154,27353,8801,72464,53998,18466
2019,20 years,28679,19827,8852,22751,12842,9909,51430,32669,18761,43262,34963,8299,42621,32998,9623,85883,67961,17922
2019,21 years,32394,24775,7619,25604,17486,8118,57998,42261,15737,47413,40545,6868,43945,36288,7657,91358,76833,14525
2019,22 years,34831,27167,7664,26189,18891,7298,61020,46058,14962,51546,44658,6888,45903,39147,6756,97449,83805,13644
2019,23 years,36315,27976,8339,26601,17581,9020,62916,45557,17359,54163,46762,7401,47340,39184,8156,101503,85946,15557
2019,24 years,37094,28646,8448,25594,16859,8735,62688,45505,17183,55130,47807,7323,46419,38553,7866,101549,86360,15189
2019,25 years,36499,28884,7615,24585,16358,8227,61084,45242,15842,55522,49183,6339,45235,38192,7043,100757,87375,13382
2019,26 years,35253,28342,6911,23236,15484,7752,58489,43826,14663,54638,49196,5442,43499,36951,6548,98137,86147,11990
2019,27 years,34325,28040,6285,21947,14531,7416,56272,42571,13701,53404,48511,4893,40472,34184,6288,93876,82695,11181
2019,28 years,33158,27430,5728,19793,13709,6084,52951,41139,11812,51886,47371,4515,36648,31655,4993,88534,79026,9508
2019,29 years,32098,27360,4738,19053,13089,5964,51151,40449,10702,51019,47745,3274,35337,30430,4907,86356,78175,8181
2019,30 years,31250,26436,4814,17780,12443,5337,49030,38879,10151,48478,45036,3442,32126,27707,4419,80604,72743,7861
2019,31 years,29179,25082,4097,16568,11460,5108,45747,36542,9205,45596,42812,2784,29663,25248,4415,75259,68060,7199
2019,32 years,27742,23842,3900,15047,10494,4553,42789,34336,8453,42690,40036,2654,27010,23075,3935,69700,63111,6589
2019,33 years,25842,22314,3528,13637,9401,4236,39479,31715,7764,39449,37087,2362,24280,20481,3799,63729,57568,6161
2019,34 years,24259,21121,3138,12699,8634,4065,36958,29755,7203,36619,34494,2125,21887,18419,3468,58506,52913,5593
2019,35 years,22993,19720,3273,11885,7981,3904,34878,27701,7177,34578,32103,2475,20354,16874,3480,54932,48977,5955
2019,36 years,21185,18667,2518,11160,7409,3751,32345,26076,6269,31813,30252,1561,18872,15731,3141,50685,45983,4702
2019,37 years,20889,18069,2820,10665,7256,3409,31554,25325,6229,30992,29147,1845,17803,14887,2916,48795,44034,4761
2019,38 years,19734,17341,2393,9846,6769,3077,29580,24110,5470,28871,27286,1585,16138,13492,2646,45009,40778,4231
2019,39 years,19514,17459,2055,9808,6582,3226,29322,24041,5281,28046,26615,1431,15827,12978,2849,43873,39593,4280
2019,40 years,18531,16565,1966,9171,6355,2816,27702,22920,4782,26028,24738,1290,14229,11705,2524,40257,36443,3814
2019,41 years,17730,15677,2053,8877,6192,2685,26607,21869,4738,24638,23266,1372,13537,11125,2412,38175,34391,3784
2019,42 years,17230,15619,1611,8539,6025,2514,25769,21644,4125,23705,22597,1108,12851,10558,2293,36556,33155,3401
2019,43 years,16756,14792,1964,8578,6009,2569,25334,20801,4533,22473,21019,1454,12474,10107,2367,34947,31126,3821
2019,44 years,16580,14775,1805,8236,6001,2235,24816,20776,4040,21796,20480,1316,11727,9663,2064,33523,30143,3380
2019,45 years,15639,14086,1553,7977,5745,2232,23616,19831,3785,20626,19537,1089,11228,9206,2022,31854,28743,3111
2019,46 years,14399,12798,1601,7251,5356,1895,21650,18154,3496,18955,17721,1234,10417,8712,1705,29372,26433,2939
2019,47 years,13995,12716,1279,7094,5264,1830,21089,17980,3109,18738,17896,842,10324,8647,1677,29062,26543,2519
2019,48 years,13076,11968,1108,6754,5154,1600,19830,17122,2708,18052,17339,713,10140,8741,1399,28192,26080,2112
2019,49 years,12287,11318,969,6477,4971,1506,18764,16289,2475,17151,16628,523,9960,8655,1305,27111,25283,1828
2019,50 years,11671,10764,907,6088,4869,1219,17759,15633,2126,16746,16307,439,9726,8719,1007,26472,25026,1446
2019,51 years,11093,10368,725,5690,4692,998,16783,15060,1723,16375,16097,278,9429,8665,764,25804,24762,1042
2019,52 years,9995,9381,614,5153,4242,911,15148,13623,1525,14976,14857,119,8997,8329,668,23973,23186,787
2019,53 years,8460,7914,546,4370,3600,770,12830,11514,1316,13416,13230,186,8204,7626,578,21620,20856,764
2019,54 years,7521,7116,405,4015,3394,621,11536,10510,1026,12357,12449,-92,7784,7296,488,20141,19745,396
2019,55 years,6935,6629,306,3751,3159,592,10686,9788,898,11661,11759,-98,7457,7023,434,19118,18782,336
2019,56 years,6252,5975,277,3312,2920,392,9564,8895,669,10715,10753,-38,6791,6581,210,17506,17334,172
2019,57 years,5581,5526,55,2975,2707,268,8556,8233,323,9730,10001,-271,6230,6173,57,15960,16174,-214
2019,58 years,4855,4965,-110,2590,2408,182,7445,7373,72,8552,8987,-435,5721,5690,31,14273,14677,-404
2019,59 years,4503,4569,-66,2428,2329,99,6931,6898,33,7907,8288,-381,5358,5348,10,13265,13636,-371
2019,60 years,3616,3844,-228,2118,2239,-121,5734,6083,-349,6839,7322,-483,4803,5044,-241,11642,12366,-724
2019,61 years,3232,3451,-219,1910,1956,-46,5142,5407,-265,6375,6838,-463,4456,4594,-138,10831,11432,-601
2019,62 years,2582,2847,-265,1650,1742,-92,4232,4589,-357,5485,5872,-387,4214,4363,-149,9699,10235,-536
2019,63 years,2251,2569,-318,1539,1646,-107,3790,4215,-425,5203,5742,-539,4227,4448,-221,9430,10190,-760
2019,64 years,1819,2179,-360,1335,1531,-196,3154,3710,-556,4998,5660,-662,4511,4813,-302,9509,10473,-964
2019,65 years,1385,1940,-555,1218,1388,-170,2603,3328,-725,4306,5043,-737,3867,4095,-228,8173,9138,-965
2019,66 years,1118,1607,-489,1078,1377,-299,2196,2984,-788,3992,4696,-704,3624,4059,-435,7616,8755,-1139
2019,67 years,925,1236,-311,1000,1217,-217,1925,2453,-528,3267,3781,-514,3080,3425,-345,6347,7206,-859
2019,68 years,766,962,-196,864,1038,-174,1630,2000,-370,2941,3293,-352,2684,3017,-333,5625,6310,-685
2019,69 years,668,943,-275,768,1026,-258,1436,1969,-533,2601,3086,-485,2541,2904,-363,5142,5990,-848
2019,70 years,575,826,-251,622,856,-234,1197,1682,-485,2270,2690,-420,2267,2592,-325,4537,5282,-745
2019,71 years,495,771,-276,565,779,-214,1060,1550,-490,1972,2391,-419,1981,2303,-322,3953,4694,-741
2019,72 years,479,708,-229,514,694,-180,993,1402,-409,1748,2160,-412,1763,2036,-273,3511,4196,-685
2019,73 years,397,587,-190,451,601,-150,848,1188,-340,1548,1818,-270,1557,1815,-258,3105,3633,-528
2019,74 years,326,483,-157,368,506,-138,694,989,-295,1294,1553,-259,1319,1528,-209,2613,3081,-468
2019,75 years,296,500,-204,358,495,-137,654,995,-341,1467,1810,-343,1690,1935,-245,3157,3745,-588
2019,76 years,269,434,-165,298,415,-117,567,849,-282,1398,1651,-253,1660,1850,-190,3058,3501,-443
2019,77 years,234,434,-200,291,406,-115,525,840,-315,1354,1630,-276,1553,1765,-212,2907,3395,-488
2019,78 years,193,334,-141,268,354,-86,461,688,-227,1362,1613,-251,1853,2056,-203,3215,3669,-454
2019,79 years,195,388,-193,288,342,-54,483,730,-247,1364,1673,-309,1918,2103,-185,3282,3776,-494
2019,80 years,149,322,-173,237,334,-97,386,656,-270,1257,1539,-282,1831,2063,-232,3088,3602,-514
2019,81 years,140,324,-184,210,280,-70,350,604,-254,1094,1346,-252,1762,1940,-178,2856,3286,-430
2019,82 years,121,222,-101,183,240,-57,304,462,-158,988,1173,-185,1591,1766,-175,2579,2939,-360
2019,83 years,98,176,-78,173,211,-38,271,387,-116,845,998,-153,1595,1758,-163,2440,2756,-316
2019,84 years,98,181,-83,141,196,-55,239,377,-138,913,1061,-148,1663,1827,-164,2576,2888,-312
2019,85 years,72,155,-83,111,165,-54,183,320,-137,729,861,-132,1403,1579,-176,2132,2440,-308
2019,86 years,57,128,-71,114,143,-29,171,271,-100,538,652,-114,1107,1241,-134,1645,1893,-248
2019,87 years,37,75,-38,109,139,-30,146,214,-68,512,579,-67,1108,1222,-114,1620,1801,-181
2019,88 years,36,86,-50,74,98,-24,110,184,-74,482,567,-85,1045,1165,-120,1527,1732,-205
2019,89 years,31,66,-35,57,81,-24,88,147,-59,434,521,-87,1045,1182,-137,1479,1703,-224
2019,90 years,26,57,-31,42,80,-38,68,137,-69,386,452,-66,910,1045,-135,1296,1497,-201
2019,91 years,15,38,-23,48,62,-14,63,100,-37,327,380,-53,790,906,-116,1117,1286,-169
2019,92 years,17,24,-7,30,43,-13,47,67,-20,257,280,-23,626,715,-89,883,995,-112
2019,93 years,6,18,-12,19,28,-9,25,46,-21,172,205,-33,555,632,-77,727,837,-110
2019,94 years,6,12,-6,24,23,1,30,35,-5,127,149,-22,484,540,-56,611,689,-78
2019,95 years and over,15,49,-34,25,76,-51,40,125,-85,261,357,-96,983,1265,-282,1244,1622,-378
2019,Total,978755,795798,182957,626293,424565,201728,1605048,1220363,384685,1520633,1372712,147921,1135625,956486,179139,2656258,2329198,327060
2020,under 1 year,2584,1329,1255,2468,1208,1260,5052,2537,2515,6251,4515,1736,5947,4231,1716,12198,8746,3452
2020,1 year,5814,3894,1920,5455,3713,1742,11269,7607,3662,13349,11263,2086,12316,10423,1893,25665,21686,3979
2020,2 years,5925,3872,2053,5336,3630,1706,11261,7502,3759,11972,9939,2033,11149,9495,1654,23121,19434,3687
2020,3 years,5731,3808,1923,5342,3545,1797,11073,7353,3720,11265,9378,1887,10580,8890,1690,21845,18268,3577
2020,4 years,5533,3538,1995,5183,3357,1826,10716,6895,3821,10315,8372,1943,9692,7893,1799,20007,16265,3742
2020,5 years,5305,3208,2097,4934,3054,1880,10239,6262,3977,9522,7553,1969,8802,7091,1711,18324,14644,3680
2020,6 years,5048,3166,1882,4687,2898,1789,9735,6064,3671,9010,7382,1628,8398,6858,1540,17408,14240,3168
2020,7 years,4605,2694,1911,4386,2530,1856,8991,5224,3767,7797,5991,1806,7404,5710,1694,15201,11701,3500
2020,8 years,4515,2471,2044,4143,2305,1838,8658,4776,3882,7323,5259,2064,6906,5028,1878,14229,10287,3942
2020,9 years,4295,2253,2042,3948,2083,1865,8243,4336,3907,7117,4935,2182,6562,4633,1929,13679,9568,4111
2020,10 years,4357,2267,2090,3975,2077,1898,8332,4344,3988,7190,5053,2137,6663,4730,1933,13853,9783,4070
2020,11 years,4261,2168,2093,3938,2078,1860,8199,4246,3953,6900,4693,2207,6429,4535,1894,13329,9228,4101
2020,12 years,4104,2093,2011,3766,1916,1850,7870,4009,3861,6588,4532,2056,6231,4317,1914,12819,8849,3970
2020,13 years,3802,1929,1873,3464,1771,1693,7266,3700,3566,6207,4290,1917,5751,4038,1713,11958,8328,3630
2020,14 years,3632,1760,1872,3301,1686,1615,6933,3446,3487,5897,3998,1899,5470,3771,1699,11367,7769,3598
2020,15 years,3883,1844,2039,3424,1706,1718,7307,3550,3757,6182,4079,2103,5562,3843,1719,11744,7922,3822
2020,16 years,4391,2193,2198,3568,2000,1568,7959,4193,3766,6919,4641,2278,6052,4439,1613,12971,9080,3891
2020,17 years,4430,2355,2075,3758,2364,1394,8188,4719,3469,7318,5212,2106,6731,5204,1527,14049,10416,3633
2020,18 years,7907,3913,3994,6355,3349,3006,14262,7262,7000,14310,10232,4078,14748,11504,3244,29058,21736,7322
2020,19 years,15977,8693,7284,11877,5883,5994,27854,14576,13278,27021,19844,7177,28607,22472,6135,55628,42316,13312
2020,20 years,20966,14690,6276,15856,9607,6249,36822,24297,12525,34189,28202,5987,34436,28195,6241,68625,56397,12228
2020,21 years,22666,18447,4219,16583,13181,3402,39249,31628,7621,35801,31969,3832,33354,30189,3165,69155,62158,6997
2020,22 years,24072,20485,3587,17149,14371,2778,41221,34856,6365,38735,35639,3096,34914,32368,2546,73649,68007,5642
2020,23 years,26736,21799,4937,18532,13753,4779,45268,35552,9716,43011,38636,4375,38540,34283,4257,81551,72919,8632
2020,24 years,27533,22499,5034,18530,13552,4978,46063,36051,10012,44715,40302,4413,38829,34247,4582,83544,74549,8995
2020,25 years,27664,22849,4815,18569,13183,5386,46233,36032,10201,45022,41018,4004,38167,33581,4586,83189,74599,8590
2020,26 years,27181,23042,4139,17751,12702,5049,44932,35744,9188,44559,41246,3313,36561,32136,4425,81120,73382,7738
2020,27 years,26489,22454,4035,17171,12258,4913,43660,34712,8948,43944,40704,3240,34197,29892,4305,78141,70596,7545
2020,28 years,25670,22214,3456,15683,11300,4383,41353,33514,7839,42293,39623,2670,31305,27521,3784,73598,67144,6454
2020,29 years,24550,21572,2978,15051,10821,4230,39601,32393,7208,40358,38059,2299,29098,25356,3742,69456,63415,6041
2020,30 years,24115,21269,2846,14164,10327,3837,38279,31596,6683,40202,38053,2149,28088,24561,3527,68290,62614,5676
2020,31 years,22776,20267,2509,13321,9789,3532,36097,30056,6041,37662,35843,1819,25747,22513,3234,63409,58356,5053
2020,32 years,21815,19684,2131,12328,8945,3383,34143,28629,5514,35873,34384,1489,23805,20705,3100,59678,55089,4589
2020,33 years,20583,18206,2377,11094,8056,3038,31677,26262,5415,33429,31527,1902,21220,18462,2758,54649,49989,4660
2020,34 years,19045,17148,1897,10233,7421,2812,29278,24569,4709,30755,29400,1355,19285,16717,2568,50040,46117,3923
2020,35 years,18185,16052,2133,9614,6781,2833,27799,22833,4966,28455,26906,1549,17660,14977,2683,46115,41883,4232
2020,36 years,17064,15359,1705,8777,6335,2442,25841,21694,4147,26938,25783,1155,16198,13991,2207,43136,39774,3362
2020,37 years,15992,14353,1639,8328,5967,2361,24320,20320,4000,25058,23867,1191,15027,12884,2143,40085,36751,3334
2020,38 years,15492,14088,1404,7698,5574,2124,23190,19662,3528,24220,23153,1067,13985,12094,1891,38205,35247,2958
2020,39 years,14613,13276,1337,7505,5290,2215,22118,18566,3552,22540,21656,884,13280,11208,2072,35820,32864,2956
2020,40 years,14626,13322,1304,7411,5205,2206,22037,18527,3510,22075,21158,917,12733,10745,1988,34808,31903,2905
2020,41 years,13903,12582,1321,6937,5045,1892,20840,17627,3213,20489,19436,1053,11628,9835,1793,32117,29271,2846
2020,42 years,13537,12179,1358,6778,5026,1752,20315,17205,3110,19523,18544,979,10782,9141,1641,30305,27685,2620
2020,43 years,12991,12069,922,6606,4914,1692,19597,16983,2614,18577,17981,596,10358,8758,1600,28935,26739,2196
2020,44 years,12691,11716,975,6481,4730,1751,19172,16446,2726,17775,17044,731,9969,8351,1618,27744,25395,2349
2020,45 years,12493,11472,1021,6435,4772,1663,18928,16244,2684,16995,16163,832,9585,7947,1638,26580,24110,2470
2020,46 years,11802,11004,798,6259,4705,1554,18061,15709,2352,16166,15583,583,9248,7740,1508,25414,23323,2091
2020,47 years,10742,10096,646,5742,4312,1430,16484,14408,2076,14754,14343,411,8717,7361,1356,23471,21704,1767
2020,48 years,10245,9470,775,5534,4314,1220,15779,13784,1995,14596,14037,559,8533,7375,1158,23129,21412,1717
2020,49 years,9654,9153,501,5259,4118,1141,14913,13271,1642,14014,13768,246,8469,7366,1103,22483,21134,1349
2020,50 years,9342,8870,472,5045,4025,1020,14387,12895,1492,13702,13414,288,8226,7295,931,21928,20709,1219
2020,51 years,8758,8201,557,4725,3768,957,13483,11969,1514,13321,12928,393,8151,7249,902,21472,20177,1295
2020,52 years,8208,7870,338,4594,3701,893,12802,11571,1231,12787,12573,214,8227,7366,861,21014,19939,1075
2020,53 years,7368,7175,193,4086,3280,806,11454,10455,999,11942,11963,-21,7729,7016,713,19671,18979,692
2020,54 years,6061,5908,153,3300,2769,531,9361,8677,684,10553,10576,-23,7003,6526,477,17556,17102,454
2020,55 years,5381,5277,104,3117,2550,567,8498,7827,671,9781,9833,-52,6617,6074,543,16398,15907,491
2020,56 years,5079,4961,118,2756,2447,309,7835,7408,427,9396,9448,-52,6369,6083,286,15765,15531,234
2020,57 years,4355,4480,-125,2545,2337,208,6900,6817,83,8415,8744,-329,5931,5827,104,14346,14571,-225
2020,58 years,3776,3896,-120,2275,2069,206,6051,5965,86,7524,7764,-240,5468,5310,158,12992,13074,-82
2020,59 years,3485,3588,-103,2010,1893,117,5495,5481,14,7084,7277,-193,5081,5017,64,12165,12294,-129
2020,60 years,2963,3308,-345,1940,1898,42,4903,5206,-303,6391,6839,-448,4810,4797,13,11201,11636,-435
2020,61 years,2497,2835,-338,1671,1651,20,4168,4486,-318,5743,6199,-456,4375,4433,-58,10118,10632,-514
2020,62 years,2079,2400,-321,1550,1603,-53,3629,4003,-374,4986,5434,-448,4129,4204,-75,9115,9638,-523
2020,63 years,1787,2106,-319,1349,1465,-116,3136,3571,-435,4782,5215,-433,4154,4362,-208,8936,9577,-641
2020,64 years,1541,1948,-407,1353,1321,32,2894,3269,-375,4948,5558,-610,4461,4527,-66,9409,10085,-676
2020,65 years,1256,1740,-484,1113,1198,-85,2369,2938,-569,4278,4855,-577,3723,3868,-145,8001,8723,-722
2020,66 years,1001,1587,-586,1013,1212,-199,2014,2799,-785,3932,4712,-780,3714,4035,-321,7646,8747,-1101
2020,67 years,820,1114,-294,808,1027,-219,1628,2141,-513,3207,3664,-457,2955,3286,-331,6162,6950,-788
2020,68 years,644,901,-257,759,920,-161,1403,1821,-418,2712,3055,-343,2690,2923,-233,5402,5978,-576
2020,69 years,515,744,-229,642,803,-161,1157,1547,-390,2494,2798,-304,2378,2599,-221,4872,5397,-525
2020,70 years,482,722,-240,660,779,-119,1142,1501,-359,2206,2574,-368,2371,2511,-140,4577,5085,-508
2020,71 years,451,635,-184,586,678,-92,1037,1313,-276,2035,2277,-242,2102,2289,-187,4137,4566,-429
2020,72 years,393,600,-207,489,591,-102,882,1191,-309,1769,2053,-284,1850,2004,-154,3619,4057,-438
2020,73 years,362,566,-204,464,528,-64,826,1094,-268,1598,1862,-264,1680,1859,-179,3278,3721,-443
2020,74 years,297,457,-160,357,489,-132,654,946,-292,1303,1535,-232,1419,1604,-185,2722,3139,-417
2020,75 years,240,389,-149,358,441,-83,598,830,-232,1078,1262,-184,1290,1438,-148,2368,2700,-332
2020,76 years,224,353,-129,261,353,-92,485,706,-221,1305,1529,-224,1562,1750,-188,2867,3279,-412
2020,77 years,214,347,-133,245,314,-69,459,661,-202,1216,1424,-208,1548,1657,-109,2764,3081,-317
2020,78 years,198,345,-147,246,315,-69,444,660,-216,1185,1391,-206,1452,1597,-145,2637,2988,-351
2020,79 years,161,285,-124,240,313,-73,401,598,-197,1211,1394,-183,1781,1907,-126,2992,3301,-309
2020,80 years,172,370,-198,225,288,-63,397,658,-261,1294,1541,-247,1806,1949,-143,3100,3490,-390
2020,81 years,139,315,-176,218,309,-91,357,624,-267,1106,1333,-227,1795,1974,-179,2901,3307,-406
2020,82 years,116,256,-140,184,266,-82,300,522,-222,998,1212,-214,1678,1838,-160,2676,3050,-374
2020,83 years,90,208,-118,166,232,-66,256,440,-184,903,1074,-171,1531,1673,-142,2434,2747,-313
2020,84 years,102,182,-80,164,197,-33,266,379,-113,861,999,-138,1549,1669,-120,2410,2668,-258
2020,85 years,69,155,-86,129,156,-27,198,311,-113,727,858,-131,1487,1595,-108,2214,2453,-239
2020,86 years,67,177,-110,112,167,-55,179,344,-165,622,768,-146,1319,1470,-151,1941,2238,-297
2020,87 years,38,123,-85,84,133,-49,122,256,-134,442,553,-111,1035,1137,-102,1477,1690,-213
2020,88 years,39,103,-64,93,112,-19,132,215,-83,428,533,-105,916,1008,-92,1344,1541,-197
2020,89 years,45,86,-41,65,101,-36,110,187,-77,388,459,-71,923,1021,-98,1311,1480,-169
2020,90 years,22,76,-54,46,97,-51,68,173,-105,353,436,-83,867,1021,-154,1220,1457,-237
2020,91 years,15,45,-30,43,71,-28,58,116,-58,289,343,-54,720,827,-107,1009,1170,-161
2020,92 years,11,52,-41,29,68,-39,40,120,-80,215,282,-67,591,686,-95,806,968,-162
2020,93 years,9,46,-37,18,42,-24,27,88,-61,161,215,-54,472,531,-59,633,746,-113
2020,94 years,11,36,-25,17,54,-37,28,90,-62,143,180,-37,372,462,-90,515,642,-127
2020,95 years and over,12,204,-192,31,302,-271,43,506,-463,262,533,-271,927,1418,-491,1189,1951,-762
2020,Total,752885,638306,114579,482868,348840,134028,1235753,987146,248607,1253252,1156657,96595,964952,841296,123656,2218204,1997953,220251
2021,under 1 year,2890,1348,1542,2808,1269,1539,5698,2617,3081,6671,4702,1969,6359,4490,1869,13030,9192,3838
2021,1 year,7150,4099,3051,6583,3905,2678,13733,8004,5729,14813,11772,3041,13793,11040,2753,28606,22812,5794
2021,2 years,7173,4432,2741,6888,4084,2804,14061,8516,5545,13321,10841,2480,12660,10161,2499,25981,21002,4979
2021,3 years,6920,4157,2763,6616,3910,2706,13536,8067,5469,12554,10132,2422,11930,9569,2361,24484,19701,4783
2021,4 years,6759,3915,2844,6303,3801,2502,13062,7716,5346,11468,9061,2407,10832,8684,2148,22300,17745,4555
2021,5 years,6668,3847,2821,6180,3472,2708,12848,7319,5529,10986,8600,2386,10266,8068,2198,21252,16668,4584
2021,6 years,6434,3664,2770,5834,3362,2472,12268,7026,5242,10542,8538,2004,9634,7834,1800,20176,16372,3804
2021,7 years,6106,3164,2942,5603,2893,2710,11709,6057,5652,9681,7176,2505,8850,6586,2264,18531,13762,4769
2021,8 years,5645,2678,2967,5099,2517,2582,10744,5195,5549,8549,5848,2701,7806,5471,2335,16355,11319,5036
2021,9 years,5566,2708,2858,5095,2461,2634,10661,5169,5492,8248,5664,2584,7772,5382,2390,16020,11046,4974
2021,10 years,5281,2447,2834,4822,2319,2503,10103,4766,5337,7959,5431,2528,7510,5202,2308,15469,10633,4836
2021,11 years,5301,2489,2812,4803,2236,2567,10104,4725,5379,7970,5411,2559,7329,4966,2363,15299,10377,4922
2021,12 years,5146,2269,2877,4598,2184,2414,9744,4453,5291,7603,4910,2693,7067,4860,2207,14670,9770,4900
2021,13 years,5004,2229,2775,4422,2162,2260,9426,4391,5035,7419,4866,2553,6696,4608,2088,14115,9474,4641
2021,14 years,5015,2074,2941,4100,2008,2092,9115,4082,5033,7304,4484,2820,6465,4515,1950,13769,8999,4770
2021,15 years,5049,2121,2928,4258,2003,2255,9307,4124,5183,7276,4415,2861,6466,4317,2149,13742,8732,5010
2021,16 years,6090,2282,3808,4277,2029,2248,10367,4311,6056,8621,4850,3771,6774,4566,2208,15395,9416,5979
2021,17 years,5975,2399,3576,4388,2086,2302,10363,4485,5878,8777,5218,3559,7235,4930,2305,16012,10148,5864
2021,18 years,10728,4154,6574,8189,3276,4913,18917,7430,11487,17178,10503,6675,16980,11873,5107,34158,22376,11782
2021,19 years,19209,8684,10525,14359,5787,8572,33568,14471,19097,30728,20357,10371,31482,22884,8598,62210,43241,18969
2021,20 years,24013,13301,10712,18830,8633,10197,42843,21934,20909,37207,26913,10294,37691,27819,9872,74898,54732,20166
2021,21 years,26757,16621,10136,20733,10986,9747,47490,27607,19883,40498,31081,9417,38726,29360,9366,79224,60441,18783
2021,22 years,28416,18775,9641,20944,11347,9597,49360,30122,19238,43098,34097,9001,38779,29601,9178,81877,63698,18179
2021,23 years,30530,19746,10784,22371,11687,10684,52901,31433,21468,46767,36900,9867,42312,32410,9902,89079,69310,19769
2021,24 years,31827,21227,10600,22780,12602,10178,54607,33829,20778,49321,39676,9645,43529,34164,9365,92850,73840,19010
2021,25 years,31582,21840,9742,22271,12624,9647,53853,34464,19389,49495,40964,8531,42453,33980,8473,91948,74944,17004
2021,26 years,31365,22473,8892,21612,12599,9013,52977,35072,17905,48806,41081,7725,40179,32247,7932,88985,73328,15657
2021,27 years,30335,22289,8046,20145,12302,7843,50480,34591,15889,47596,40742,6854,36964,30130,6834,84560,70872,13688
2021,28 years,28643,21836,6807,18644,11902,6742,47287,33738,13549,45024,39362,5662,33814,28080,5734,78838,67442,11396
2021,29 years,27353,21571,5782,17360,11353,6007,44713,32924,11789,42836,38042,4794,31026,25845,5181,73862,63887,9975
2021,30 years,25559,20542,5017,16093,10681,5412,41652,31223,10429,40156,36282,3874,28716,24076,4640,68872,60358,8514
2021,31 years,25385,20721,4664,15235,10252,4983,40620,30973,9647,40466,36900,3566,27481,23289,4192,67947,60189,7758
2021,32 years,23650,19458,4192,14037,9721,4316,37687,29179,8508,37787,34474,3313,25299,21644,3655,63086,56118,6968
2021,33 years,22634,19083,3551,13068,8938,4130,35702,28021,7681,35859,33194,2665,23567,20098,3469,59426,53292,6134
2021,34 years,20999,17779,3220,11820,8126,3694,32819,25905,6914,33210,30880,2330,21440,18317,3123,54650,49197,5453
2021,35 years,19284,16333,2951,10814,7490,3324,30098,23823,6275,30442,28260,2182,19152,16406,2746,49594,44666,4928
2021,36 years,18392,15476,2916,9943,7028,2915,28335,22504,5831,28532,26444,2088,17464,15034,2430,45996,41478,4518
2021,37 years,17098,14634,2464,9213,6394,2819,26311,21028,5283,26487,24773,1714,16043,13726,2317,42530,38499,4031
2021,38 years,16018,13662,2356,8663,6142,2521,24681,19804,4877,24761,23011,1750,15073,13031,2042,39834,36042,3792
2021,39 years,15409,13455,1954,8117,5716,2401,23526,19171,4355,23600,22365,1235,14053,12072,1981,37653,34437,3216
2021,40 years,14452,12679,1773,7688,5418,2270,22140,18097,4043,22097,20851,1246,13059,11291,1768,35156,32142,3014
2021,41 years,14187,12448,1739,7606,5424,2182,21793,17872,3921,21179,20067,1112,12471,10696,1775,33650,30763,2887
2021,42 years,13639,11957,1682,7224,5119,2105,20863,17076,3787,20012,18772,1240,11543,9823,1720,31555,28595,2960
2021,43 years,13219,11807,1412,6862,4915,1947,20081,16722,3359,19020,18148,872,10800,9134,1666,29820,27282,2538
2021,44 years,12594,11278,1316,6883,5086,1797,19477,16364,3113,17876,17006,870,10464,9019,1445,28340,26025,2315
2021,45 years,12146,11112,1034,6556,4795,1761,18702,15907,2795,16874,16205,669,9759,8311,1448,26633,24516,2117
2021,46 years,11762,11004,758,6445,4852,1593,18207,15856,2351,16089,15811,278,9474,8130,1344,25563,23941,1622
2021,47 years,11228,10463,765,6098,4764,1334,17326,15227,2099,15232,14884,348,9031,7899,1132,24263,22783,1480
2021,48 years,10016,9288,728,5501,4188,1313,15517,13476,2041,13841,13458,383,8308,7214,1094,22149,20672,1477
2021,49 years,9692,9251,441,5339,4252,1087,15031,13503,1528,13741,13699,42,8280,7416,864,22021,21115,906
2021,50 years,8979,8696,283,5138,4033,1105,14117,12729,1388,13235,13320,-85,8241,7362,879,21476,20682,794
2021,51 years,8426,8193,233,4796,3871,925,13222,12064,1158,12610,12770,-160,8008,7320,688,20618,20090,528
2021,52 years,7950,7662,288,4543,3762,781,12493,11424,1069,12290,12431,-141,7982,7370,612,20272,19801,471
2021,53 years,7400,7365,35,4239,3617,622,11639,10982,657,11825,12136,-311,7795,7415,380,19620,19551,69
2021,54 years,6487,6603,-116,3789,3399,390,10276,10002,274,10942,11438,-496,7381,7174,207,18323,18612,-289
2021,55 years,5360,5448,-88,3091,2766,325,8451,8214,237,9701,10163,-462,6731,6640,91,16432,16803,-371
2021,56 years,4896,5089,-193,2764,2592,172,7660,7681,-21,9122,9703,-581,6264,6337,-73,15386,16040,-654
2021,57 years,4425,4722,-297,2629,2436,193,7054,7158,-104,8435,9088,-653,6120,6113,7,14555,15201,-646
2021,58 years,4031,4113,-82,2286,2260,26,6317,6373,-56,7936,8398,-462,5495,5685,-190,13431,14083,-652
2021,59 years,3486,3726,-240,2012,2035,-23,5498,5761,-263,7021,7494,-473,5181,5357,-176,12202,12851,-649
2021,60 years,2943,3373,-430,1887,2011,-124,4830,5384,-554,6343,7018,-675,4998,5238,-240,11341,12256,-915
2021,61 years,2727,3049,-322,1714,1848,-134,4441,4897,-456,6001,6605,-604,4557,4814,-257,10558,11419,-861
2021,62 years,2222,2623,-401,1514,1696,-182,3736,4319,-583,5360,5991,-631,4421,4759,-338,9781,10750,-969
2021,63 years,1955,2426,-471,1360,1640,-280,3315,4066,-751,5033,5777,-744,4302,4738,-436,9335,10515,-1180
2021,64 years,1645,2182,-537,1235,1481,-246,2880,3663,-783,5135,5984,-849,4505,4907,-402,9640,10891,-1251
2021,65 years,1294,2117,-823,1176,1382,-206,2470,3499,-1029,4323,5413,-1090,4021,4328,-307,8344,9741,-1397
2021,66 years,1128,1966,-838,1025,1420,-395,2153,3386,-1233,4308,5396,-1088,3827,4383,-556,8135,9779,-1644
2021,67 years,855,1357,-502,932,1233,-301,1787,2590,-803,3320,4067,-747,3354,3799,-445,6674,7866,-1192
2021,68 years,670,994,-324,795,1046,-251,1465,2040,-575,2840,3341,-501,2833,3221,-388,5673,6562,-889
2021,69 years,611,877,-266,736,932,-196,1347,1809,-462,2484,2942,-458,2632,2993,-361,5116,5935,-819
2021,70 years,501,800,-299,634,869,-235,1135,1669,-534,2214,2710,-496,2424,2794,-370,4638,5504,-866
2021,71 years,498,801,-303,608,878,-270,1106,1679,-573,2132,2642,-510,2337,2766,-429,4469,5408,-939
2021,72 years,405,720,-315,531,786,-255,936,1506,-570,1915,2385,-470,2154,2536,-382,4069,4921,-852
2021,73 years,361,703,-342,508,748,-240,869,1451,-582,1644,2128,-484,1883,2240,-357,3527,4368,-841
2021,74 years,332,699,-367,481,710,-229,813,1409,-596,1433,1933,-500,1767,2133,-366,3200,4066,-866
2021,75 years,317,616,-299,380,631,-251,697,1247,-550,1297,1720,-423,1471,1851,-380,2768,3571,-803
2021,76 years,266,511,-245,376,520,-144,642,1031,-389,1077,1439,-362,1456,1696,-240,2533,3135,-602
2021,77 years,216,469,-253,295,521,-226,511,990,-479,1277,1647,-370,1655,2016,-361,2932,3663,-731
2021,78 years,213,474,-261,317,446,-129,530,920,-390,1306,1679,-373,1764,2070,-306,3070,3749,-679
2021,79 years,180,446,-266,247,383,-136,427,829,-402,1171,1559,-388,1632,1912,-280,2803,3471,-668
2021,80 years,159,468,-309,248,438,-190,407,906,-499,1280,1762,-482,1983,2370,-387,3263,4132,-869
2021,81 years,173,530,-357,225,464,-239,398,994,-596,1284,1820,-536,1963,2414,-451,3247,4234,-987
2021,82 years,131,402,-271,210,407,-197,341,809,-468,1121,1534,-413,1935,2385,-450,3056,3919,-863
2021,83 years,118,427,-309,184,358,-174,302,785,-483,1004,1451,-447,1742,2132,-390,2746,3583,-837
2021,84 years,93,309,-216,155,308,-153,248,617,-369,906,1256,-350,1709,2070,-361,2615,3326,-711
2021,85 years,94,284,-190,155,283,-128,249,567,-318,860,1161,-301,1632,1992,-360,2492,3153,-661
2021,86 years,60,225,-165,117,228,-111,177,453,-276,724,999,-275,1518,1856,-338,2242,2855,-613
2021,87 years,66,263,-197,111,194,-83,177,457,-280,674,971,-297,1427,1689,-262,2101,2660,-559
2021,88 years,53,214,-161,102,186,-84,155,400,-245,456,678,-222,1080,1323,-243,1536,2001,-465
2021,89 years,32,165,-133,64,167,-103,96,332,-236,433,623,-190,972,1243,-271,1405,1866,-461
2021,90 years,32,131,-99,57,119,-62,89,250,-161,367,522,-155,851,1105,-254,1218,1627,-409
2021,91 years,19,108,-89,48,115,-67,67,223,-156,294,429,-135,799,1031,-232,1093,1460,-367
2021,92 years,18,57,-39,27,78,-51,45,135,-90,281,368,-87,683,895,-212,964,1263,-299
2021,93 years,13,60,-47,34,69,-35,47,129,-82,223,308,-85,573,760,-187,796,1068,-272
2021,94 years,7,63,-56,22,65,-43,29,128,-99,139,234,-95,422,578,-156,561,812,-251
2021,95 years and over,17,191,-174,32,247,-215,49,438,-389,296,583,-287,1083,1690,-607,1379,2273,-894
2021,Total,834157,639986,194171,557949,358778,199171,1392106,998764,393342,1339649,1181137,158512,1048419,877768,170651,2388068,2058905,329163