year,years,foreigners male arrivals,foreigners male departures,foreigners male balance,foreigners female arrivals,foreigners female departures,foreigners female balance,foreigners total arrivals,foreigners total departures,foreigners total balance,total male arrivals,total male departures,total male balance,total female arrivals,total female departures,total female balance,total arrivals,total departures,total balance
2000,under 1 year,1537,1057,480,1343,898,445,2880,1955,925,2908,1374,1534,2568,1162,1406,5476,2536,2940
2000,1 year,2814,2551,263,2521,2366,155,5335,4917,418,4479,3661,818,4152,3337,815,8631,6998,1633
2000,2 years,2612,2696,-84,2477,2558,-81,5089,5254,-165,4017,3461,556,3853,3276,577,7870,6737,1133
2000,3 years,2557,2904,-347,2387,2701,-314,4944,5605,-661,3866,3694,172,3687,3473,214,7553,7167,386
2000,4 years,2352,2773,-421,2380,2662,-282,4732,5435,-703,3616,3540,76,3585,3383,202,7201,6923,278
2000,5 years,2350,2611,-261,2242,2543,-301,4592,5154,-562,3613,3276,337,3489,3280,209,7102,6556,546
2000,6 years,2303,2849,-546,2261,2600,-339,4564,5449,-885,3619,3690,-71,3549,3347,202,7168,7037,131
2000,7 years,2186,2605,-419,2110,2523,-413,4296,5128,-832,3448,3372,76,3318,3329,-11,6766,6701,65
2000,8 years,2202,2381,-179,2054,2223,-169,4256,4604,-348,3502,3007,495,3351,2787,564,6853,5794,1059
2000,9 years,2022,2179,-157,2019,1982,37,4041,4161,-120,3363,2805,558,3226,2536,690,6589,5341,1248
2000,10 years,2098,2183,-85,1915,1910,5,4013,4093,-80,3506,2763,743,3240,2464,776,6746,5227,1519
2000,11 years,2073,1916,157,1889,1778,111,3962,3694,268,3422,2490,932,3242,2280,962,6664,4770,1894
2000,12 years,2100,1871,229,1847,1745,102,3947,3616,331,3578,2390,1188,3151,2181,970,6729,4571,2158
2000,13 years,1988,1712,276,1833,1583,250,3821,3295,526,3524,2223,1301,3304,2009,1295,6828,4232,2596
2000,14 years,2020,1628,392,1711,1474,237,3731,3102,629,3468,2059,1409,3101,1831,1270,6569,3890,2679
2000,15 years,2362,1619,743,2081,1477,604,4443,3096,1347,3814,2094,1720,3479,1866,1613,7293,3960,3333
2000,16 years,3578,2020,1558,2632,1696,936,6210,3716,2494,5008,2476,2532,4125,2209,1916,9133,4685,4448
2000,17 years,4636,2874,1762,3316,1918,1398,7952,4792,3160,6170,3530,2640,4719,2367,2352,10889,5897,4992
2000,18 years,5231,4116,1115,5636,2708,2928,10867,6824,4043,7209,4770,2439,7308,3167,4141,14517,7937,6580
2000,19 years,7593,5503,2090,10138,4198,5940,17731,9701,8030,9732,6286,3446,11967,4820,7147,21699,11106,10593
2000,20 years,10869,7170,3699,13517,6265,7252,24386,13435,10951,13202,8080,5122,15388,7084,8304,28590,15164,13426
2000,21 years,12636,9540,3096,14775,8414,6361,27411,17954,9457,14927,10570,4357,16576,9322,7254,31503,19892,11611
2000,22 years,15078,10956,4122,15561,8874,6687,30639,19830,10809,17295,12018,5277,17348,9877,7471,34643,21895,12748
2000,23 years,16437,12013,4424,14902,8864,6038,31339,20877,10462,18561,13234,5327,16714,9991,6723,35275,23225,12050
2000,24 years,16798,12823,3975,13485,8249,5236,30283,21072,9211,19072,14061,5011,15251,9355,5896,34323,23416,10907
2000,25 years,16662,13420,3242,11779,7619,4160,28441,21039,7402,18796,14632,4164,13380,8824,4556,32176,23456,8720
2000,26 years,15517,13107,2410,10022,6913,3109,25539,20020,5519,17438,14404,3034,11581,8199,3382,29019,22603,6416
2000,27 years,14261,12679,1582,9013,6150,2863,23274,18829,4445,16192,14025,2167,10521,7358,3163,26713,21383,5330
2000,28 years,13978,12674,1304,8328,5948,2380,22306,18622,3684,15897,14181,1716,9771,7273,2498,25668,21454,4214
2000,29 years,12990,12017,973,7554,5547,2007,20544,17564,2980,14975,13691,1284,9003,6986,2017,23978,20677,3301
2000,30 years,12873,12572,301,6925,5133,1792,19798,17705,2093,14812,14316,496,8348,6556,1792,23160,20872,2288
2000,31 years,11741,11638,103,6058,4915,1143,17799,16553,1246,13703,13449,254,7500,6325,1175,21203,19774,1429
2000,32 years,11103,11399,-296,5689,4686,1003,16792,16085,707,13096,13325,-229,7161,6153,1008,20257,19478,779
2000,33 years,10082,10567,-485,5061,4320,741,15143,14887,256,12154,12514,-360,6590,5669,921,18744,18183,561
2000,34 years,9461,10052,-591,4515,3864,651,13976,13916,60,11610,11915,-305,6039,5168,871,17649,17083,566
2000,35 years,9217,9808,-591,4328,3767,561,13545,13575,-30,11331,11595,-264,5823,5067,756,17154,16662,492
2000,36 years,8722,9418,-696,3994,3390,604,12716,12808,-92,10853,11059,-206,5516,4594,922,16369,15653,716
2000,37 years,8152,8917,-765,3586,3166,420,11738,12083,-345,10333,10560,-227,5177,4293,884,15510,14853,657
2000,38 years,7935,8613,-678,3390,2984,406,11325,11597,-272,10080,10121,-41,4922,4005,917,15002,14126,876
2000,39 years,7324,7901,-577,3084,2614,470,10408,10515,-107,9479,9366,113,4559,3590,969,14038,12956,1082
2000,40 years,7496,8201,-705,3017,2513,504,10513,10714,-201,9527,9524,3,4531,3305,1226,14058,12829,1229
2000,41 years,6955,7408,-453,2708,2353,355,9663,9761,-98,8985,8648,337,4201,3163,1038,13186,11811,1375
2000,42 years,6564,7092,-528,2552,2169,383,9116,9261,-145,8392,8221,171,3964,2853,1111,12356,11074,1282
2000,43 years,6139,6420,-281,2353,2008,345,8492,8428,64,7929,7490,439,3641,2632,1009,11570,10122,1448
2000,44 years,6011,6573,-562,2236,1914,322,8247,8487,-240,7718,7610,108,3469,2491,978,11187,10101,1086
2000,45 years,5716,6115,-399,2131,1881,250,7847,7996,-149,7377,7014,363,3350,2397,953,10727,9411,1316
2000,46 years,5269,5561,-292,1931,1687,244,7200,7248,-48,6796,6466,330,3125,2181,944,9921,8647,1274
2000,47 years,4604,4892,-288,1767,1569,198,6371,6461,-90,6014,5723,291,2879,2093,786,8893,7816,1077
2000,48 years,4244,4477,-233,1748,1554,194,5992,6031,-39,5676,5304,372,2829,2014,815,8505,7318,1187
2000,49 years,3755,4012,-257,1674,1389,285,5429,5401,28,5004,4728,276,2784,1841,943,7788,6569,1219
2000,50 years,3489,3863,-374,1675,1407,268,5164,5270,-106,4809,4596,213,2681,1830,851,7490,6426,1064
2000,51 years,2937,3402,-465,1496,1340,156,4433,4742,-309,4145,4031,114,2416,1813,603,6561,5844,717
2000,52 years,2582,2886,-304,1417,1302,115,3999,4188,-189,3622,3514,108,2189,1709,480,5811,5223,588
2000,53 years,2268,2591,-323,1353,1221,132,3621,3812,-191,3173,3169,4,2048,1552,496,5221,4721,500
2000,54 years,1851,2183,-332,1205,1155,50,3056,3338,-282,2555,2667,-112,1704,1430,274,4259,4097,162
2000,55 years,1460,1765,-305,1060,1014,46,2520,2779,-259,1999,2151,-152,1406,1279,127,3405,3430,-25
2000,56 years,1265,1558,-293,903,989,-86,2168,2547,-379,1901,2094,-193,1276,1274,2,3177,3368,-191
2000,57 years,1029,1311,-282,815,924,-109,1844,2235,-391,1731,1809,-78,1226,1202,24,2957,3011,-54
2000,58 years,934,1287,-353,904,952,-48,1838,2239,-401,1656,1761,-105,1461,1287,174,3117,3048,69
2000,59 years,901,1095,-194,905,877,28,1806,1972,-166,1717,1630,87,1618,1189,429,3335,2819,516
2000,60 years,906,1545,-639,979,1225,-246,1885,2770,-885,1816,2142,-326,1697,1585,112,3513,3727,-214
2000,61 years,906,1467,-561,953,1135,-182,1859,2602,-743,1748,1972,-224,1710,1480,230,3458,3452,6
2000,62 years,954,1319,-365,894,1036,-142,1848,2355,-507,1726,1774,-48,1594,1328,266,3320,3102,218
2000,63 years,842,1290,-448,881,942,-61,1723,2232,-509,1583,1687,-104,1619,1177,442,3202,2864,338
2000,64 years,658,1111,-453,781,915,-134,1439,2026,-587,1268,1431,-163,1371,1120,251,2639,2551,88
2000,65 years,632,1221,-589,732,816,-84,1364,2037,-673,1271,1494,-223,1256,1049,207,2527,2543,-16
2000,66 years,571,998,-427,614,733,-119,1185,1731,-546,958,1198,-240,1031,938,93,1989,2136,-147
2000,67 years,503,883,-380,572,690,-118,1075,1573,-498,823,1048,-225,919,805,114,1742,1853,-111
2000,68 years,468,719,-251,583,596,-13,1051,1315,-264,786,873,-87,935,713,222,1721,1586,135
2000,69 years,361,557,-196,463,540,-77,824,1097,-273,682,700,-18,769,639,130,1451,1339,112
2000,70 years,366,570,-204,525,599,-74,891,1169,-278,713,752,-39,886,718,168,1599,1470,129
2000,71 years,349,433,-84,427,436,-9,776,869,-93,665,551,114,774,536,238,1439,1087,352
2000,72 years,265,344,-79,435,486,-51,700,830,-130,521,454,67,820,620,200,1341,1074,267
2000,73 years,244,291,-47,380,391,-11,624,682,-58,490,392,98,699,504,195,1189,896,293
2000,74 years,199,226,-27,347,368,-21,546,594,-48,401,315,86,666,465,201,1067,780,287
2000,75 years,165,208,-43,323,332,-9,488,540,-52,347,284,63,601,424,177,948,708,240
2000,76 years,141,145,-4,271,223,48,412,368,44,264,202,62,532,326,206,796,528,268
2000,77 years,124,154,-30,262,235,27,386,389,-3,241,197,44,482,317,165,723,514,209
2000,78 years,114,120,-6,213,222,-9,327,342,-15,190,160,30,355,308,47,545,468,77
2000,79 years,99,106,-7,187,180,7,286,286,0,164,156,8,309,262,47,473,418,55
2000,80 years,107,122,-15,145,177,-32,252,299,-47,162,162,0,287,252,35,449,414,35
2000,81 years,65,66,-1,161,130,31,226,196,30,123,100,23,283,194,89,406,294,112
2000,82 years,34,50,-16,101,72,29,135,122,13,72,73,-1,213,123,90,285,196,89
2000,83 years,43,36,7,79,68,11,122,104,18,63,50,13,125,104,21,188,154,34
2000,84 years,37,34,3,68,65,3,105,99,6,64,51,13,141,111,30,205,162,43
2000,85 years,38,38,0,70,71,-1,108,109,-1,61,55,6,121,121,0,182,176,6
2000,86 years,27,32,-5,69,71,-2,96,103,-7,47,48,-1,153,124,29,200,172,28
2000,87 years,21,32,-11,54,60,-6,75,92,-17,36,51,-15,125,112,13,161,163,-2
2000,88 years,23,25,-2,50,47,3,73,72,1,40,57,-17,105,84,21,145,141,4
2000,89 years,17,16,1,32,39,-7,49,55,-6,30,27,3,74,70,4,104,97,7
2000,90 years,15,31,-16,38,75,-37,53,106,-53,21,39,-18,72,108,-36,93,147,-54
2000,91 years,5,17,-12,12,23,-11,17,40,-23,12,23,-11,37,45,-8,49,68,-19
2000,92 years,3,5,-2,21,19,2,24,24,0,8,9,-1,51,46,5,59,55,4
2000,93 years,7,5,2,13,11,2,20,16,4,10,8,2,35,23,12,45,31,14
2000,94 years,2,3,-1,12,12,0,14,15,-1,3,4,-1,25,19,6,28,23,5
2000,95 years and over,23,24,-1,41,44,-3,64,68,-4,36,32,4,67,62,5,103,94,9
2000,Total,383253,364267,18986,265996,198527,67469,649249,562794,86455,487839,426798,61041,353319,247240,106079,841158,674038,167120
2001,under 1 year,1485,459,1026,1337,396,941,2822,855,1967,2850,730,2120,2493,638,1855,5343,1368,3975
2001,1 year,2935,1496,1439,2425,1371,1054,5360,2867,2493,4749,2296,2453,4027,2013,2014,8776,4309,4467
2001,2 years,2765,1723,1042,2443,1544,899,5208,3267,1941,4259,2451,1808,3769,2229,1540,8028,4680,3348
2001,3 years,2484,1683,801,2330,1654,676,4814,3337,1477,3866,2401,1465,3721,2415,1306,7587,4816,2771
2001,4 years,2453,1699,754,2275,1639,636,4728,3338,1390,3794,2425,1369,3555,2315,1240,7349,4740,2609
2001,5 years,2374,1627,747,2387,1653,734,4761,3280,1481,3637,2359,1278,3610,2291,1319,7247,4650,2597
2001,6 years,2390,1784,606,2216,1677,539,4606,3461,1145,3681,2616,1065,3491,2423,1068,7172,5039,2133
2001,7 years,2270,1690,580,2152,1656,496,4422,3346,1076,3557,2463,1094,3440,2400,1040,6997,4863,2134
2001,8 years,2169,1432,737,2002,1312,690,4171,2744,1427,3473,1995,1478,3226,1876,1350,6699,3871,2828
2001,9 years,2107,1352,755,2038,1219,819,4145,2571,1574,3400,1908,1492,3287,1745,1542,6687,3653,3034
2001,10 years,2184,1361,823,1901,1178,723,4085,2539,1546,3506,1905,1601,3183,1716,1467,6689,3621,3068
2001,11 years,2086,1281,805,1967,1172,795,4053,2453,1600,3480,1757,1723,3284,1687,1597,6764,3444,3320
2001,12 years,2077,1154,923,1925,1098,827,4002,2252,1750,3450,1615,1835,3303,1523,1780,6753,3138,3615
2001,13 years,2162,1196,966,1934,1097,837,4096,2293,1803,3599,1631,1968,3297,1509,1788,6896,3140,3756
2001,14 years,2185,1078,1107,1977,1011,966,4162,2089,2073,3644,1511,2133,3382,1388,1994,7026,2899,4127
2001,15 years,2532,1042,1490,2109,1018,1091,4641,2060,2581,3987,1442,2545,3519,1386,2133,7506,2828,4678
2001,16 years,4417,1444,2973,2866,1245,1621,7283,2689,4594,5898,1890,4008,4296,1629,2667,10194,3519,6675
2001,17 years,5316,2196,3120,3352,1516,1836,8668,3712,4956,6907,2834,4073,4839,1886,2953,11746,4720,7026
2001,18 years,5989,3055,2934,5666,2252,3414,11655,5307,6348,8024,3708,4316,7442,2744,4698,15466,6452,9014
2001,19 years,8885,4357,4528,10712,3706,7006,19597,8063,11534,11162,5131,6031,12794,4407,8387,23956,9538,14418
2001,20 years,11229,5576,5653,14074,5878,8196,25303,11454,13849,13462,6544,6918,16125,6764,9361,29587,13308,16279
2001,21 years,13943,8111,5832,15950,8157,7793,29893,16268,13625,16217,9180,7037,17982,9193,8789,34199,18373,15826
2001,22 years,16370,9396,6974,16875,8764,8111,33245,18160,15085,18611,10539,8072,18711,9889,8822,37322,20428,16894
2001,23 years,18212,10764,7448,16399,8746,7653,34611,19510,15101,20336,12033,8303,18267,9889,8378,38603,21922,16681
2001,24 years,18295,11363,6932,14857,8168,6689,33152,19531,13621,20464,12638,7826,16734,9450,7284,37198,22088,15110
2001,25 years,17713,11636,6077,12843,7381,5462,30556,19017,11539,19856,12913,6943,14551,8664,5887,34407,21577,12830
2001,26 years,17126,11821,5305,10845,6307,4538,27971,18128,9843,19242,13232,6010,12549,7579,4970,31791,20811,10980
2001,27 years,15979,11514,4465,9690,5481,4209,25669,16995,8674,17896,12915,4981,11273,6772,4501,29169,19687,9482
2001,28 years,14689,11069,3620,8707,5315,3392,23396,16384,7012,16558,12481,4077,10131,6564,3567,26689,19045,7644
2001,29 years,13987,11093,2894,8227,5050,3177,22214,16143,6071,15887,12626,3261,9737,6372,3365,25624,18998,6626
2001,30 years,12529,10591,1938,7341,4559,2782,19870,15150,4720,14415,12313,2102,8816,5968,2848,23231,18281,4950
2001,31 years,12774,10745,2029,6765,4328,2437,19539,15073,4466,14679,12487,2192,8230,5693,2537,22909,18180,4729
2001,32 years,11359,10165,1194,6043,4020,2023,17402,14185,3217,13298,11899,1399,7429,5353,2076,20727,17252,3475
2001,33 years,10707,9986,721,5591,3812,1779,16298,13798,2500,12662,11747,915,7088,5098,1990,19750,16845,2905
2001,34 years,9650,9119,531,5115,3497,1618,14765,12616,2149,11751,10949,802,6652,4816,1836,18403,15765,2638
2001,35 years,9114,8685,429,4623,3189,1434,13737,11874,1863,11161,10485,676,6160,4432,1728,17321,14917,2404
2001,36 years,9123,8811,312,4360,3111,1249,13483,11922,1561,11108,10554,554,5811,4330,1481,16919,14884,2035
2001,37 years,8216,8168,48,3827,2822,1005,12043,10990,1053,10344,9875,469,5372,4067,1305,15716,13942,1774
2001,38 years,7984,7871,113,3585,2636,949,11569,10507,1062,10060,9412,648,5128,3724,1404,15188,13136,2052
2001,39 years,7807,7578,229,3384,2400,984,11191,9978,1213,9908,9060,848,4874,3400,1474,14782,12460,2322
2001,40 years,7031,7042,-11,3222,2256,966,10253,9298,955,9025,8441,584,4755,3153,1602,13780,11594,2186
2001,41 years,7209,7281,-72,3113,2183,930,10322,9464,858,9266,8555,711,4640,3036,1604,13906,11591,2315
2001,42 years,6356,6611,-255,2793,2025,768,9149,8636,513,8244,7907,337,4261,2781,1480,12505,10688,1817
2001,43 years,6197,6431,-234,2458,1848,610,8655,8279,376,7950,7525,425,3833,2498,1335,11783,10023,1760
2001,44 years,6038,6178,-140,2312,1754,558,8350,7932,418,7754,7190,564,3570,2350,1220,11324,9540,1784
2001,45 years,5748,5945,-197,2273,1718,555,8021,7663,358,7318,6871,447,3529,2288,1241,10847,9159,1688
2001,46 years,5265,5537,-272,2228,1685,543,7493,7222,271,6813,6437,376,3440,2173,1267,10253,8610,1643
2001,47 years,4718,5179,-461,1922,1520,402,6640,6699,-59,6183,5976,207,3135,2011,1124,9318,7987,1331
2001,48 years,4356,4716,-360,1773,1380,393,6129,6096,33,5763,5545,218,2853,1813,1040,8616,7358,1258
2001,49 years,3802,4149,-347,1653,1355,298,5455,5504,-49,5201,4862,339,2692,1775,917,7893,6637,1256
2001,50 years,3209,3659,-450,1588,1317,271,4797,4976,-179,4589,4352,237,2651,1735,916,7240,6087,1153
2001,51 years,3068,3325,-257,1590,1349,241,4658,4674,-16,4318,4021,297,2543,1724,819,6861,5745,1116
2001,52 years,2654,3073,-419,1451,1213,238,4105,4286,-181,3835,3688,147,2404,1583,821,6239,5271,968
2001,53 years,2275,2618,-343,1370,1209,161,3645,3827,-182,3277,3164,113,2164,1549,615,5441,4713,728
2001,54 years,2112,2311,-199,1337,1168,169,3449,3479,-30,3009,2829,180,2009,1487,522,5018,4316,702
2001,55 years,1619,1832,-213,1170,1057,113,2789,2889,-100,2300,2249,51,1674,1338,336,3974,3587,387
2001,56 years,1283,1495,-212,1012,927,85,2295,2422,-127,1844,1892,-48,1400,1170,230,3244,3062,182
2001,57 years,1075,1372,-297,838,883,-45,1913,2255,-342,1714,1865,-151,1250,1171,79,2964,3036,-72
2001,58 years,944,1193,-249,782,822,-40,1726,2015,-289,1599,1683,-84,1203,1054,149,2802,2737,65
2001,59 years,852,1089,-237,832,925,-93,1684,2014,-330,1472,1476,-4,1394,1182,212,2866,2658,208
2001,60 years,801,1370,-569,901,1038,-137,1702,2408,-706,1689,1937,-248,1584,1377,207,3273,3314,-41
2001,61 years,834,1465,-631,983,1193,-210,1817,2658,-841,1670,2007,-337,1659,1502,157,3329,3509,-180
2001,62 years,808,1234,-426,819,981,-162,1627,2215,-588,1585,1683,-98,1555,1250,305,3140,2933,207
2001,63 years,804,1243,-439,925,949,-24,1729,2192,-463,1605,1684,-79,1673,1178,495,3278,2862,416
2001,64 years,717,1093,-376,889,889,0,1606,1982,-376,1374,1421,-47,1559,1097,462,2933,2518,415
2001,65 years,662,1166,-504,715,792,-77,1377,1958,-581,1313,1474,-161,1349,993,356,2662,2467,195
2001,66 years,542,917,-375,617,750,-133,1159,1667,-508,1072,1172,-100,1129,883,246,2201,2055,146
2001,67 years,510,810,-300,564,642,-78,1074,1452,-378,880,1005,-125,927,763,164,1807,1768,39
2001,68 years,429,733,-304,510,612,-102,939,1345,-406,719,847,-128,797,719,78,1516,1566,-50
2001,69 years,397,666,-269,497,592,-95,894,1258,-364,694,786,-92,826,683,143,1520,1469,51
2001,70 years,322,523,-201,438,500,-62,760,1023,-263,619,629,-10,817,579,238,1436,1208,228
2001,71 years,308,479,-171,464,541,-77,772,1020,-248,616,584,32,811,673,138,1427,1257,170
2001,72 years,287,376,-89,380,466,-86,667,842,-175,538,483,55,721,552,169,1259,1035,224
2001,73 years,210,296,-86,354,374,-20,564,670,-106,449,375,74,692,470,222,1141,845,296
2001,74 years,173,265,-92,316,360,-44,489,625,-136,377,340,37,616,456,160,993,796,197
2001,75 years,172,233,-61,303,325,-22,475,558,-83,341,300,41,622,415,207,963,715,248
2001,76 years,146,207,-61,299,290,9,445,497,-52,276,279,-3,542,381,161,818,660,158
2001,77 years,123,147,-24,234,250,-16,357,397,-40,232,196,36,413,308,105,645,504,141
2001,78 years,98,124,-26,215,223,-8,313,347,-34,185,178,7,372,317,55,557,495,62
2001,79 years,109,111,-2,216,198,18,325,309,16,173,156,17,327,262,65,500,418,82
2001,80 years,67,118,-51,177,206,-29,244,324,-80,119,158,-39,291,280,11,410,438,-28
2001,81 years,78,101,-23,145,157,-12,223,258,-35,129,150,-21,250,231,19,379,381,-2
2001,82 years,63,57,6,117,115,2,180,172,8,103,74,29,192,152,40,295,226,69
2001,83 years,34,44,-10,89,64,25,123,108,15,61,65,-4,146,105,41,207,170,37
2001,84 years,29,37,-8,73,59,14,102,96,6,44,50,-6,107,84,23,151,134,17
2001,85 years,32,38,-6,66,66,0,98,104,-6,50,54,-4,100,95,5,150,149,1
2001,86 years,27,31,-4,71,55,16,98,86,12,41,42,-1,129,89,40,170,131,39
2001,87 years,24,35,-11,56,51,5,80,86,-6,41,48,-7,126,89,37,167,137,30
2001,88 years,22,24,-2,45,54,-9,67,78,-11,41,35,6,91,98,-7,132,133,-1
2001,89 years,22,23,-1,37,53,-16,59,76,-17,38,35,3,86,97,-11,124,132,-8
2001,90 years,13,31,-18,24,54,-30,37,85,-48,23,43,-20,59,82,-23,82,125,-43
2001,91 years,12,25,-13,32,38,-6,44,63,-19,16,33,-17,47,57,-10,63,90,-27
2001,92 years,7,10,-3,14,15,-1,21,25,-4,14,14,0,28,35,-7,42,49,-7
2001,93 years,5,9,-4,16,17,-1,21,26,-5,9,13,-4,34,26,8,43,39,4
2001,94 years,5,8,-3,8,18,-10,13,26,-13,12,12,0,17,24,-7,29,36,-7
2001,95 years and over,14,41,-27,30,74,-44,44,115,-71,23,49,-26,62,95,-33,85,144,-59
2001,Total,402788,322297,80491,282471,174690,107781,685259,496987,188272,507483,383889,123594,371734,222605,149129,879217,606494,272723
2002,under 1 year,1374,489,885,1169,431,738,2543,920,1623,2607,802,1805,2277,703,1574,4884,1505,3379
2002,1 year,2619,1404,1215,2193,1254,939,4812,2658,2154,4461,2228,2233,3733,1951,1782,8194,4179,4015
2002,2 years,2437,1656,781,2074,1481,593,4511,3137,1374,4063,2574,1489,3447,2240,1207,7510,4814,2696
2002,3 years,2231,1643,588,2051,1675,376,4282,3318,964,3526,2446,1080,3290,2433,857,6816,4879,1937
2002,4 years,2097,1722,375,2118,1547,571,4215,3269,946,3318,2500,818,3338,2247,1091,6656,4747,1909
2002,5 years,2113,1669,444,2059,1519,540,4172,3188,984,3389,2418,971,3239,2271,968,6628,4689,1939
2002,6 years,2117,1868,249,2062,1764,298,4179,3632,547,3319,2769,550,3240,2613,627,6559,5382,1177
2002,7 years,2032,1678,354,1921,1608,313,3953,3286,667,3188,2487,701,3049,2371,678,6237,4858,1379
2002,8 years,2001,1405,596,1846,1347,499,3847,2752,1095,3191,2029,1162,2990,1889,1101,6181,3918,2263
2002,9 years,1886,1361,525,1792,1289,503,3678,2650,1028,2998,1887,1111,2932,1831,1101,5930,3718,2212
2002,10 years,1939,1297,642,1820,1219,601,3759,2516,1243,3145,1833,1312,3048,1845,1203,6193,3678,2515
2002,11 years,1948,1224,724,1868,1190,678,3816,2414,1402,3196,1694,1502,3114,1695,1419,6310,3389,2921
2002,12 years,2044,1243,801,1809,1089,720,3853,2332,1521,3317,1791,1526,2979,1610,1369,6296,3401,2895
2002,13 years,2065,1176,889,1800,1067,733,3865,2243,1622,3344,1626,1718,3040,1597,1443,6384,3223,3161
2002,14 years,2110,1152,958,1888,1017,871,3998,2169,1829,3438,1680,1758,3155,1427,1728,6593,3107,3486
2002,15 years,2403,1093,1310,2073,1078,995,4476,2171,2305,3763,1576,2187,3275,1492,1783,7038,3068,3970
2002,16 years,3394,1473,1921,2678,1215,1463,6072,2688,3384,4760,1932,2828,3994,1615,2379,8754,3547,5207
2002,17 years,4453,2341,2112,3313,1551,1762,7766,3892,3874,5886,3023,2863,4694,2024,2670,10580,5047,5533
2002,18 years,5395,3522,1873,5509,2279,3230,10904,5801,5103,7303,4158,3145,7138,2790,4348,14441,6948,7493
2002,19 years,7997,4506,3491,10599,3696,6903,18596,8202,10394,10162,5361,4801,12528,4490,8038,22690,9851,12839
2002,20 years,10753,5833,4920,13829,6250,7579,24582,12083,12499,12840,6786,6054,15772,7181,8591,28612,13967,14645
2002,21 years,12600,7965,4635,15800,8396,7404,28400,16361,12039,14798,9110,5688,17655,9516,8139,32453,18626,13827
2002,22 years,15759,9880,5879,16955,9579,7376,32714,19459,13255,17897,11192,6705,18777,10910,7867,36674,22102,14572
2002,23 years,16911,10903,6008,16596,9709,6887,33507,20612,12895,19040,12230,6810,18503,11080,7423,37543,23310,14233
2002,24 years,17476,11894,5582,15215,9132,6083,32691,21026,11665,19568,13300,6268,17019,10535,6484,36587,23835,12752
2002,25 years,16529,11995,4534,12745,7913,4832,29274,19908,9366,18618,13445,5173,14470,9325,5145,33088,22770,10318
2002,26 years,15642,11948,3694,10845,6995,3850,26487,18943,7544,17572,13406,4166,12508,8540,3968,30080,21946,8134
2002,27 years,15157,12094,3063,9568,5965,3603,24725,18059,6666,17125,13645,3480,11088,7369,3719,28213,21014,7199
2002,28 years,14247,11578,2669,8724,5502,3222,22971,17080,5891,16126,13202,2924,10199,6943,3256,26325,20145,6180
2002,29 years,12902,10945,1957,7851,4986,2865,20753,15931,4822,14602,12426,2176,9231,6340,2891,23833,18766,5067
2002,30 years,12389,11046,1343,7329,4838,2491,19718,15884,3834,14259,12718,1541,8768,6166,2602,23027,18884,4143
2002,31 years,11384,10320,1064,6507,4475,2032,17891,14795,3096,13172,12066,1106,7887,5889,1998,21059,17955,3104
2002,32 years,11563,10492,1071,6109,4213,1896,17672,14705,2967,13372,12188,1184,7457,5551,1906,20829,17739,3090
2002,33 years,10351,10065,286,5434,3903,1531,15785,13968,1817,12184,11743,441,6823,5194,1629,19007,16937,2070
2002,34 years,9524,9560,-36,5085,3628,1457,14609,13188,1421,11403,11322,81,6420,4985,1435,17823,16307,1516
2002,35 years,8899,8885,14,4475,3370,1105,13374,12255,1119,10873,10776,97,5930,4713,1217,16803,15489,1314
2002,36 years,8284,8384,-100,3969,3040,929,12253,11424,829,10235,10179,56,5390,4381,1009,15625,14560,1065
2002,37 years,8262,8384,-122,3820,2784,1036,12082,11168,914,10170,10050,120,5175,4047,1128,15345,14097,1248
2002,38 years,7647,7929,-282,3620,2680,940,11267,10609,658,9659,9696,-37,5000,3833,1167,14659,13529,1130
2002,39 years,7305,7549,-244,3311,2440,871,10616,9989,627,9208,9115,93,4677,3500,1177,13885,12615,1270
2002,40 years,6864,7205,-341,3237,2457,780,10101,9662,439,8779,8676,103,4606,3388,1218,13385,12064,1321
2002,41 years,6348,6616,-268,2748,1984,764,9096,8600,496,8234,7969,265,4144,2887,1257,12378,10856,1522
2002,42 years,6488,6802,-314,2845,2119,726,9333,8921,412,8330,8033,297,4183,2934,1249,12513,10967,1546
2002,43 years,5959,6227,-268,2501,1936,565,8460,8163,297,7749,7379,370,3803,2737,1066,11552,10116,1436
2002,44 years,5747,6076,-329,2415,1792,623,8162,7868,294,7359,7105,254,3636,2540,1096,10995,9645,1350
2002,45 years,5351,5700,-349,2195,1682,513,7546,7382,164,6819,6813,6,3368,2379,989,10187,9192,995
2002,46 years,5148,5642,-494,2104,1620,484,7252,7262,-10,6559,6620,-61,3272,2213,1059,9831,8833,998
2002,47 years,4782,5183,-401,2027,1598,429,6809,6781,28,6157,6051,106,3154,2156,998,9311,8207,1104
2002,48 years,4317,4635,-318,1909,1443,466,6226,6078,148,5666,5454,212,2954,1938,1016,8620,7392,1228
2002,49 years,3716,4144,-428,1644,1294,350,5360,5438,-78,4986,4920,66,2670,1772,898,7656,6692,964
2002,50 years,3376,3734,-358,1672,1319,353,5048,5053,-5,4621,4470,151,2637,1792,845,7258,6262,996
2002,51 years,2855,3199,-344,1504,1208,296,4359,4407,-48,4103,3907,196,2454,1663,791,6557,5570,987
2002,52 years,2727,3008,-281,1483,1275,208,4210,4283,-73,3892,3748,144,2430,1698,732,6322,5446,876
2002,53 years,2505,2655,-150,1352,1166,186,3857,3821,36,3606,3339,267,2292,1545,747,5898,4884,1014
2002,54 years,2009,2218,-209,1306,1136,170,3315,3354,-39,2910,2744,166,2037,1464,573,4947,4208,739
2002,55 years,1810,2028,-218,1231,1120,111,3041,3148,-107,2666,2582,84,1859,1429,430,4525,4011,514
2002,56 years,1538,1687,-149,1013,1007,6,2551,2694,-143,2196,2138,58,1492,1290,202,3688,3428,260
2002,57 years,1053,1315,-262,901,882,19,1954,2197,-243,1570,1654,-84,1278,1127,151,2848,2781,67
2002,58 years,927,1123,-196,772,834,-62,1699,1957,-258,1519,1609,-90,1148,1098,50,2667,2707,-40
2002,59 years,790,991,-201,736,807,-71,1526,1798,-272,1404,1466,-62,1140,1086,54,2544,2552,-8
2002,60 years,740,1280,-540,795,931,-136,1535,2211,-676,1426,1785,-359,1307,1260,47,2733,3045,-312
2002,61 years,730,1166,-436,785,930,-145,1515,2096,-581,1517,1709,-192,1411,1283,128,2928,2992,-64
2002,62 years,730,1185,-455,876,984,-108,1606,2169,-563,1519,1725,-206,1507,1296,211,3026,3021,5
2002,63 years,771,1218,-447,780,795,-15,1551,2013,-462,1522,1691,-169,1390,1089,301,2912,2780,132
2002,64 years,714,1104,-390,823,854,-31,1537,1958,-421,1420,1513,-93,1456,1116,340,2876,2629,247
2002,65 years,720,1183,-463,804,894,-90,1524,2077,-553,1408,1549,-141,1454,1143,311,2862,2692,170
2002,66 years,583,986,-403,614,722,-108,1197,1708,-511,1083,1258,-175,1129,903,226,2212,2161,51
2002,67 years,489,808,-319,553,656,-103,1042,1464,-422,923,1040,-117,1045,836,209,1968,1876,92
2002,68 years,431,758,-327,462,568,-106,893,1326,-433,774,948,-174,807,724,83,1581,1672,-91
2002,69 years,370,692,-322,449,549,-100,819,1241,-422,645,855,-210,711,648,63,1356,1503,-147
2002,70 years,346,608,-262,461,509,-48,807,1117,-310,602,708,-106,740,615,125,1342,1323,19
2002,71 years,295,459,-164,391,445,-54,686,904,-218,538,575,-37,667,553,114,1205,1128,77
2002,72 years,297,443,-146,391,428,-37,688,871,-183,562,554,8,698,528,170,1260,1082,178
2002,73 years,237,324,-87,332,353,-21,569,677,-108,461,450,11,602,450,152,1063,900,163
2002,74 years,198,280,-82,325,339,-14,523,619,-96,412,381,31,629,436,193,1041,817,224
2002,75 years,169,236,-67,283,326,-43,452,562,-110,336,302,34,561,439,122,897,741,156
2002,76 years,138,196,-58,250,290,-40,388,486,-98,291,270,21,492,376,116,783,646,137
2002,77 years,136,154,-18,256,229,27,392,383,9,250,216,34,482,317,165,732,533,199
2002,78 years,114,127,-13,208,200,8,322,327,-5,202,174,28,408,293,115,610,467,143
2002,79 years,84,104,-20,206,194,12,290,298,-8,178,146,32,380,269,111,558,415,143
2002,80 years,66,120,-54,155,182,-27,221,302,-81,121,155,-34,271,262,9,392,417,-25
2002,81 years,63,76,-13,137,134,3,200,210,-10,122,110,12,230,216,14,352,326,26
2002,82 years,61,69,-8,147,121,26,208,190,18,114,99,15,232,196,36,346,295,51
2002,83 years,52,44,8,90,86,4,142,130,12,95,66,29,156,136,20,251,202,49
2002,84 years,32,38,-6,70,46,24,102,84,18,58,60,-2,141,95,46,199,155,44
2002,85 years,21,27,-6,57,66,-9,78,93,-15,42,45,-3,99,99,0,141,144,-3
2002,86 years,22,20,2,49,35,14,71,55,16,44,34,10,86,73,13,130,107,23
2002,87 years,27,17,10,58,46,12,85,63,22,43,35,8,107,84,23,150,119,31
2002,88 years,24,33,-9,57,37,20,81,70,11,33,46,-13,114,80,34,147,126,21
2002,89 years,14,14,0,29,35,-6,43,49,-6,25,32,-7,67,90,-23,92,122,-30
2002,90 years,11,36,-25,29,48,-19,40,84,-44,21,48,-27,58,88,-30,79,136,-57
2002,91 years,9,14,-5,28,19,9,37,33,4,20,23,-3,70,48,22,90,71,19
2002,92 years,6,8,-2,17,24,-7,23,32,-9,9,18,-9,42,45,-3,51,63,-12
2002,93 years,6,10,-4,17,14,3,23,24,-1,9,11,-2,23,37,-14,32,48,-16
2002,94 years,3,10,-7,16,7,9,19,17,2,3,14,-11,23,21,2,26,35,-9
2002,95 years and over,24,28,-4,35,49,-14,59,77,-18,37,33,4,57,79,-22,94,112,-18
2002,Total,381282,325634,55648,277059,179938,97121,658341,505572,152769,481085,390764,90321,361458,232491,128967,842543,623255,219288
2003,under 1 year,1151,446,705,1075,434,641,2226,880,1346,2320,761,1559,2212,724,1488,4532,1485,3047
2003,1 year,2122,1264,858,2036,1182,854,4158,2446,1712,3737,2054,1683,3534,1994,1540,7271,4048,3223
2003,2 years,1857,1437,420,1706,1295,411,3563,2732,831,3259,2337,922,2950,2105,845,6209,4442,1767
2003,3 years,1940,1466,474,1678,1414,264,3618,2880,738,3223,2419,804,2772,2307,465,5995,4726,1269
2003,4 years,1722,1534,188,1665,1419,246,3387,2953,434,2896,2335,561,2745,2205,540,5641,4540,1101
2003,5 years,1751,1517,234,1742,1509,233,3493,3026,467,2841,2356,485,2786,2269,517,5627,4625,1002
2003,6 years,1770,1760,10,1687,1660,27,3457,3420,37,2820,2651,169,2721,2643,78,5541,5294,247
2003,7 years,1789,1655,134,1534,1503,31,3323,3158,165,2863,2570,293,2600,2358,242,5463,4928,535
2003,8 years,1507,1300,207,1501,1207,294,3008,2507,501,2588,1975,613,2522,1839,683,5110,3814,1296
2003,9 years,1558,1328,230,1496,1276,220,3054,2604,450,2581,1973,608,2492,1837,655,5073,3810,1263
2003,10 years,1551,1285,266,1477,1225,252,3028,2510,518,2599,1933,666,2413,1847,566,5012,3780,1232
2003,11 years,1624,1212,412,1544,1154,390,3168,2366,802,2596,1712,884,2591,1743,848,5187,3455,1732
2003,12 years,1559,1128,431,1513,1053,460,3072,2181,891,2575,1603,972,2439,1521,918,5014,3124,1890
2003,13 years,1598,1093,505,1471,979,492,3069,2072,997,2653,1656,997,2486,1441,1045,5139,3097,2042
2003,14 years,1797,1146,651,1494,1024,470,3291,2170,1121,2796,1591,1205,2518,1530,988,5314,3121,2193
2003,15 years,1932,1109,823,1733,1057,676,3665,2166,1499,3087,1667,1420,2804,1466,1338,5891,3133,2758
2003,16 years,3016,1541,1475,2228,1222,1006,5244,2763,2481,4163,2072,2091,3349,1682,1667,7512,3754,3758
2003,17 years,3719,1978,1741,2826,1477,1349,6545,3455,3090,4876,2659,2217,3993,1858,2135,8869,4517,4352
2003,18 years,4748,3192,1556,4880,2305,2575,9628,5497,4131,6272,3919,2353,6272,2886,3386,12544,6805,5739
2003,19 years,7087,4190,2897,9302,3510,5792,16389,7700,8689,8973,5063,3910,10996,4251,6745,19969,9314,10655
2003,20 years,9153,5556,3597,12543,5779,6764,21696,11335,10361,11200,6657,4543,14248,6778,7470,25448,13435,12013
2003,21 years,11328,7797,3531,14612,8240,6372,25940,16037,9903,13381,9084,4297,16339,9396,6943,29720,18480,11240
2003,22 years,13411,9381,4030,15726,9476,6250,29137,18857,10280,15458,10803,4655,17492,10871,6621,32950,21674,11276
2003,23 years,16055,11018,5037,15710,9821,5889,31765,20839,10926,18103,12593,5510,17519,11305,6214,35622,23898,11724
2003,24 years,15840,11603,4237,14417,9235,5182,30257,20838,9419,17819,13117,4702,16185,10715,5470,34004,23832,10172
2003,25 years,15208,11993,3215,12269,8275,3994,27477,20268,7209,17322,13592,3730,13897,9777,4120,31219,23369,7850
2003,26 years,14402,11604,2798,10245,7099,3146,24647,18703,5944,16344,13275,3069,11797,8607,3190,28141,21882,6259
2003,27 years,13674,11570,2104,9066,6006,3060,22740,17576,5164,15582,13308,2274,10580,7587,2993,26162,20895,5267
2003,28 years,13066,11676,1390,8186,5472,2714,21252,17148,4104,14905,13468,1437,9580,6963,2617,24485,20431,4054
2003,29 years,12114,11252,862,7271,5086,2185,19385,16338,3047,13831,12987,844,8643,6534,2109,22474,19521,2953
2003,30 years,11084,10419,665,6559,4750,1809,17643,15169,2474,12702,12164,538,7797,6106,1691,20499,18270,2229
2003,31 years,10653,10454,199,6038,4573,1465,16691,15027,1664,12329,12213,116,7321,5931,1390,19650,18144,1506
2003,32 years,9715,9746,-31,5515,4222,1293,15230,13968,1262,11423,11597,-174,6755,5510,1245,18178,17107,1071
2003,33 years,9919,10228,-309,5059,3988,1071,14978,14216,762,11537,12064,-527,6304,5281,1023,17841,17345,496
2003,34 years,8952,9462,-510,4667,3611,1056,13619,13073,546,10732,11369,-637,5869,4870,999,16601,16239,362
2003,35 years,8495,9047,-552,4354,3506,848,12849,12553,296,10339,11010,-671,5585,4909,676,15924,15919,5
2003,36 years,7825,8689,-864,3823,3169,654,11648,11858,-210,9758,10792,-1034,5091,4610,481,14849,15402,-553
2003,37 years,7181,7820,-639,3418,2814,604,10599,10634,-35,9101,9831,-730,4614,4061,553,13715,13892,-177
2003,38 years,7115,7871,-756,3219,2715,504,10334,10586,-252,8960,9858,-898,4381,3960,421,13341,13818,-477
2003,39 years,6936,7524,-588,3022,2579,443,9958,10103,-145,8760,9360,-600,4199,3771,428,12959,13131,-172
2003,40 years,6567,7159,-592,2837,2315,522,9404,9474,-70,8328,8912,-584,4065,3398,667,12393,12310,83
2003,41 years,6180,6778,-598,2696,2175,521,8876,8953,-77,7965,8468,-503,3831,3065,766,11796,11533,263
2003,42 years,5758,6355,-597,2486,1985,501,8244,8340,-96,7384,7848,-464,3582,2875,707,10966,10723,243
2003,43 years,5848,6469,-621,2464,2019,445,8312,8488,-176,7468,7894,-426,3621,2851,770,11089,10745,344
2003,44 years,5524,5914,-390,2245,1830,415,7769,7744,25,7081,7205,-124,3250,2520,730,10331,9725,606
2003,45 years,5237,5652,-415,2128,1776,352,7365,7428,-63,6676,6838,-162,3141,2455,686,9817,9293,524
2003,46 years,4883,5311,-428,1931,1610,321,6814,6921,-107,6319,6440,-121,2876,2258,618,9195,8698,497
2003,47 years,4606,5018,-412,1848,1574,274,6454,6592,-138,5806,5990,-184,2761,2116,645,8567,8106,461
2003,48 years,4313,4717,-404,1723,1433,290,6036,6150,-114,5538,5667,-129,2661,1969,692,8199,7636,563
2003,49 years,3845,4309,-464,1715,1434,281,5560,5743,-183,5025,5228,-203,2625,1955,670,7650,7183,467
2003,50 years,3333,3713,-380,1492,1300,192,4825,5013,-188,4457,4517,-60,2330,1729,601,6787,6246,541
2003,51 years,2976,3388,-412,1423,1305,118,4399,4693,-294,4096,4126,-30,2307,1749,558,6403,5875,528
2003,52 years,2550,2844,-294,1248,1149,99,3798,3993,-195,3598,3536,62,2104,1576,528,5702,5112,590
2003,53 years,2318,2676,-358,1274,1223,51,3592,3899,-307,3368,3428,-60,2076,1675,401,5444,5103,341
2003,54 years,2059,2346,-287,1198,1095,103,3257,3441,-184,3017,3082,-65,1931,1454,477,4948,4536,412
2003,55 years,1734,2011,-277,1210,1067,143,2944,3078,-134,2564,2623,-59,1828,1406,422,4392,4029,363
2003,56 years,1545,1712,-167,1040,993,47,2585,2705,-120,2304,2258,46,1613,1279,334,3917,3537,380
2003,57 years,1201,1412,-211,978,903,75,2179,2315,-136,1814,1893,-79,1434,1227,207,3248,3120,128
2003,58 years,941,1195,-254,805,808,-3,1746,2003,-257,1429,1608,-179,1161,1051,110,2590,2659,-69
2003,59 years,802,1071,-269,731,843,-112,1533,1914,-381,1377,1577,-200,1086,1097,-11,2463,2674,-211
2003,60 years,693,1172,-479,666,923,-257,1359,2095,-736,1273,1744,-471,1005,1228,-223,2278,2972,-694
2003,61 years,694,1225,-531,645,889,-244,1339,2114,-775,1217,1725,-508,1060,1194,-134,2277,2919,-642
2003,62 years,638,1019,-381,750,836,-86,1388,1855,-467,1271,1552,-281,1275,1142,133,2546,2694,-148
2003,63 years,608,1202,-594,712,912,-200,1320,2114,-794,1283,1791,-508,1277,1202,75,2560,2993,-433
2003,64 years,589,1033,-444,657,772,-115,1246,1805,-559,1220,1470,-250,1152,1034,118,2372,2504,-132
2003,65 years,635,1218,-583,716,817,-101,1351,2035,-684,1262,1614,-352,1240,1033,207,2502,2647,-145
2003,66 years,613,1062,-449,650,768,-118,1263,1830,-567,1127,1403,-276,1137,963,174,2264,2366,-102
2003,67 years,454,838,-384,553,633,-80,1007,1471,-464,854,1071,-217,966,798,168,1820,1869,-49
2003,68 years,397,712,-315,480,600,-120,877,1312,-435,751,935,-184,830,787,43,1581,1722,-141
2003,69 years,366,653,-287,379,514,-135,745,1167,-422,632,833,-201,631,673,-42,1263,1506,-243
2003,70 years,334,604,-270,363,481,-118,697,1085,-388,564,742,-178,560,588,-28,1124,1330,-206
2003,71 years,258,493,-235,399,487,-88,657,980,-323,456,598,-142,614,577,37,1070,1175,-105
2003,72 years,243,394,-151,302,407,-105,545,801,-256,422,495,-73,500,506,-6,922,1001,-79
2003,73 years,247,387,-140,310,365,-55,557,752,-195,426,497,-71,580,453,127,1006,950,56
2003,74 years,187,295,-108,275,297,-22,462,592,-130,365,388,-23,495,391,104,860,779,81
2003,75 years,141,246,-105,226,278,-52,367,524,-157,285,320,-35,438,382,56,723,702,21
2003,76 years,141,188,-47,258,238,20,399,426,-27,296,264,32,484,337,147,780,601,179
2003,77 years,145,172,-27,226,246,-20,371,418,-47,261,245,16,431,320,111,692,565,127
2003,78 years,99,145,-46,191,213,-22,290,358,-68,207,202,5,388,298,90,595,500,95
2003,79 years,95,132,-37,174,173,1,269,305,-36,167,184,-17,340,266,74,507,450,57
2003,80 years,57,98,-41,154,176,-22,211,274,-63,143,154,-11,317,269,48,460,423,37
2003,81 years,50,70,-20,152,144,8,202,214,-12,94,105,-11,263,222,41,357,327,30
2003,82 years,54,64,-10,96,112,-16,150,176,-26,90,102,-12,199,205,-6,289,307,-18
2003,83 years,58,69,-11,101,102,-1,159,171,-12,91,103,-12,200,184,16,291,287,4
2003,84 years,33,38,-5,88,88,0,121,126,-5,70,61,9,162,149,13,232,210,22
2003,85 years,25,29,-4,54,57,-3,79,86,-7,49,45,4,142,99,43,191,144,47
2003,86 years,16,22,-6,56,40,16,72,62,10,25,33,-8,91,82,9,116,115,1
2003,87 years,15,16,-1,39,30,9,54,46,8,31,40,-9,82,78,4,113,118,-5
2003,88 years,15,16,-1,43,38,5,58,54,4,33,34,-1,88,87,1,121,121,0
2003,89 years,13,23,-10,36,31,5,49,54,-5,27,37,-10,83,99,-16,110,136,-26
2003,90 years,12,24,-12,36,45,-9,48,69,-21,19,42,-23,80,103,-23,99,145,-46
2003,91 years,5,19,-14,15,25,-10,20,44,-24,7,31,-24,46,66,-20,53,97,-44
2003,92 years,9,10,-1,18,22,-4,27,32,-5,16,22,-6,39,48,-9,55,70,-15
2003,93 years,5,8,-3,13,16,-3,18,24,-6,7,16,-9,29,43,-14,36,59,-23
2003,94 years,1,4,-3,7,13,-6,8,17,-9,5,9,-4,22,33,-11,27,42,-15
2003,95 years and over,14,28,-14,37,48,-11,51,76,-25,24,48,-24,67,97,-30,91,145,-54
2003,Total,348103,320069,28034,253656,178994,74662,601759,499063,102696,439988,392541,47447,328987,233789,95198,768975,626330,142645
2004,under 1 year,1102,468,634,1047,413,634,2149,881,1268,2202,822,1380,2057,708,1349,4259,1530,2729
2004,1 year,2103,1290,813,2030,1264,766,4133,2554,1579,3699,2218,1481,3566,2188,1378,7265,4406,2859
2004,2 years,1800,1367,433,1613,1359,254,3413,2726,687,3142,2382,760,2897,2386,511,6039,4768,1271
2004,3 years,1679,1533,146,1525,1435,90,3204,2968,236,2897,2657,240,2701,2446,255,5598,5103,495
2004,4 years,1627,1461,166,1501,1389,112,3128,2850,278,2730,2458,272,2601,2365,236,5331,4823,508
2004,5 years,1605,1595,10,1559,1510,49,3164,3105,59,2647,2557,90,2514,2396,118,5161,4953,208
2004,6 years,1583,1722,-139,1514,1655,-141,3097,3377,-280,2618,2784,-166,2512,2766,-254,5130,5550,-420
2004,7 years,1515,1678,-163,1441,1504,-63,2956,3182,-226,2464,2651,-187,2394,2444,-50,4858,5095,-237
2004,8 years,1372,1371,1,1395,1303,92,2767,2674,93,2297,2124,173,2274,2040,234,4571,4164,407
2004,9 years,1508,1272,236,1370,1207,163,2878,2479,399,2409,1928,481,2271,1849,422,4680,3777,903
2004,10 years,1475,1291,184,1368,1248,120,2843,2539,304,2442,2001,441,2269,1890,379,4711,3891,820
2004,11 years,1497,1232,265,1354,1234,120,2851,2466,385,2419,1821,598,2237,1870,367,4656,3691,965
2004,12 years,1467,1197,270,1329,1169,160,2796,2366,430,2386,1742,644,2187,1760,427,4573,3502,1071
2004,13 years,1466,1148,318,1335,1107,228,2801,2255,546,2363,1691,672,2227,1684,543,4590,3375,1215
2004,14 years,1490,1134,356,1357,1053,304,2847,2187,660,2451,1651,800,2199,1567,632,4650,3218,1432
2004,15 years,1611,1193,418,1598,1072,526,3209,2265,944,2571,1663,908,2544,1558,986,5115,3221,1894
2004,16 years,2497,1500,997,2215,1362,853,4712,2862,1850,3599,2060,1539,3142,1910,1232,6741,3970,2771
2004,17 years,2999,2035,964,2527,1473,1054,5526,3508,2018,4138,2769,1369,3546,1920,1626,7684,4689,2995
2004,18 years,3981,2853,1128,4310,2314,1996,8291,5167,3124,5422,3572,1850,5630,2863,2767,11052,6435,4617
2004,19 years,6410,4084,2326,8864,3599,5265,15274,7683,7591,8358,4989,3369,10426,4372,6054,18784,9361,9423
2004,20 years,8509,5428,3081,11983,5677,6306,20492,11105,9387,10661,6707,3954,13719,6752,6967,24380,13459,10921
2004,21 years,10678,7743,2935,14041,8438,5603,24719,16181,8538,13060,9300,3760,15822,9788,6034,28882,19088,9794
2004,22 years,12904,9671,3233,15438,9927,5511,28342,19598,8744,15317,11435,3882,17210,11539,5671,32527,22974,9553
2004,23 years,14554,10971,3583,15407,10261,5146,29961,21232,8729,17020,12929,4091,17331,11956,5375,34351,24885,9466
2004,24 years,15587,12415,3172,14056,9975,4081,29643,22390,7253,18116,14501,3615,15957,11801,4156,34073,26302,7771
2004,25 years,14708,12389,2319,12202,9138,3064,26910,21527,5383,17053,14315,2738,13998,10949,3049,31051,25264,5787
2004,26 years,14322,12633,1689,10029,7927,2102,24351,20560,3791,16710,14837,1873,11732,9780,1952,28442,24617,3825
2004,27 years,13512,12627,885,9049,6765,2284,22561,19392,3169,15792,14782,1010,10627,8730,1897,26419,23512,2907
2004,28 years,13009,12154,855,8391,6458,1933,21400,18612,2788,15267,14387,880,9974,8335,1639,25241,22722,2519
2004,29 years,12471,12339,132,7653,5965,1688,20124,18304,1820,14693,14538,155,9129,7713,1416,23822,22251,1571
2004,30 years,11814,11894,-80,6938,5474,1464,18752,17368,1384,13808,14094,-286,8271,7106,1165,22079,21200,879
2004,31 years,10685,11122,-437,5952,5060,892,16637,16182,455,12702,13166,-464,7184,6456,728,19886,19622,264
2004,32 years,10376,10931,-555,5735,4827,908,16111,15758,353,12488,13225,-737,6963,6262,701,19451,19487,-36
2004,33 years,9550,10168,-618,5045,4417,628,14595,14585,10,11647,12481,-834,6331,5870,461,17978,18351,-373
2004,34 years,9725,10534,-809,4842,4266,576,14567,14800,-233,11815,12760,-945,6138,5710,428,17953,18470,-517
2004,35 years,9005,9867,-862,4204,3910,294,13209,13777,-568,11229,12282,-1053,5469,5410,59,16698,17692,-994
2004,36 years,8628,9355,-727,4061,3718,343,12689,13073,-384,10932,11849,-917,5269,5193,76,16201,17042,-841
2004,37 years,7822,8738,-916,3641,3385,256,11463,12123,-660,10147,11275,-1128,4850,4952,-102,14997,16227,-1230
2004,38 years,7397,8250,-853,3330,3027,303,10727,11277,-550,9738,10715,-977,4505,4414,91,14243,15129,-886
2004,39 years,7232,8120,-888,3091,2927,164,10323,11047,-724,9502,10456,-954,4312,4232,80,13814,14688,-874
2004,40 years,7012,7790,-778,2979,2755,224,9991,10545,-554,9215,10037,-822,4106,3968,138,13321,14005,-684
2004,41 years,6707,7504,-797,2865,2599,266,9572,10103,-531,8833,9639,-806,4046,3782,264,12879,13421,-542
2004,42 years,6363,7140,-777,2668,2474,194,9031,9614,-583,8469,9126,-657,3814,3546,268,12283,12672,-389
2004,43 years,6142,6560,-418,2366,2203,163,8508,8763,-255,8119,8335,-216,3460,3128,332,11579,11463,116
2004,44 years,6313,6717,-404,2491,2307,184,8804,9024,-220,8254,8410,-156,3567,3233,334,11821,11643,178
2004,45 years,5799,6302,-503,2180,2081,99,7979,8383,-404,7620,7837,-217,3181,2886,295,10801,10723,78
2004,46 years,5640,6103,-463,2087,1953,134,7727,8056,-329,7235,7461,-226,3052,2615,437,10287,10076,211
2004,47 years,5255,5804,-549,1931,1814,117,7186,7618,-432,6881,7169,-288,2824,2460,364,9705,9629,76
2004,48 years,4976,5380,-404,1857,1758,99,6833,7138,-305,6427,6569,-142,2720,2329,391,9147,8898,249
2004,49 years,4575,4948,-373,1798,1609,189,6373,6557,-184,5965,6045,-80,2697,2199,498,8662,8244,418
2004,50 years,3891,4513,-622,1685,1542,143,5576,6055,-479,5204,5540,-336,2568,2055,513,7772,7595,177
2004,51 years,3549,4053,-504,1468,1443,25,5017,5496,-479,4846,5066,-220,2290,1911,379,7136,6977,159
2004,52 years,3157,3685,-528,1351,1352,-1,4508,5037,-529,4346,4633,-287,2142,1803,339,6488,6436,52
2004,53 years,2592,3177,-585,1228,1280,-52,3820,4457,-637,3752,4030,-278,2036,1750,286,5788,5780,8
2004,54 years,2326,2890,-564,1194,1336,-142,3520,4226,-706,3446,3771,-325,1965,1772,193,5411,5543,-132
2004,55 years,1954,2558,-604,1120,1263,-143,3074,3821,-747,2991,3335,-344,1797,1607,190,4788,4942,-154
2004,56 years,1647,2163,-516,1028,1178,-150,2675,3341,-666,2524,2859,-335,1638,1505,133,4162,4364,-202
2004,57 years,1398,2007,-609,989,1149,-160,2387,3156,-769,2232,2667,-435,1526,1495,31,3758,4162,-404
2004,58 years,1077,1620,-543,847,1030,-183,1924,2650,-726,1758,2144,-386,1245,1302,-57,3003,3446,-443
2004,59 years,833,1225,-392,680,887,-207,1513,2112,-599,1365,1644,-279,1001,1162,-161,2366,2806,-440
2004,60 years,731,1453,-722,630,1038,-408,1361,2491,-1130,1436,2102,-666,996,1361,-365,2432,3463,-1031
2004,61 years,613,1335,-722,583,1038,-455,1196,2373,-1177,1217,1932,-715,917,1350,-433,2134,3282,-1148
2004,62 years,586,1298,-712,551,943,-392,1137,2241,-1104,1192,1851,-659,964,1248,-284,2156,3099,-943
2004,63 years,585,1232,-647,627,945,-318,1212,2177,-965,1320,1864,-544,1113,1244,-131,2433,3108,-675
2004,64 years,588,1363,-775,657,983,-326,1245,2346,-1101,1281,1915,-634,1145,1279,-134,2426,3194,-768
2004,65 years,586,1482,-896,586,983,-397,1172,2465,-1293,1253,2027,-774,1046,1231,-185,2299,3258,-959
2004,66 years,574,1270,-696,554,885,-331,1128,2155,-1027,1051,1689,-638,1007,1087,-80,2058,2776,-718
2004,67 years,503,1116,-613,574,871,-297,1077,1987,-910,953,1439,-486,971,1070,-99,1924,2509,-585
2004,68 years,403,942,-539,491,771,-280,894,1713,-819,748,1195,-447,834,926,-92,1582,2121,-539
2004,69 years,330,806,-476,377,641,-264,707,1447,-740,679,1036,-357,671,776,-105,1350,1812,-462
2004,70 years,283,768,-485,351,650,-299,634,1418,-784,523,966,-443,561,777,-216,1084,1743,-659
2004,71 years,292,702,-410,301,522,-221,593,1224,-631,510,851,-341,468,608,-140,978,1459,-481
2004,72 years,235,583,-348,310,494,-184,545,1077,-532,385,678,-293,472,576,-104,857,1254,-397
2004,73 years,206,473,-267,261,457,-196,467,930,-463,381,588,-207,454,541,-87,835,1129,-294
2004,74 years,179,390,-211,269,415,-146,448,805,-357,353,502,-149,472,506,-34,825,1008,-183
2004,75 years,133,333,-200,227,404,-177,360,737,-377,284,422,-138,436,484,-48,720,906,-186
2004,76 years,135,301,-166,191,313,-122,326,614,-288,278,397,-119,396,394,2,674,791,-117
2004,77 years,112,237,-125,179,279,-100,291,516,-225,235,314,-79,373,373,0,608,687,-79
2004,78 years,98,215,-117,165,265,-100,263,480,-217,201,280,-79,343,346,-3,544,626,-82
2004,79 years,75,153,-78,146,226,-80,221,379,-158,153,224,-71,288,314,-26,441,538,-97
2004,80 years,54,163,-109,152,256,-104,206,419,-213,118,214,-96,299,353,-54,417,567,-150
2004,81 years,54,100,-46,131,171,-40,185,271,-86,117,154,-37,278,273,5,395,427,-32
2004,82 years,50,100,-50,122,157,-35,172,257,-85,86,136,-50,211,246,-35,297,382,-85
2004,83 years,37,93,-56,96,117,-21,133,210,-77,86,142,-56,198,202,-4,284,344,-60
2004,84 years,36,84,-48,80,119,-39,116,203,-87,71,121,-50,180,198,-18,251,319,-68
2004,85 years,24,46,-22,68,112,-44,92,158,-66,43,69,-26,135,179,-44,178,248,-70
2004,86 years,15,29,-14,41,62,-21,56,91,-35,25,43,-18,94,115,-21,119,158,-39
2004,87 years,13,23,-10,35,47,-12,48,70,-22,19,35,-16,73,76,-3,92,111,-19
2004,88 years,16,33,-17,20,49,-29,36,82,-46,35,52,-17,49,86,-37,84,138,-54
2004,89 years,12,24,-12,38,67,-29,50,91,-41,28,40,-12,81,109,-28,109,149,-40
2004,90 years,9,47,-38,28,69,-41,37,116,-79,23,63,-40,90,135,-45,113,198,-85
2004,91 years,5,20,-15,22,37,-15,27,57,-30,20,33,-13,63,72,-9,83,105,-22
2004,92 years,7,9,-2,16,34,-18,23,43,-20,13,14,-1,63,72,-9,76,86,-10
2004,93 years,3,11,-8,11,24,-13,14,35,-21,8,14,-6,36,46,-10,44,60,-16
2004,94 years,4,14,-10,12,20,-8,16,34,-18,11,23,-12,41,47,-6,52,70,-18
2004,95 years and over,22,37,-15,39,79,-40,61,116,-55,32,46,-14,96,132,-36,128,178,-50
2004,Total,352089,348197,3892,250093,198768,51325,602182,546965,55217,455601,436362,19239,324574,261270,63304,780175,697632,82543
2005,under 1 year,1084,385,699,965,359,606,2049,744,1305,2170,778,1392,1963,743,1220,4133,1521,2612
2005,1 year,2019,1113,906,1838,1000,838,3857,2113,1744,3376,2097,1279,3101,1947,1154,6477,4044,2433
2005,2 years,1650,1271,379,1538,1224,314,3188,2495,693,2665,2350,315,2510,2225,285,5175,4575,600
2005,3 years,1635,1250,385,1488,1161,327,3123,2411,712,2580,2385,195,2441,2253,188,5021,4638,383
2005,4 years,1455,1188,267,1418,1121,297,2873,2309,564,2377,2254,123,2196,2229,-33,4573,4483,90
2005,5 years,1458,1268,190,1473,1186,287,2931,2454,477,2293,2331,-38,2263,2291,-28,4556,4622,-66
2005,6 years,1448,1552,-104,1324,1548,-224,2772,3100,-328,2269,2716,-447,2120,2681,-561,4389,5397,-1008
2005,7 years,1399,1405,-6,1269,1303,-34,2668,2708,-40,2142,2431,-289,1986,2269,-283,4128,4700,-572
2005,8 years,1273,1175,98,1253,1164,89,2526,2339,187,1988,2001,-13,1977,1914,63,3965,3915,50
2005,9 years,1250,1160,90,1222,1101,121,2472,2261,211,1922,1855,67,1900,1834,66,3822,3689,133
2005,10 years,1241,1007,234,1180,1031,149,2421,2038,383,1957,1720,237,1880,1700,180,3837,3420,417
2005,11 years,1341,1046,295,1263,1000,263,2604,2046,558,2006,1735,271,1917,1569,348,3923,3304,619
2005,12 years,1306,1008,298,1251,961,290,2557,1969,588,1957,1624,333,1826,1548,278,3783,3172,611
2005,13 years,1282,994,288,1173,923,250,2455,1917,538,1972,1587,385,1776,1477,299,3748,3064,684
2005,14 years,1244,951,293,1171,858,313,2415,1809,606,1825,1497,328,1811,1382,429,3636,2879,757
2005,15 years,1449,1006,443,1306,862,444,2755,1868,887,2053,1562,491,1955,1361,594,4008,2923,1085
2005,16 years,2016,1159,857,1881,1136,745,3897,2295,1602,2701,1678,1023,2590,1644,946,5291,3322,1969
2005,17 years,2233,1500,733,2295,1389,906,4528,2889,1639,3040,2316,724,3004,1871,1133,6044,4187,1857
2005,18 years,3029,2338,691,3993,2114,1879,7022,4452,2570,3992,3027,965,4970,2706,2264,8962,5733,3229
2005,19 years,5568,3501,2067,7974,3149,4825,13542,6650,6892,6798,4348,2450,9162,3955,5207,15960,8303,7657
2005,20 years,7826,4833,2993,10914,5112,5802,18740,9945,8795,9225,5931,3294,12160,6152,6008,21385,12083,9302
2005,21 years,9904,6746,3158,13469,7601,5868,23373,14347,9026,11469,7972,3497,14716,8931,5785,26185,16903,9282
2005,22 years,12048,8136,3912,14716,8820,5896,26764,16956,9808,13575,9628,3947,16069,10262,5807,29644,19890,9754
2005,23 years,13718,9556,4162,14561,8872,5689,28279,18428,9851,15318,11195,4123,15961,10523,5438,31279,21718,9561
2005,24 years,13758,10165,3593,12919,8250,4669,26677,18415,8262,15382,11927,3455,14318,10003,4315,29700,21930,7770
2005,25 years,14105,11199,2906,11658,7757,3901,25763,18956,6807,15829,13093,2736,13066,9675,3391,28895,22768,6127
2005,26 years,13247,10927,2320,9876,6828,3048,23123,17755,5368,14837,12855,1982,11154,8774,2380,25991,21629,4362
2005,27 years,12836,11035,1801,8899,6109,2790,21735,17144,4591,14365,13009,1356,10149,8134,2015,24514,21143,3371
2005,28 years,12469,10926,1543,8002,5519,2483,20471,16445,4026,13913,13029,884,9145,7536,1609,23058,20565,2493
2005,29 years,12062,10941,1121,7339,5147,2192,19401,16088,3313,13498,13044,454,8512,7069,1443,22010,20113,1897
2005,30 years,11660,10719,941,6768,4879,1889,18428,15598,2830,13094,12693,401,7836,6570,1266,20930,19263,1667
2005,31 years,11089,10221,868,6088,4552,1536,17177,14773,2404,12482,12210,272,7130,6125,1005,19612,18335,1277
2005,32 years,10230,9695,535,5538,4313,1225,15768,14008,1760,11534,11474,60,6456,5736,720,17990,17210,780
2005,33 years,9435,9155,280,5195,4010,1185,14630,13165,1465,10772,11092,-320,6148,5444,704,16920,16536,384
2005,34 years,9225,8957,268,4556,3718,838,13781,12675,1106,10587,10911,-324,5516,5164,352,16103,16075,28
2005,35 years,8983,9109,-126,4302,3537,765,13285,12646,639,10389,11181,-792,5297,4964,333,15686,16145,-459
2005,36 years,8381,8426,-45,3888,3321,567,12269,11747,522,9793,10537,-744,4844,4851,-7,14637,15388,-751
2005,37 years,8058,8322,-264,3772,3124,648,11830,11446,384,9564,10596,-1032,4724,4620,104,14288,15216,-928
2005,38 years,7534,7563,-29,3243,2792,451,10777,10355,422,9097,9724,-627,4201,4207,-6,13298,13931,-633
2005,39 years,7104,7235,-131,3102,2615,487,10206,9850,356,8636,9322,-686,4076,3930,146,12712,13252,-540
2005,40 years,6982,6919,63,2900,2441,459,9882,9360,522,8427,8946,-519,3805,3716,89,12232,12662,-430
2005,41 years,6664,6860,-196,2667,2246,421,9331,9106,225,8122,8810,-688,3547,3447,100,11669,12257,-588
2005,42 years,6323,6490,-167,2586,2193,393,8909,8683,226,7772,8246,-474,3398,3199,199,11170,11445,-275
2005,43 years,6094,6136,-42,2519,2063,456,8613,8199,414,7450,7761,-311,3303,3037,266,10753,10798,-45
2005,44 years,5822,5669,153,2353,1924,429,8175,7593,582,7116,7177,-61,3141,2835,306,10257,10012,245
2005,45 years,6064,5971,93,2410,1972,438,8474,7943,531,7289,7442,-153,3216,2824,392,10505,10266,239
2005,46 years,5791,5629,162,2088,1685,403,7879,7314,565,6981,7031,-50,2812,2432,380,9793,9463,330
2005,47 years,5523,5349,174,2109,1798,311,7632,7147,485,6534,6504,30,2757,2454,303,9291,8958,333
2005,48 years,5177,5041,136,1945,1604,341,7122,6645,477,6212,6205,7,2603,2180,423,8815,8385,430
2005,49 years,4775,4677,98,1837,1519,318,6612,6196,416,5714,5681,33,2495,2055,440,8209,7736,473
2005,50 years,4259,4356,-97,1749,1475,274,6008,5831,177,5226,5300,-74,2373,1966,407,7599,7266,333
2005,51 years,3727,3661,66,1554,1409,145,5281,5070,211,4596,4552,44,2164,1886,278,6760,6438,322
2005,52 years,3346,3364,-18,1412,1281,131,4758,4645,113,4188,4193,-5,1993,1767,226,6181,5960,221
2005,53 years,2917,2913,4,1308,1198,110,4225,4111,114,3687,3676,11,1880,1636,244,5567,5312,255
2005,54 years,2379,2381,-2,1169,1042,127,3548,3423,125,3090,3096,-6,1699,1439,260,4789,4535,254
2005,55 years,2147,2256,-109,1196,1189,7,3343,3445,-102,2894,2955,-61,1689,1527,162,4583,4482,101
2005,56 years,1802,1926,-124,1045,1071,-26,2847,2997,-150,2509,2589,-80,1541,1424,117,4050,4013,37
2005,57 years,1420,1676,-256,923,1046,-123,2343,2722,-379,2043,2234,-191,1382,1380,2,3425,3614,-189
2005,58 years,1197,1383,-186,893,934,-41,2090,2317,-227,1791,1907,-116,1270,1201,69,3061,3108,-47
2005,59 years,954,1119,-165,738,863,-125,1692,1982,-290,1432,1565,-133,1044,1096,-52,2476,2661,-185
2005,60 years,737,1239,-502,639,919,-280,1376,2158,-782,1164,1666,-502,898,1170,-272,2062,2836,-774
2005,61 years,691,1178,-487,647,958,-311,1338,2136,-798,1176,1719,-543,898,1267,-369,2074,2986,-912
2005,62 years,612,1056,-444,480,814,-334,1092,1870,-778,1065,1570,-505,756,1087,-331,1821,2657,-836
2005,63 years,542,1122,-580,542,862,-320,1084,1984,-900,1013,1610,-597,856,1101,-245,1869,2711,-842
2005,64 years,533,1064,-531,555,799,-244,1088,1863,-775,1054,1551,-497,912,1092,-180,1966,2643,-677
2005,65 years,576,1507,-931,523,908,-385,1099,2415,-1316,1147,2038,-891,903,1173,-270,2050,3211,-1161
2005,66 years,511,1170,-659,478,762,-284,989,1932,-943,951,1614,-663,833,996,-163,1784,2610,-826
2005,67 years,456,941,-485,458,736,-278,914,1677,-763,843,1258,-415,769,940,-171,1612,2198,-586
2005,68 years,412,892,-480,480,645,-165,892,1537,-645,758,1168,-410,747,827,-80,1505,1995,-490
2005,69 years,339,738,-399,355,567,-212,694,1305,-611,622,989,-367,584,704,-120,1206,1693,-487
2005,70 years,276,640,-364,342,544,-202,618,1184,-566,510,851,-341,522,689,-167,1032,1540,-508
2005,71 years,253,580,-327,292,466,-174,545,1046,-501,402,714,-312,445,549,-104,847,1263,-416
2005,72 years,224,524,-300,274,379,-105,498,903,-405,352,637,-285,406,468,-62,758,1105,-347
2005,73 years,168,406,-238,243,395,-152,411,801,-390,272,501,-229,372,465,-93,644,966,-322
2005,74 years,166,317,-151,201,280,-79,367,597,-230,265,418,-153,306,364,-58,571,782,-211
2005,75 years,139,315,-176,223,351,-128,362,666,-304,266,415,-149,352,433,-81,618,848,-230
2005,76 years,116,240,-124,172,239,-67,288,479,-191,208,325,-117,297,314,-17,505,639,-134
2005,77 years,97,207,-110,136,226,-90,233,433,-200,191,293,-102,240,311,-71,431,604,-173
2005,78 years,86,150,-64,136,195,-59,222,345,-123,159,208,-49,218,271,-53,377,479,-102
2005,79 years,69,129,-60,124,180,-56,193,309,-116,124,181,-57,211,279,-68,335,460,-125
2005,80 years,55,133,-78,124,177,-53,179,310,-131,101,188,-87,187,251,-64,288,439,-151
2005,81 years,52,98,-46,108,108,0,160,206,-46,85,133,-48,173,182,-9,258,315,-57
2005,82 years,44,70,-26,101,119,-18,145,189,-44,76,120,-44,158,207,-49,234,327,-93
2005,83 years,32,59,-27,95,92,3,127,151,-24,49,91,-42,132,160,-28,181,251,-70
2005,84 years,38,51,-13,66,91,-25,104,142,-38,63,80,-17,114,173,-59,177,253,-76
2005,85 years,22,44,-22,62,91,-29,84,135,-51,44,67,-23,98,175,-77,142,242,-100
2005,86 years,14,24,-10,52,57,-5,66,81,-15,31,49,-18,89,118,-29,120,167,-47
2005,87 years,9,18,-9,31,29,2,40,47,-7,16,32,-16,51,61,-10,67,93,-26
2005,88 years,3,14,-11,30,28,2,33,42,-9,6,25,-19,47,58,-11,53,83,-30
2005,89 years,12,15,-3,23,28,-5,35,43,-8,20,25,-5,36,60,-24,56,85,-29
2005,90 years,8,19,-11,18,36,-18,26,55,-29,10,35,-25,31,83,-52,41,118,-77
2005,91 years,7,17,-10,14,32,-18,21,49,-28,15,27,-12,36,70,-34,51,97,-46
2005,92 years,9,13,-4,12,16,-4,21,29,-8,17,22,-5,20,46,-26,37,68,-31
2005,93 years,2,10,-8,11,22,-11,13,32,-19,4,17,-13,21,52,-31,25,69,-44
2005,94 years,1,3,-2,11,12,-1,12,15,-3,5,10,-5,18,27,-9,23,37,-14
2005,95 years and over,19,24,-5,17,56,-39,36,80,-44,23,34,-11,56,140,-84,79,174,-95
2005,Total,339745,308946,30799,239556,174638,64918,579301,483584,95717,411622,390266,21356,295730,238133,57597,707352,628399,78953
2006,under 1 year,1002,333,669,955,309,646,1957,642,1315,2035,712,1323,1974,680,1294,4009,1392,2617
2006,1 year,1873,961,912,1683,838,845,3556,1799,1757,3093,2026,1067,2853,1864,989,5946,3890,2056
2006,2 years,1703,1126,577,1543,1084,459,3246,2210,1036,2570,2333,237,2356,2220,136,4926,4553,373
2006,3 years,1431,1201,230,1488,1120,368,2919,2321,598,2169,2427,-258,2189,2271,-82,4358,4698,-340
2006,4 years,1361,1104,257,1285,1069,216,2646,2173,473,2036,2320,-284,1977,2213,-236,4013,4533,-520
2006,5 years,1370,1098,272,1287,1124,163,2657,2222,435,2035,2258,-223,1877,2310,-433,3912,4568,-656
2006,6 years,1369,1364,5,1259,1268,-9,2628,2632,-4,2039,2903,-864,1879,2665,-786,3918,5568,-1650
2006,7 years,1189,1287,-98,1194,1202,-8,2383,2489,-106,1743,2392,-649,1756,2252,-496,3499,4644,-1145
2006,8 years,1192,1100,92,1134,1045,89,2326,2145,181,1715,1993,-278,1647,1926,-279,3362,3919,-557
2006,9 years,1136,1013,123,1111,1041,70,2247,2054,193,1677,1845,-168,1604,1870,-266,3281,3715,-434
2006,10 years,1183,949,234,1143,993,150,2326,1942,384,1673,1765,-92,1651,1809,-158,3324,3574,-250
2006,11 years,1094,890,204,1117,906,211,2211,1796,415,1513,1605,-92,1533,1578,-45,3046,3183,-137
2006,12 years,1103,937,166,1069,870,199,2172,1807,365,1572,1601,-29,1436,1446,-10,3008,3047,-39
2006,13 years,1090,906,184,994,851,143,2084,1757,327,1468,1528,-60,1362,1413,-51,2830,2941,-111
2006,14 years,1105,890,215,1052,868,184,2157,1758,399,1469,1479,-10,1421,1397,24,2890,2876,14
2006,15 years,1275,872,403,1204,907,297,2479,1779,700,1674,1425,249,1609,1392,217,3283,2817,466
2006,16 years,1671,1044,627,1784,1085,699,3455,2129,1326,2150,1667,483,2199,1604,595,4349,3271,1078
2006,17 years,1979,1383,596,2110,1301,809,4089,2684,1405,2419,2210,209,2574,1798,776,4993,4008,985
2006,18 years,2909,2183,726,3671,2062,1609,6580,4245,2335,3728,2957,771,4362,2654,1708,8090,5611,2479
2006,19 years,5669,3347,2322,7361,3235,4126,13030,6582,6448,6617,4232,2385,8233,4055,4178,14850,8287,6563
2006,20 years,7875,4760,3115,10503,5027,5476,18378,9787,8591,9039,5902,3137,11494,6131,5363,20533,12033,8500
2006,21 years,10334,6857,3477,12465,7146,5319,22799,14003,8796,11555,8153,3402,13439,8465,4974,24994,16618,8376
2006,22 years,12069,8321,3748,13801,8726,5075,25870,17047,8823,13288,9810,3478,14839,10272,4567,28127,20082,8045
2006,23 years,13318,9094,4224,13411,8885,4526,26729,17979,8750,14738,10862,3876,14554,10602,3952,29292,21464,7828
2006,24 years,13857,10033,3824,12264,8505,3759,26121,18538,7583,15236,11927,3309,13501,10416,3085,28737,22343,6394
2006,25 years,13119,10428,2691,10192,7474,2718,23311,17902,5409,14575,12438,2137,11386,9559,1827,25961,21997,3964
2006,26 years,13143,10892,2251,9019,6771,2248,22162,17663,4499,14542,13128,1414,10183,9041,1142,24725,22169,2556
2006,27 years,12439,10671,1768,8174,6198,1976,20613,16869,3744,13716,12851,865,9221,8409,812,22937,21260,1677
2006,28 years,11862,10587,1275,7407,5635,1772,19269,16222,3047,13232,12847,385,8356,7764,592,21588,20611,977
2006,29 years,11574,10549,1025,6802,5268,1534,18376,15817,2559,12870,12814,56,7791,7365,426,20661,20179,482
2006,30 years,11398,10701,697,6303,5000,1303,17701,15701,2000,12688,13074,-386,7275,6967,308,19963,20041,-78
2006,31 years,10719,10273,446,5664,4716,948,16383,14989,1394,11941,12408,-467,6519,6503,16,18460,18911,-451
2006,32 years,10296,9949,347,5119,4338,781,15415,14287,1128,11410,11942,-532,5940,5944,-4,17350,17886,-536
2006,33 years,9361,9224,137,4895,4185,710,14256,13409,847,10399,11061,-662,5608,5601,7,16007,16662,-655
2006,34 years,9152,8863,289,4375,3900,475,13527,12763,764,10253,10848,-595,5078,5295,-217,15331,16143,-812
2006,35 years,8539,8646,-107,4033,3628,405,12572,12274,298,9747,10702,-955,4760,5087,-327,14507,15789,-1282
2006,36 years,8491,8607,-116,3812,3410,402,12303,12017,286,9765,10803,-1038,4590,4901,-311,14355,15704,-1349
2006,37 years,7699,7939,-240,3513,3207,306,11212,11146,66,9024,10227,-1203,4302,4701,-399,13326,14928,-1602
2006,38 years,7659,7646,13,3294,3078,216,10953,10724,229,9055,10007,-952,4101,4595,-494,13156,14602,-1446
2006,39 years,7047,7204,-157,2989,2818,171,10036,10022,14,8481,9498,-1017,3777,4329,-552,12258,13827,-1569
2006,40 years,6726,6871,-145,2749,2571,178,9475,9442,33,8088,9109,-1021,3475,3930,-455,11563,13039,-1476
2006,41 years,6464,6676,-212,2760,2513,247,9224,9189,35,7747,8672,-925,3458,3768,-310,11205,12440,-1235
2006,42 years,6278,6456,-178,2502,2302,200,8780,8758,22,7497,8413,-916,3188,3492,-304,10685,11905,-1220
2006,43 years,6118,6067,51,2382,2169,213,8500,8236,264,7357,7890,-533,3040,3190,-150,10397,11080,-683
2006,44 years,5867,5843,24,2239,2136,103,8106,7979,127,7050,7597,-547,2861,3107,-246,9911,10704,-793
2006,45 years,5564,5479,85,2124,1946,178,7688,7425,263,6663,7042,-379,2719,2897,-178,9382,9939,-557
2006,46 years,5589,5687,-98,2197,1982,215,7786,7669,117,6606,7132,-526,2744,2764,-20,9350,9896,-546
2006,47 years,5504,5336,168,2011,1696,315,7515,7032,483,6426,6683,-257,2567,2402,165,8993,9085,-92
2006,48 years,5031,5053,-22,1926,1723,203,6957,6776,181,5922,6256,-334,2404,2385,19,8326,8641,-315
2006,49 years,4741,4807,-66,1804,1636,168,6545,6443,102,5545,5903,-358,2224,2226,-2,7769,8129,-360
2006,50 years,4428,4443,-15,1765,1592,173,6193,6035,158,5178,5475,-297,2184,2161,23,7362,7636,-274
2006,51 years,4119,4116,3,1550,1418,132,5669,5534,135,4856,5011,-155,1954,1923,31,6810,6934,-124
2006,52 years,3523,3663,-140,1478,1379,99,5001,5042,-41,4213,4515,-302,1883,1865,18,6096,6380,-284
2006,53 years,3028,3131,-103,1336,1338,-2,4364,4469,-105,3665,3940,-275,1718,1760,-42,5383,5700,-317
2006,54 years,2673,2767,-94,1149,1266,-117,3822,4033,-211,3275,3527,-252,1485,1660,-175,4760,5187,-427
2006,55 years,2292,2373,-81,1022,1126,-104,3314,3499,-185,2896,3051,-155,1356,1481,-125,4252,4532,-280
2006,56 years,1917,2079,-162,1037,1162,-125,2954,3241,-287,2476,2752,-276,1378,1539,-161,3854,4291,-437
2006,57 years,1576,1841,-265,984,1180,-196,2560,3021,-461,2078,2429,-351,1328,1517,-189,3406,3946,-540
2006,58 years,1316,1498,-182,865,1076,-211,2181,2574,-393,1777,2017,-240,1148,1393,-245,2925,3410,-485
2006,59 years,1115,1397,-282,794,1004,-210,1909,2401,-492,1564,1891,-327,1053,1270,-217,2617,3161,-544
2006,60 years,853,1406,-553,695,1091,-396,1548,2497,-949,1245,1872,-627,945,1357,-412,2190,3229,-1039
2006,61 years,656,1271,-615,516,981,-465,1172,2252,-1080,981,1700,-719,705,1239,-534,1686,2939,-1253
2006,62 years,611,1078,-467,505,828,-323,1116,1906,-790,1033,1592,-559,722,1102,-380,1755,2694,-939
2006,63 years,536,1145,-609,511,842,-331,1047,1987,-940,956,1659,-703,719,1108,-389,1675,2767,-1092
2006,64 years,477,1030,-553,467,780,-313,944,1810,-866,811,1499,-688,677,1017,-340,1488,2516,-1028
2006,65 years,510,1396,-886,483,818,-335,993,2214,-1221,984,1943,-959,751,1105,-354,1735,3048,-1313
2006,66 years,479,1242,-763,478,816,-338,957,2058,-1101,867,1733,-866,720,1055,-335,1587,2788,-1201
2006,67 years,421,1017,-596,429,724,-295,850,1741,-891,727,1398,-671,649,938,-289,1376,2336,-960
2006,68 years,390,823,-433,374,676,-302,764,1499,-735,625,1126,-501,569,869,-300,1194,1995,-801
2006,69 years,370,824,-454,356,595,-239,726,1419,-693,580,1061,-481,524,766,-242,1104,1827,-723
2006,70 years,289,738,-449,293,552,-259,582,1290,-708,464,949,-485,429,690,-261,893,1639,-746
2006,71 years,241,588,-347,272,467,-195,513,1055,-542,394,767,-373,391,584,-193,785,1351,-566
2006,72 years,193,522,-329,220,469,-249,413,991,-578,321,666,-345,318,582,-264,639,1248,-609
2006,73 years,197,482,-285,201,360,-159,398,842,-444,281,575,-294,270,455,-185,551,1030,-479
2006,74 years,141,401,-260,257,382,-125,398,783,-385,210,503,-293,316,450,-134,526,953,-427
2006,75 years,145,332,-187,158,301,-143,303,633,-330,198,405,-207,232,391,-159,430,796,-366
2006,76 years,118,323,-205,210,295,-85,328,618,-290,194,415,-221,286,380,-94,480,795,-315
2006,77 years,83,231,-148,159,235,-76,242,466,-224,134,321,-187,211,325,-114,345,646,-301
2006,78 years,69,183,-114,138,190,-52,207,373,-166,115,263,-148,202,287,-85,317,550,-233
2006,79 years,77,145,-68,118,171,-53,195,316,-121,120,212,-92,168,231,-63,288,443,-155
2006,80 years,72,162,-90,96,175,-79,168,337,-169,97,218,-121,137,256,-119,234,474,-240
2006,81 years,54,110,-56,100,157,-57,154,267,-113,71,157,-86,136,239,-103,207,396,-189
2006,82 years,50,76,-26,94,116,-22,144,192,-48,75,118,-43,136,198,-62,211,316,-105
2006,83 years,31,77,-46,76,96,-20,107,173,-66,49,113,-64,112,153,-41,161,266,-105
2006,84 years,25,65,-40,85,107,-22,110,172,-62,52,96,-44,116,186,-70,168,282,-114
2006,85 years,25,51,-26,60,98,-38,85,149,-64,37,89,-52,89,186,-97,126,275,-149
2006,86 years,18,41,-23,54,64,-10,72,105,-33,27,63,-36,83,132,-49,110,195,-85
2006,87 years,14,30,-16,51,57,-6,65,87,-22,22,45,-23,68,101,-33,90,146,-56
2006,88 years,11,16,-5,22,29,-7,33,45,-12,12,23,-11,34,53,-19,46,76,-30
2006,89 years,7,15,-8,24,26,-2,31,41,-10,10,26,-16,32,55,-23,42,81,-39
2006,90 years,8,27,-19,18,36,-18,26,63,-37,15,34,-19,30,56,-26,45,90,-45
2006,91 years,8,14,-6,10,32,-22,18,46,-28,13,26,-13,21,60,-39,34,86,-52
2006,92 years,4,10,-6,23,22,1,27,32,-5,8,16,-8,33,65,-32,41,81,-40
2006,93 years,4,8,-4,5,22,-17,9,30,-21,8,15,-7,13,54,-41,21,69,-48
2006,94 years,4,7,-3,13,9,4,17,16,1,5,11,-6,21,28,-7,26,39,-13
2006,95 years and over,8,58,-50,20,88,-68,28,146,-118,13,78,-65,35,145,-110,48,223,-175
2006,Total,333723,306759,26964,224744,177015,47729,558467,483774,74693,393582,394072,-490,268273,244992,23281,661855,639064,22791
2007,under 1 year,1049,283,766,996,275,721,2045,558,1487,2155,615,1540,2022,580,1442,4177,1195,2982
2007,1 year,1996,961,1035,1824,869,955,3820,1830,1990,3358,2050,1308,3033,1912,1121,6391,3962,2429
2007,2 years,1689,990,699,1535,952,583,3224,1942,1282,2645,2210,435,2395,2153,242,5040,4363,677
2007,3 years,1565,1100,465,1371,987,384,2936,2087,849,2392,2347,45,2176,2223,-47,4568,4570,-2
2007,4 years,1478,1063,415,1384,1029,355,2862,2092,770,2205,2338,-133,2109,2253,-144,4314,4591,-277
2007,5 years,1383,1021,362,1267,1006,261,2650,2027,623,2070,2316,-246,1896,2270,-374,3966,4586,-620
2007,6 years,1324,1190,134,1242,1098,144,2566,2288,278,1945,2734,-789,1834,2600,-766,3779,5334,-1555
2007,7 years,1278,1021,257,1180,991,189,2458,2012,446,1913,2355,-442,1806,2228,-422,3719,4583,-864
2007,8 years,1187,1019,168,1169,998,171,2356,2017,339,1758,1960,-202,1704,1874,-170,3462,3834,-372
2007,9 years,1188,940,248,1089,940,149,2277,1880,397,1699,1845,-146,1595,1838,-243,3294,3683,-389
2007,10 years,1266,940,326,1097,892,205,2363,1832,531,1772,1857,-85,1674,1769,-95,3446,3626,-180
2007,11 years,1178,911,267,1112,944,168,2290,1855,435,1685,1716,-31,1615,1740,-125,3300,3456,-156
2007,12 years,1179,831,348,1077,785,292,2256,1616,640,1611,1542,69,1478,1454,24,3089,2996,93
2007,13 years,1119,791,328,1135,814,321,2254,1605,649,1578,1467,111,1552,1402,150,3130,2869,261
2007,14 years,1112,863,249,1092,742,350,2204,1605,599,1492,1522,-30,1469,1375,94,2961,2897,64
2007,15 years,1239,879,360,1245,835,410,2484,1714,770,1651,1520,131,1614,1396,218,3265,2916,349
2007,16 years,1787,1017,770,1837,1007,830,3624,2024,1600,2247,1716,531,2273,1627,646,4520,3343,1177
2007,17 years,2115,1263,852,2074,1284,790,4189,2547,1642,2617,2198,419,2538,1786,752,5155,3984,1171
2007,18 years,3337,2079,1258,3711,2071,1640,7048,4150,2898,4121,2841,1280,4375,2620,1755,8496,5461,3035
2007,19 years,6445,3410,3035,7330,3193,4137,13775,6603,7172,7527,4296,3231,8173,4004,4169,15700,8300,7400
2007,20 years,8545,4842,3703,10142,4704,5438,18687,9546,9141,9728,5889,3839,11134,5816,5318,20862,11705,9157
2007,21 years,10807,6995,3812,12420,7338,5082,23227,14333,8894,12054,8309,3745,13527,8763,4764,25581,17072,8509
2007,22 years,12384,8431,3953,13122,8313,4809,25506,16744,8762,13607,9858,3749,14209,9910,4299,27816,19768,8048
2007,23 years,13434,9231,4203,13141,8684,4457,26575,17915,8660,14704,10878,3826,14324,10466,3858,29028,21344,7684
2007,24 years,13767,9974,3793,11788,8003,3785,25555,17977,7578,15172,11835,3337,12991,9924,3067,28163,21759,6404
2007,25 years,13539,10377,3162,10433,7297,3136,23972,17674,6298,14903,12330,2573,11596,9566,2030,26499,21896,4603
2007,26 years,12845,10277,2568,8836,6353,2483,21681,16630,5051,14172,12554,1618,10062,8817,1245,24234,21371,2863
2007,27 years,12801,10691,2110,8211,5988,2223,21012,16679,4333,14102,13030,1072,9403,8522,881,23505,21552,1953
2007,28 years,12228,10401,1827,7530,5490,2040,19758,15891,3867,13452,12710,742,8589,7867,722,22041,20577,1464
2007,29 years,11644,10446,1198,6916,5278,1638,18560,15724,2836,12840,12798,42,8033,7525,508,20873,20323,550
2007,30 years,11195,10206,989,6299,4876,1423,17494,15082,2412,12455,12675,-220,7332,7143,189,19787,19818,-31
2007,31 years,11057,10166,891,5846,4659,1187,16903,14825,2078,12310,12330,-20,6857,6565,292,19167,18895,272
2007,32 years,10584,9811,773,5398,4177,1221,15982,13988,1994,11712,11898,-186,6267,5921,346,17979,17819,160
2007,33 years,9974,9243,731,5162,3946,1216,15136,13189,1947,11098,11221,-123,5978,5491,487,17076,16712,364
2007,34 years,9180,8795,385,4608,3884,724,13788,12679,1109,10225,10701,-476,5340,5288,52,15565,15989,-424
2007,35 years,8982,8623,359,4244,3447,797,13226,12070,1156,10054,10499,-445,5077,4860,217,15131,15359,-228
2007,36 years,8454,8054,400,3940,3245,695,12394,11299,1095,9673,10138,-465,4750,4743,7,14423,14881,-458
2007,37 years,8385,8236,149,3950,3159,791,12335,11395,940,9592,10435,-843,4741,4638,103,14333,15073,-740
2007,38 years,7857,7461,396,3609,3008,601,11466,10469,997,9169,9666,-497,4434,4470,-36,13603,14136,-533
2007,39 years,7714,7461,253,3398,2872,526,11112,10333,779,9064,9742,-678,4160,4330,-170,13224,14072,-848
2007,40 years,7233,6839,394,3230,2629,601,10463,9468,995,8525,8914,-389,4031,3997,34,12556,12911,-355
2007,41 years,6416,6372,44,2910,2459,451,9326,8831,495,7720,8415,-695,3627,3742,-115,11347,12157,-810
2007,42 years,6312,6260,52,2792,2350,442,9104,8610,494,7572,8268,-696,3526,3569,-43,11098,11837,-739
2007,43 years,6117,6131,-14,2584,2148,436,8701,8279,422,7307,7988,-681,3342,3378,-36,10649,11366,-717
2007,44 years,5925,5786,139,2585,2142,443,8510,7928,582,7030,7546,-516,3224,3226,-2,10254,10772,-518
2007,45 years,5628,5528,100,2457,2014,443,8085,7542,543,6694,7142,-448,3062,3031,31,9756,10173,-417
2007,46 years,5176,5194,-18,2340,1832,508,7516,7026,490,6229,6733,-504,2930,2820,110,9159,9553,-394
2007,47 years,5370,5418,-48,2274,1802,472,7644,7220,424,6339,6791,-452,2857,2662,195,9196,9453,-257
2007,48 years,5218,5027,191,2083,1750,333,7301,6777,524,6149,6274,-125,2618,2500,118,8767,8774,-7
2007,49 years,4764,4757,7,2070,1743,327,6834,6500,334,5565,5877,-312,2531,2432,99,8096,8309,-213
2007,50 years,4430,4443,-13,1917,1632,285,6347,6075,272,5225,5469,-244,2359,2258,101,7584,7727,-143
2007,51 years,4178,4128,50,1808,1475,333,5986,5603,383,4969,5144,-175,2272,2074,198,7241,7218,23
2007,52 years,3686,3813,-127,1689,1415,274,5375,5228,147,4375,4696,-321,2122,1948,174,6497,6644,-147
2007,53 years,3102,3208,-106,1590,1427,163,4692,4635,57,3766,4055,-289,2015,1844,171,5781,5899,-118
2007,54 years,2811,2868,-57,1428,1263,165,4239,4131,108,3437,3632,-195,1802,1706,96,5239,5338,-99
2007,55 years,2318,2430,-112,1260,1120,140,3578,3550,28,2904,3167,-263,1627,1541,86,4531,4708,-177
2007,56 years,2056,2149,-93,1161,1112,49,3217,3261,-44,2590,2798,-208,1531,1492,39,4121,4290,-169
2007,57 years,1757,1937,-180,1116,1217,-101,2873,3154,-281,2313,2574,-261,1456,1546,-90,3769,4120,-351
2007,58 years,1420,1582,-162,949,1088,-139,2369,2670,-301,1905,2138,-233,1264,1386,-122,3169,3524,-355
2007,59 years,1137,1323,-186,868,983,-115,2005,2306,-301,1550,1798,-248,1139,1273,-134,2689,3071,-382
2007,60 years,983,1477,-494,812,1113,-301,1795,2590,-795,1429,1958,-529,1077,1375,-298,2506,3333,-827
2007,61 years,931,1343,-412,740,1013,-273,1671,2356,-685,1286,1792,-506,953,1265,-312,2239,3057,-818
2007,62 years,627,1025,-398,544,802,-258,1171,1827,-656,903,1410,-507,761,1022,-261,1664,2432,-768
2007,63 years,588,1104,-516,599,822,-223,1187,1926,-739,994,1576,-582,832,1119,-287,1826,2695,-869
2007,64 years,482,993,-511,510,758,-248,992,1751,-759,860,1452,-592,705,1031,-326,1565,2483,-918
2007,65 years,553,1464,-911,494,834,-340,1047,2298,-1251,988,1982,-994,707,1087,-380,1695,3069,-1374
2007,66 years,515,1069,-554,496,712,-216,1011,1781,-770,880,1516,-636,736,968,-232,1616,2484,-868
2007,67 years,499,1040,-541,481,734,-253,980,1774,-794,855,1468,-613,700,982,-282,1555,2450,-895
2007,68 years,425,829,-404,424,644,-220,849,1473,-624,718,1194,-476,629,855,-226,1347,2049,-702
2007,69 years,345,792,-447,383,603,-220,728,1395,-667,589,1060,-471,572,776,-204,1161,1836,-675
2007,70 years,346,746,-400,319,523,-204,665,1269,-604,553,982,-429,466,682,-216,1019,1664,-645
2007,71 years,269,607,-338,311,456,-145,580,1063,-483,426,821,-395,439,603,-164,865,1424,-559
2007,72 years,270,455,-185,266,403,-137,536,858,-322,419,618,-199,371,498,-127,790,1116,-326
2007,73 years,205,446,-241,235,356,-121,440,802,-362,316,578,-262,316,455,-139,632,1033,-401
2007,74 years,187,435,-248,193,340,-147,380,775,-395,240,533,-293,258,427,-169,498,960,-462
2007,75 years,145,316,-171,206,330,-124,351,646,-295,202,400,-198,276,411,-135,478,811,-333
2007,76 years,116,252,-136,148,255,-107,264,507,-243,173,314,-141,217,320,-103,390,634,-244
2007,77 years,88,228,-140,176,270,-94,264,498,-234,158,336,-178,242,365,-123,400,701,-301
2007,78 years,96,199,-103,127,220,-93,223,419,-196,150,270,-120,192,307,-115,342,577,-235
2007,79 years,87,144,-57,128,175,-47,215,319,-104,127,206,-79,174,248,-74,301,454,-153
2007,80 years,52,149,-97,145,195,-50,197,344,-147,100,199,-99,188,284,-96,288,483,-195
2007,81 years,64,134,-70,104,148,-44,168,282,-114,90,180,-90,146,241,-95,236,421,-185
2007,82 years,39,82,-43,115,120,-5,154,202,-48,61,127,-66,145,195,-50,206,322,-116
2007,83 years,35,71,-36,79,98,-19,114,169,-55,56,92,-36,113,170,-57,169,262,-93
2007,84 years,35,72,-37,64,98,-34,99,170,-71,52,106,-54,104,181,-77,156,287,-131
2007,85 years,29,56,-27,76,99,-23,105,155,-50,44,89,-45,96,167,-71,140,256,-116
2007,86 years,21,45,-24,49,59,-10,70,104,-34,36,66,-30,76,119,-43,112,185,-73
2007,87 years,19,35,-16,50,46,4,69,81,-12,30,64,-34,66,88,-22,96,152,-56
2007,88 years,17,16,1,42,45,-3,59,61,-2,25,29,-4,64,81,-17,89,110,-21
2007,89 years,6,11,-5,25,22,3,31,33,-2,8,22,-14,32,53,-21,40,75,-35
2007,90 years,5,17,-12,16,40,-24,21,57,-36,8,22,-14,24,66,-42,32,88,-56
2007,91 years,3,12,-9,16,24,-8,19,36,-17,7,23,-16,23,45,-22,30,68,-38
2007,92 years,4,13,-9,20,21,-1,24,34,-10,7,19,-12,28,54,-26,35,73,-38
2007,93 years,2,11,-9,13,18,-5,15,29,-14,3,20,-17,17,40,-23,20,60,-40
2007,94 years,3,9,-6,8,16,-8,11,25,-14,3,10,-7,14,31,-17,17,41,-24
2007,95 years and over,10,57,-47,22,63,-41,32,120,-88,13,73,-60,37,122,-85,50,195,-145
2007,Total,343445,303240,40205,231307,172509,58798,574752,475749,99003,403500,391967,11533,277266,244887,32379,680766,636854,43912
2008,under 1 year,1082,308,774,1042,322,720,2124,630,1494,2317,671,1646,2139,687,1452,4456,1358,3098
2008,1 year,1953,952,1001,1896,931,965,3849,1883,1966,3282,2208,1074,3272,2192,1080,6554,4400,2154
2008,2 years,1727,1063,664,1616,952,664,3343,2015,1328,2739,2394,345,2497,2182,315,5236,4576,660
2008,3 years,1544,1063,481,1513,1037,476,3057,2100,957,2400,2479,-79,2355,2356,-1,4755,4835,-80
2008,4 years,1440,1126,314,1405,1056,349,2845,2182,663,2188,2523,-335,2119,2331,-212,4307,4854,-547
2008,5 years,1306,1112,194,1307,1105,202,2613,2217,396,2071,2536,-465,1955,2365,-410,4026,4901,-875
2008,6 years,1248,1250,-2,1218,1185,33,2466,2435,31,1941,2843,-902,1874,2787,-913,3815,5630,-1815
2008,7 years,1216,1087,129,1122,949,173,2338,2036,302,1879,2485,-606,1799,2212,-413,3678,4697,-1019
2008,8 years,1136,937,199,1109,835,274,2245,1772,473,1742,2034,-292,1716,1916,-200,3458,3950,-492
2008,9 years,1137,1001,136,1130,906,224,2267,1907,360,1696,1945,-249,1693,1816,-123,3389,3761,-372
2008,10 years,1143,968,175,1112,936,176,2255,1904,351,1722,1957,-235,1720,1860,-140,3442,3817,-375
2008,11 years,1152,950,202,1064,875,189,2216,1825,391,1616,1767,-151,1559,1703,-144,3175,3470,-295
2008,12 years,1123,904,219,1125,891,234,2248,1795,453,1622,1680,-58,1560,1633,-73,3182,3313,-131
2008,13 years,1147,853,294,1021,828,193,2168,1681,487,1541,1526,15,1477,1549,-72,3018,3075,-57
2008,14 years,1141,875,266,1066,846,220,2207,1721,486,1576,1557,19,1466,1466,0,3042,3023,19
2008,15 years,1345,915,430,1178,873,305,2523,1788,735,1741,1544,197,1585,1487,98,3326,3031,295
2008,16 years,1982,1135,847,1805,1169,636,3787,2304,1483,2462,1852,610,2266,1752,514,4728,3604,1124
2008,17 years,2170,1393,777,2018,1487,531,4188,2880,1308,2652,2287,365,2474,2050,424,5126,4337,789
2008,18 years,3817,2576,1241,3660,2335,1325,7477,4911,2566,4581,3384,1197,4324,2945,1379,8905,6329,2576
2008,19 years,7105,4281,2824,7154,3861,3293,14259,8142,6117,8036,5107,2929,8053,4756,3297,16089,9863,6226
2008,20 years,9478,5866,3612,10361,5467,4894,19839,11333,8506,10589,6973,3616,11318,6665,4653,21907,13638,8269
2008,21 years,11607,8137,3470,12200,8019,4181,23807,16156,7651,12732,9505,3227,13262,9558,3704,25994,19063,6931
2008,22 years,12848,9395,3453,12893,9215,3678,25741,18610,7131,14050,10910,3140,13983,10969,3014,28033,21879,6154
2008,23 years,13831,10298,3533,12399,9563,2836,26230,19861,6369,15006,11948,3058,13610,11560,2050,28616,23508,5108
2008,24 years,13793,11214,2579,11455,9429,2026,25248,20643,4605,15118,13138,1980,12728,11635,1093,27846,24773,3073
2008,25 years,13258,11550,1708,9870,8662,1208,23128,20212,2916,14586,13584,1002,11097,11236,-139,25683,24820,863
2008,26 years,13161,11995,1166,8815,7909,906,21976,19904,2072,14550,14411,139,10063,10768,-705,24613,25179,-566
2008,27 years,12466,11603,863,7866,7369,497,20332,18972,1360,13731,14074,-343,9161,10245,-1084,22892,24319,-1427
2008,28 years,12637,12089,548,7408,7022,386,20045,19111,934,13914,14754,-840,8697,9862,-1165,22611,24616,-2005
2008,29 years,11543,11779,-236,6789,6397,392,18332,18176,156,12851,14328,-1477,7984,8941,-957,20835,23269,-2434
2008,30 years,11032,11605,-573,6155,6198,-43,17187,17803,-616,12175,14055,-1880,7296,8649,-1353,19471,22704,-3233
2008,31 years,10494,11171,-677,5668,5662,6,16162,16833,-671,11737,13602,-1865,6731,7827,-1096,18468,21429,-2961
2008,32 years,10254,11282,-1028,5238,5169,69,15492,16451,-959,11380,13521,-2141,6198,7100,-902,17578,20621,-3043
2008,33 years,9914,10848,-934,4914,5054,-140,14828,15902,-1074,10998,12938,-1940,5782,6673,-891,16780,19611,-2831
2008,34 years,9349,10538,-1189,4545,4642,-97,13894,15180,-1286,10521,12553,-2032,5385,6195,-810,15906,18748,-2842
2008,35 years,8700,9815,-1115,4196,4249,-53,12896,14064,-1168,9673,11683,-2010,4981,5679,-698,14654,17362,-2708
2008,36 years,8284,9622,-1338,3934,4010,-76,12218,13632,-1414,9346,11571,-2225,4767,5484,-717,14113,17055,-2942
2008,37 years,7969,9063,-1094,3701,3854,-153,11670,12917,-1247,9132,11134,-2002,4547,5513,-966,13679,16647,-2968
2008,38 years,7812,9127,-1315,3667,3867,-200,11479,12994,-1515,9018,11277,-2259,4507,5267,-760,13525,16544,-3019
2008,39 years,7374,8547,-1173,3408,3603,-195,10782,12150,-1368,8666,10690,-2024,4215,5050,-835,12881,15740,-2859
2008,40 years,7327,8514,-1187,3333,3421,-88,10660,11935,-1275,8667,10733,-2066,4170,4991,-821,12837,15724,-2887
2008,41 years,6910,7879,-969,3017,3132,-115,9927,11011,-1084,8235,9993,-1758,3829,4537,-708,12064,14530,-2466
2008,42 years,6122,7263,-1141,2631,2880,-249,8753,10143,-1390,7420,9461,-2041,3347,4205,-858,10767,13666,-2899
2008,43 years,5798,7084,-1286,2640,2881,-241,8438,9965,-1527,6969,9045,-2076,3355,4172,-817,10324,13217,-2893
2008,44 years,5649,6829,-1180,2467,2652,-185,8116,9481,-1365,6824,8735,-1911,3209,3952,-743,10033,12687,-2654
2008,45 years,5487,6692,-1205,2482,2603,-121,7969,9295,-1326,6697,8469,-1772,3119,3785,-666,9816,12254,-2438
2008,46 years,5179,6216,-1037,2388,2467,-79,7567,8683,-1116,6246,7946,-1700,3004,3521,-517,9250,11467,-2217
2008,47 years,5029,6045,-1016,2261,2314,-53,7290,8359,-1069,6054,7590,-1536,2854,3282,-428,8908,10872,-1964
2008,48 years,4963,5998,-1035,2280,2386,-106,7243,8384,-1141,5900,7421,-1521,2863,3350,-487,8763,10771,-2008
2008,49 years,4774,5718,-944,2190,2159,31,6964,7877,-913,5668,7065,-1397,2721,3026,-305,8389,10091,-1702
2008,50 years,4161,5116,-955,2014,2134,-120,6175,7250,-1075,4992,6278,-1286,2491,2886,-395,7483,9164,-1681
2008,51 years,3902,4909,-1007,1919,2069,-150,5821,6978,-1157,4664,5950,-1286,2375,2739,-364,7039,8689,-1650
2008,52 years,3724,4661,-937,1756,1958,-202,5480,6619,-1139,4482,5678,-1196,2196,2600,-404,6678,8278,-1600
2008,53 years,3308,4125,-817,1661,1772,-111,4969,5897,-928,3949,5059,-1110,2088,2334,-246,6037,7393,-1356
2008,54 years,2897,3685,-788,1601,1780,-179,4498,5465,-967,3542,4505,-963,2041,2304,-263,5583,6809,-1226
2008,55 years,2501,3256,-755,1395,1600,-205,3896,4856,-960,3089,4089,-1000,1756,2109,-353,4845,6198,-1353
2008,56 years,2069,2782,-713,1302,1568,-266,3371,4350,-979,2658,3561,-903,1655,2012,-357,4313,5573,-1260
2008,57 years,1851,2479,-628,1137,1485,-348,2988,3964,-976,2360,3172,-812,1424,1917,-493,3784,5089,-1305
2008,58 years,1548,2149,-601,1088,1450,-362,2636,3599,-963,2077,2778,-701,1379,1828,-449,3456,4606,-1150
2008,59 years,1297,1837,-540,961,1339,-378,2258,3176,-918,1762,2368,-606,1268,1684,-416,3030,4052,-1022
2008,60 years,1117,1826,-709,903,1374,-471,2020,3200,-1180,1470,2385,-915,1168,1762,-594,2638,4147,-1509
2008,61 years,885,1644,-759,837,1361,-524,1722,3005,-1283,1278,2134,-856,1065,1687,-622,2343,3821,-1478
2008,62 years,726,1475,-749,670,1120,-450,1396,2595,-1199,1056,1937,-881,857,1408,-551,1913,3345,-1432
2008,63 years,573,1342,-769,571,1033,-462,1144,2375,-1231,881,1736,-855,767,1292,-525,1648,3028,-1380
2008,64 years,537,1277,-740,523,1007,-484,1060,2284,-1224,903,1776,-873,742,1271,-529,1645,3047,-1402
2008,65 years,537,1506,-969,497,977,-480,1034,2483,-1449,978,2075,-1097,739,1290,-551,1717,3365,-1648
2008,66 years,489,1399,-910,449,917,-468,938,2316,-1378,808,1903,-1095,646,1177,-531,1454,3080,-1626
2008,67 years,420,1097,-677,426,761,-335,846,1858,-1012,721,1561,-840,607,1048,-441,1328,2609,-1281
2008,68 years,425,1154,-729,450,831,-381,875,1985,-1110,722,1583,-861,631,1080,-449,1353,2663,-1310
2008,69 years,376,1051,-675,368,724,-356,744,1775,-1031,631,1389,-758,569,930,-361,1200,2319,-1119
2008,70 years,311,930,-619,328,699,-371,639,1629,-990,527,1228,-701,485,896,-411,1012,2124,-1112
2008,71 years,295,846,-551,290,625,-335,585,1471,-886,444,1083,-639,416,789,-373,860,1872,-1012
2008,72 years,250,676,-426,279,572,-293,529,1248,-719,403,865,-462,394,757,-363,797,1622,-825
2008,73 years,198,567,-369,257,502,-245,455,1069,-614,335,744,-409,353,638,-285,688,1382,-694
2008,74 years,200,568,-368,215,465,-250,415,1033,-618,296,738,-442,273,585,-312,569,1323,-754
2008,75 years,154,512,-358,163,414,-251,317,926,-609,233,634,-401,216,488,-272,449,1122,-673
2008,76 years,125,405,-280,180,397,-217,305,802,-497,178,511,-333,234,475,-241,412,986,-574
2008,77 years,106,325,-219,169,330,-161,275,655,-380,162,405,-243,224,406,-182,386,811,-425
2008,78 years,90,312,-222,158,341,-183,248,653,-405,140,381,-241,223,436,-213,363,817,-454
2008,79 years,90,231,-141,143,252,-109,233,483,-250,144,318,-174,197,343,-146,341,661,-320
2008,80 years,77,244,-167,133,283,-150,210,527,-317,129,322,-193,195,381,-186,324,703,-379
2008,81 years,55,152,-97,117,216,-99,172,368,-196,85,230,-145,158,305,-147,243,535,-292
2008,82 years,49,132,-83,116,185,-69,165,317,-152,71,188,-117,152,256,-104,223,444,-221
2008,83 years,40,110,-70,89,174,-85,129,284,-155,60,154,-94,123,248,-125,183,402,-219
2008,84 years,40,110,-70,87,147,-60,127,257,-130,57,147,-90,125,222,-97,182,369,-187
2008,85 years,26,90,-64,77,142,-65,103,232,-129,42,122,-80,106,213,-107,148,335,-187
2008,86 years,27,55,-28,63,135,-72,90,190,-100,41,80,-39,84,198,-114,125,278,-153
2008,87 years,20,48,-28,35,72,-37,55,120,-65,32,73,-41,63,122,-59,95,195,-100
2008,88 years,14,49,-35,35,84,-49,49,133,-84,25,75,-50,52,134,-82,77,209,-132
2008,89 years,11,27,-16,29,67,-38,40,94,-54,15,43,-28,43,104,-61,58,147,-89
2008,90 years,6,33,-27,16,58,-42,22,91,-69,10,44,-34,24,84,-60,34,128,-94
2008,91 years,5,18,-13,16,33,-17,21,51,-30,7,29,-22,20,50,-30,27,79,-52
2008,92 years,3,18,-15,12,32,-20,15,50,-35,8,26,-18,18,57,-39,26,83,-57
2008,93 years,5,17,-12,12,40,-28,17,57,-40,9,19,-10,16,61,-45,25,80,-55
2008,94 years,3,16,-13,7,27,-20,10,43,-33,6,19,-13,11,43,-32,17,62,-45
2008,95 years and over,10,48,-38,20,104,-84,30,152,-122,20,66,-46,32,151,-119,52,217,-165
2008,Total,344509,353840,-9331,229306,209290,20016,573815,563130,10685,404759,448347,-43588,277387,289542,-12155,682146,737889,-55743
2009,under 1 year,1087,319,768,1069,304,765,2156,623,1533,2259,638,1621,2178,596,1582,4437,1234,3203
2009,1 year,2259,1075,1184,2015,951,1064,4274,2026,2248,3719,2144,1575,3380,1964,1416,7099,4108,2991
2009,2 years,1942,1096,846,1821,1066,755,3763,2162,1601,2964,2291,673,2800,2183,617,5764,4474,1290
2009,3 years,1865,1096,769,1719,1052,667,3584,2148,1436,2769,2310,459,2574,2165,409,5343,4475,868
2009,4 years,1708,1057,651,1581,993,588,3289,2050,1239,2531,2252,279,2342,2147,195,4873,4399,474
2009,5 years,1637,1156,481,1516,1035,481,3153,2191,962,2400,2386,14,2259,2245,14,4659,4631,28
2009,6 years,1510,1145,365,1430,1158,272,2940,2303,637,2257,2629,-372,2086,2581,-495,4343,5210,-867
2009,7 years,1346,937,409,1309,894,415,2655,1831,824,2035,2110,-75,1954,1960,-6,3989,4070,-81
2009,8 years,1313,892,421,1252,781,471,2565,1673,892,2007,1787,220,1895,1648,247,3902,3435,467
2009,9 years,1462,817,645,1271,820,451,2733,1637,1096,2140,1660,480,1896,1763,133,4036,3423,613
2009,10 years,1359,883,476,1260,848,412,2619,1731,888,1919,1690,229,1857,1598,259,3776,3288,488
2009,11 years,1321,932,389,1229,875,354,2550,1807,743,1857,1611,246,1756,1561,195,3613,3172,441
2009,12 years,1179,938,241,1203,838,365,2382,1776,606,1652,1649,3,1638,1440,198,3290,3089,201
2009,13 years,1280,873,407,1180,795,385,2460,1668,792,1749,1468,281,1641,1382,259,3390,2850,540
2009,14 years,1285,779,506,1112,782,330,2397,1561,836,1744,1394,350,1524,1300,224,3268,2694,574
2009,15 years,1477,853,624,1315,796,519,2792,1649,1143,1905,1392,513,1690,1282,408,3595,2674,921
2009,16 years,2201,1062,1139,1921,1039,882,4122,2101,2021,2697,1684,1013,2452,1556,896,5149,3240,1909
2009,17 years,2507,1327,1180,2123,1358,765,4630,2685,1945,2979,2103,876,2589,1818,771,5568,3921,1647
2009,18 years,4075,2261,1814,3903,2274,1629,7978,4535,3443,4834,2897,1937,4575,2764,1811,9409,5661,3748
2009,19 years,7217,4064,3153,7383,3736,3647,14600,7800,6800,8223,4762,3461,8249,4585,3664,16472,9347,7125
2009,20 years,9663,5784,3879,10239,5233,5006,19902,11017,8885,10691,6719,3972,11151,6292,4859,21842,13011,8831
2009,21 years,12194,8240,3954,13228,8485,4743,25422,16725,8697,13382,9491,3891,14264,9830,4434,27646,19321,8325
2009,22 years,13546,9671,3875,13598,9548,4050,27144,19219,7925,14734,10993,3741,14656,11121,3535,29390,22114,7276
2009,23 years,14254,10536,3718,12982,9659,3323,27236,20195,7041,15528,12064,3464,14228,11504,2724,29756,23568,6188
2009,24 years,14257,11294,2963,11914,9190,2724,26171,20484,5687,15599,12915,2684,13199,11140,2059,28798,24055,4743
2009,25 years,13861,11365,2496,10540,8603,1937,24401,19968,4433,15318,13323,1995,11932,10894,1038,27250,24217,3033
2009,26 years,13221,11689,1532,9337,8008,1329,22558,19697,2861,14707,13850,857,10706,10624,82,25413,24474,939
2009,27 years,13076,11899,1177,8490,7633,857,21566,19532,2034,14557,14081,476,9856,10245,-389,24413,24326,87
2009,28 years,12421,11887,534,7800,6974,826,20221,18861,1360,13857,14129,-272,9191,9510,-319,23048,23639,-591
2009,29 years,12382,12111,271,7198,6657,541,19580,18768,812,13856,14410,-554,8493,9073,-580,22349,23483,-1134
2009,30 years,11621,11721,-100,6646,6297,349,18267,18018,249,13050,13899,-849,7850,8652,-802,20900,22551,-1651
2009,31 years,11105,11329,-224,6028,5925,103,17133,17254,-121,12453,13319,-866,7168,7886,-718,19621,21205,-1584
2009,32 years,10775,11176,-401,5670,5464,206,16445,16640,-195,12072,13013,-941,6713,7229,-516,18785,20242,-1457
2009,33 years,10386,10912,-526,5139,5145,-6,15525,16057,-532,11624,12721,-1097,6119,6759,-640,17743,19480,-1737
2009,34 years,9982,10704,-722,4931,4849,82,14913,15553,-640,11198,12471,-1273,5769,6260,-491,16967,18731,-1764
2009,35 years,9483,10415,-932,4567,4665,-98,14050,15080,-1030,10624,12027,-1403,5407,5971,-564,16031,17998,-1967
2009,36 years,8892,9637,-745,4203,4209,-6,13095,13846,-751,9983,11206,-1223,4974,5467,-493,14957,16673,-1716
2009,37 years,8538,9386,-848,4086,4138,-52,12624,13524,-900,9637,11021,-1384,4907,5395,-488,14544,16416,-1872
2009,38 years,8108,9068,-960,3689,3995,-306,11797,13063,-1266,9394,10854,-1460,4476,5238,-762,13870,16092,-2222
2009,39 years,7878,8949,-1071,3662,3807,-145,11540,12756,-1216,9192,10756,-1564,4431,4999,-568,13623,15755,-2132
2009,40 years,7396,8348,-952,3578,3692,-114,10974,12040,-1066,8745,10096,-1351,4385,4893,-508,13130,14989,-1859
2009,41 years,7274,8174,-900,3447,3506,-59,10721,11680,-959,8648,9881,-1233,4301,4693,-392,12949,14574,-1625
2009,42 years,6805,7904,-1099,3136,3403,-267,9941,11307,-1366,8205,9618,-1413,3943,4617,-674,12148,14235,-2087
2009,43 years,5910,7054,-1144,2686,2921,-235,8596,9975,-1379,7289,8778,-1489,3420,4044,-624,10709,12822,-2113
2009,44 years,5839,6989,-1150,2655,2856,-201,8494,9845,-1351,7140,8566,-1426,3411,3879,-468,10551,12445,-1894
2009,45 years,5543,6543,-1000,2587,2790,-203,8130,9333,-1203,6719,8078,-1359,3305,3846,-541,10024,11924,-1900
2009,46 years,5393,6578,-1185,2577,2678,-101,7970,9256,-1286,6600,8136,-1536,3241,3618,-377,9841,11754,-1913
2009,47 years,5027,6343,-1316,2441,2606,-165,7468,8949,-1481,6213,7798,-1585,3110,3533,-423,9323,11331,-2008
2009,48 years,4796,5963,-1167,2287,2396,-109,7083,8359,-1276,5853,7277,-1424,2901,3187,-286,8754,10464,-1710
2009,49 years,4750,5884,-1134,2223,2502,-279,6973,8386,-1413,5800,7158,-1358,2824,3302,-478,8624,10460,-1836
2009,50 years,4318,5432,-1114,2222,2288,-66,6540,7720,-1180,5299,6539,-1240,2746,2972,-226,8045,9511,-1466
2009,51 years,4003,4965,-962,2048,2172,-124,6051,7137,-1086,4826,5962,-1136,2578,2832,-254,7404,8794,-1390
2009,52 years,3726,4661,-935,1959,2130,-171,5685,6791,-1106,4526,5547,-1021,2409,2714,-305,6935,8261,-1326
2009,53 years,3349,4383,-1034,1955,1974,-19,5304,6357,-1053,4114,5270,-1156,2346,2496,-150,6460,7766,-1306
2009,54 years,3103,3966,-863,1731,1852,-121,4834,5818,-984,3782,4749,-967,2127,2373,-246,5909,7122,-1213
2009,55 years,2671,3517,-846,1538,1837,-299,4209,5354,-1145,3307,4260,-953,1948,2327,-379,5255,6587,-1332
2009,56 years,2307,3096,-789,1377,1662,-285,3684,4758,-1074,2908,3784,-876,1769,2118,-349,4677,5902,-1225
2009,57 years,1942,2692,-750,1246,1596,-350,3188,4288,-1100,2506,3330,-824,1570,1958,-388,4076,5288,-1212
2009,58 years,1583,2390,-807,1103,1492,-389,2686,3882,-1196,2067,2897,-830,1403,1825,-422,3470,4722,-1252
2009,59 years,1344,2148,-804,1046,1469,-423,2390,3617,-1227,1871,2708,-837,1341,1777,-436,3212,4485,-1273
2009,60 years,1092,1974,-882,978,1581,-603,2070,3555,-1485,1534,2555,-1021,1247,1962,-715,2781,4517,-1736
2009,61 years,926,1799,-873,912,1485,-573,1838,3284,-1446,1342,2330,-988,1166,1818,-652,2508,4148,-1640
2009,62 years,824,1678,-854,731,1298,-567,1555,2976,-1421,1181,2156,-975,958,1596,-638,2139,3752,-1613
2009,63 years,665,1566,-901,623,1115,-492,1288,2681,-1393,1013,2001,-988,849,1345,-496,1862,3346,-1484
2009,64 years,526,1335,-809,558,1017,-459,1084,2352,-1268,828,1748,-920,756,1256,-500,1584,3004,-1420
2009,65 years,562,1602,-1040,530,992,-462,1092,2594,-1502,1010,2134,-1124,771,1282,-511,1781,3416,-1635
2009,66 years,537,1390,-853,463,994,-531,1000,2384,-1384,870,1884,-1014,687,1298,-611,1557,3182,-1625
2009,67 years,451,1287,-836,447,903,-456,898,2190,-1292,787,1711,-924,642,1147,-505,1429,2858,-1429
2009,68 years,411,1166,-755,354,802,-448,765,1968,-1203,705,1570,-865,548,1041,-493,1253,2611,-1358
2009,69 years,394,1075,-681,410,848,-438,804,1923,-1119,709,1482,-773,597,1113,-516,1306,2595,-1289
2009,70 years,347,1108,-761,373,762,-389,720,1870,-1150,601,1435,-834,529,1007,-478,1130,2442,-1312
2009,71 years,290,962,-672,321,710,-389,611,1672,-1061,477,1213,-736,462,903,-441,939,2116,-1177
2009,72 years,278,848,-570,297,673,-376,575,1521,-946,444,1068,-624,422,851,-429,866,1919,-1053
2009,73 years,229,764,-535,268,579,-311,497,1343,-846,385,947,-562,394,714,-320,779,1661,-882
2009,74 years,175,657,-482,247,545,-298,422,1202,-780,295,829,-534,327,692,-365,622,1521,-899
2009,75 years,162,623,-461,198,479,-281,360,1102,-742,260,744,-484,269,600,-331,529,1344,-815
2009,76 years,146,580,-434,191,419,-228,337,999,-662,205,678,-473,228,490,-262,433,1168,-735
2009,77 years,124,466,-342,191,408,-217,315,874,-559,183,561,-378,236,511,-275,419,1072,-653
2009,78 years,97,410,-313,154,344,-190,251,754,-503,157,501,-344,199,427,-228,356,928,-572
2009,79 years,90,363,-273,177,373,-196,267,736,-469,135,440,-305,225,458,-233,360,898,-538
2009,80 years,94,334,-240,145,302,-157,239,636,-397,137,403,-266,187,388,-201,324,791,-467
2009,81 years,64,218,-154,113,233,-120,177,451,-274,93,276,-183,156,319,-163,249,595,-346
2009,82 years,52,166,-114,116,213,-97,168,379,-211,83,219,-136,148,282,-134,231,501,-270
2009,83 years,41,168,-127,100,208,-108,141,376,-235,72,223,-151,135,282,-147,207,505,-298
2009,84 years,29,131,-102,98,181,-83,127,312,-185,47,170,-123,136,254,-118,183,424,-241
2009,85 years,39,112,-73,88,188,-100,127,300,-173,55,148,-93,108,253,-145,163,401,-238
2009,86 years,32,76,-44,75,126,-51,107,202,-95,43,99,-56,95,193,-98,138,292,-154
2009,87 years,19,71,-52,56,103,-47,75,174,-99,27,97,-70,76,162,-86,103,259,-156
2009,88 years,14,72,-58,51,93,-42,65,165,-100,26,94,-68,70,140,-70,96,234,-138
2009,89 years,12,45,-33,35,99,-64,47,144,-97,19,65,-46,48,132,-84,67,197,-130
2009,90 years,12,38,-26,32,97,-65,44,135,-91,15,60,-45,41,149,-108,56,209,-153
2009,91 years,6,26,-20,18,43,-25,24,69,-45,10,37,-27,27,72,-45,37,109,-72
2009,92 years,6,23,-17,10,41,-31,16,64,-48,6,27,-21,19,61,-42,25,88,-63
2009,93 years,5,15,-10,6,43,-37,11,58,-47,7,24,-17,11,68,-57,18,92,-74
2009,94 years,3,17,-14,9,29,-20,12,46,-34,4,21,-17,13,45,-32,17,66,-49
2009,95 years and over,8,74,-66,24,177,-153,32,251,-219,17,90,-73,33,263,-230,50,353,-303
2009,Total,361514,361604,-90,244800,217204,27596,606314,578808,27506,426296,444591,-18295,294718,289205,5513,721014,733796,-12782
2010,under 1 year,1290,355,935,1269,357,912,2559,712,1847,2457,710,1747,2413,665,1748,4870,1375,3495
2010,1 year,2574,1161,1413,2489,1004,1485,5063,2165,2898,4081,2178,1903,3822,1976,1846,7903,4154,3749
2010,2 years,2438,1208,1230,2297,1126,1171,4735,2334,2401,3538,2292,1246,3224,2069,1155,6762,4361,2401
2010,3 years,2160,1124,1036,2106,1068,1038,4266,2192,2074,3098,2245,853,3023,2094,929,6121,4339,1782
2010,4 years,2106,1153,953,2008,1064,944,4114,2217,1897,2913,2259,654,2772,2073,699,5685,4332,1353
2010,5 years,2056,1120,936,1831,988,843,3887,2108,1779,2860,2307,553,2570,2083,487,5430,4390,1040
2010,6 years,1888,1242,646,1748,1082,666,3636,2324,1312,2645,2576,69,2370,2303,67,5015,4879,136
2010,7 years,1630,939,691,1547,858,689,3177,1797,1380,2329,1988,341,2207,1811,396,4536,3799,737
2010,8 years,1566,802,764,1527,775,752,3093,1577,1516,2204,1615,589,2120,1597,523,4324,3212,1112
2010,9 years,1598,788,810,1479,731,748,3077,1519,1558,2254,1582,672,2084,1460,624,4338,3042,1296
2010,10 years,1522,766,756,1585,775,810,3107,1541,1566,2152,1529,623,2246,1535,711,4398,3064,1334
2010,11 years,1559,835,724,1467,775,692,3026,1610,1416,2065,1492,573,1923,1370,553,3988,2862,1126
2010,12 years,1511,759,752,1408,780,628,2919,1539,1380,1975,1390,585,1871,1359,512,3846,2749,1097
2010,13 years,1541,735,806,1363,680,683,2904,1415,1489,2017,1296,721,1838,1188,650,3855,2484,1371
2010,14 years,1545,723,822,1389,741,648,2934,1464,1470,1973,1212,761,1819,1203,616,3792,2415,1377
2010,15 years,1779,793,986,1535,724,811,3314,1517,1797,2212,1264,948,1962,1174,788,4174,2438,1736
2010,16 years,2733,1035,1698,2205,978,1227,4938,2013,2925,3211,1527,1684,2662,1455,1207,5873,2982,2891
2010,17 years,3006,1345,1661,2410,1361,1049,5416,2706,2710,3478,1967,1511,2821,1745,1076,6299,3712,2587
2010,18 years,4625,2219,2406,4284,2259,2025,8909,4478,4431,5382,2758,2624,5013,2684,2329,10395,5442,4953
2010,19 years,7687,3762,3925,7881,3591,4290,15568,7353,8215,8704,4416,4288,8728,4270,4458,17432,8686,8746
2010,20 years,10774,5766,5008,11456,5384,6072,22230,11150,11080,11912,6635,5277,12429,6333,6096,24341,12968,11373
2010,21 years,13423,8114,5309,14126,8170,5956,27549,16284,11265,14594,9149,5445,15183,9422,5761,29777,18571,11206
2010,22 years,15184,9910,5274,14653,9546,5107,29837,19456,10381,16409,11133,5276,15704,11005,4699,32113,22138,9975
2010,23 years,16322,10615,5707,13973,9134,4839,30295,19749,10546,17594,11863,5731,15254,10840,4414,32848,22703,10145
2010,24 years,16197,10749,5448,12864,8349,4515,29061,19098,9963,17594,12334,5260,14205,10265,3940,31799,22599,9200
2010,25 years,15913,10908,5005,11446,7813,3633,27359,18721,8638,17315,12648,4667,12758,10069,2689,30073,22717,7356
2010,26 years,15356,10862,4494,10347,7140,3207,25703,18002,7701,16885,12930,3955,11703,9590,2113,28588,22520,6068
2010,27 years,14367,10789,3578,9117,6306,2811,23484,17095,6389,15843,12905,2938,10507,8750,1757,26350,21655,4695
2010,28 years,14364,11027,3337,8629,6122,2507,22993,17149,5844,15761,13158,2603,10003,8551,1452,25764,21709,4055
2010,29 years,13580,10656,2924,7923,5802,2121,21503,16458,5045,14972,12750,2222,9254,8161,1093,24226,20911,3315
2010,30 years,13531,10850,2681,7556,5517,2039,21087,16367,4720,14947,12990,1957,8857,7783,1074,23804,20773,3031
2010,31 years,12911,10574,2337,6691,5128,1563,19602,15702,3900,14278,12425,1853,7828,7010,818,22106,19435,2671
2010,32 years,11964,10113,1851,6468,4822,1646,18432,14935,3497,13230,11892,1338,7591,6458,1133,20821,18350,2471
2010,33 years,11740,10008,1732,5863,4524,1339,17603,14532,3071,13050,11697,1353,6936,6034,902,19986,17731,2255
2010,34 years,11261,9820,1441,5500,4198,1302,16761,14018,2743,12517,11397,1120,6477,5583,894,18994,16980,2014
2010,35 years,10819,9510,1309,5070,3999,1071,15889,13509,2380,12001,11014,987,5931,5188,743,17932,16202,1730
2010,36 years,10648,9128,1520,4859,3842,1017,15507,12970,2537,11804,10572,1232,5660,5038,622,17464,15610,1854
2010,37 years,9343,8392,951,4412,3673,739,13755,12065,1690,10416,9793,623,5118,4746,372,15534,14539,995
2010,38 years,9344,8380,964,4243,3569,674,13587,11949,1638,10479,9826,653,4987,4619,368,15466,14445,1021
2010,39 years,8844,7883,961,4065,3301,764,12909,11184,1725,10055,9331,724,4903,4352,551,14958,13683,1275
2010,40 years,8673,7897,776,4094,3364,730,12767,11261,1506,9940,9434,506,4824,4364,460,14764,13798,966
2010,41 years,8330,7493,837,3840,3167,673,12170,10660,1510,9616,8923,693,4621,4161,460,14237,13084,1153
2010,42 years,7852,7252,600,3664,3152,512,11516,10404,1112,9151,8817,334,4389,4090,299,13540,12907,633
2010,43 years,7451,6797,654,3481,2882,599,10932,9679,1253,8746,8246,500,4260,3850,410,13006,12096,910
2010,44 years,6502,5935,567,2953,2541,412,9455,8476,979,7734,7320,414,3706,3401,305,11440,10721,719
2010,45 years,6259,5899,360,2968,2540,428,9227,8439,788,7352,7250,102,3673,3396,277,11025,10646,379
2010,46 years,5937,5629,308,2814,2361,453,8751,7990,761,7098,6933,165,3532,3196,336,10630,10129,501
2010,47 years,5669,5467,202,2772,2448,324,8441,7915,526,6760,6722,38,3422,3296,126,10182,10018,164
2010,48 years,5228,5053,175,2598,2306,292,7826,7359,467,6284,6297,-13,3219,3098,121,9503,9395,108
2010,49 years,4925,4791,134,2441,2153,288,7366,6944,422,5937,5933,4,3024,2800,224,8961,8733,228
2010,50 years,4905,4903,2,2452,2193,259,7357,7096,261,5860,5926,-66,2977,2886,91,8837,8812,25
2010,51 years,4428,4403,25,2279,2078,201,6707,6481,226,5319,5357,-38,2812,2697,115,8131,8054,77
2010,52 years,4033,4044,-11,2119,1915,204,6152,5959,193,4839,4886,-47,2609,2418,191,7448,7304,144
2010,53 years,3836,3800,36,1972,1825,147,5808,5625,183,4590,4643,-53,2403,2293,110,6993,6936,57
2010,54 years,3465,3541,-76,1744,1743,1,5209,5284,-75,4164,4262,-98,2186,2179,7,6350,6441,-91
2010,55 years,3086,3204,-118,1735,1730,5,4821,4934,-113,3723,3920,-197,2134,2123,11,5857,6043,-186
2010,56 years,2662,2713,-51,1590,1605,-15,4252,4318,-66,3251,3325,-74,1995,1989,6,5246,5314,-68
2010,57 years,2102,2265,-163,1283,1373,-90,3385,3638,-253,2648,2771,-123,1626,1716,-90,4274,4487,-213
2010,58 years,1851,2071,-220,1363,1389,-26,3214,3460,-246,2362,2568,-206,1672,1693,-21,4034,4261,-227
2010,59 years,1496,1683,-187,1144,1273,-129,2640,2956,-316,1997,2179,-182,1414,1541,-127,3411,3720,-309
2010,60 years,1297,1633,-336,1085,1431,-346,2382,3064,-682,1773,2154,-381,1388,1744,-356,3161,3898,-737
2010,61 years,1066,1436,-370,908,1220,-312,1974,2656,-682,1496,1959,-463,1190,1534,-344,2686,3493,-807
2010,62 years,837,1292,-455,858,1201,-343,1695,2493,-798,1238,1702,-464,1109,1489,-380,2347,3191,-844
2010,63 years,800,1409,-609,753,1077,-324,1553,2486,-933,1177,1844,-667,993,1320,-327,2170,3164,-994
2010,64 years,673,1241,-568,662,1005,-343,1335,2246,-911,986,1608,-622,827,1201,-374,1813,2809,-996
2010,65 years,613,1346,-733,550,986,-436,1163,2332,-1169,1001,1763,-762,741,1222,-481,1742,2985,-1243
2010,66 years,560,1088,-528,511,868,-357,1071,1956,-885,920,1523,-603,712,1100,-388,1632,2623,-991
2010,67 years,413,997,-584,399,742,-343,812,1739,-927,746,1400,-654,584,987,-403,1330,2387,-1057
2010,68 years,462,949,-487,400,707,-307,862,1656,-794,760,1305,-545,564,926,-362,1324,2231,-907
2010,69 years,412,807,-395,373,699,-326,785,1506,-721,717,1159,-442,547,902,-355,1264,2061,-797
2010,70 years,380,884,-504,412,678,-266,792,1562,-770,665,1242,-577,604,910,-306,1269,2152,-883
2010,71 years,306,784,-478,375,601,-226,681,1385,-704,528,1045,-517,525,785,-260,1053,1830,-777
2010,72 years,289,744,-455,299,502,-203,588,1246,-658,469,971,-502,429,649,-220,898,1620,-722
2010,73 years,260,615,-355,260,481,-221,520,1096,-576,396,806,-410,374,626,-252,770,1432,-662
2010,74 years,224,615,-391,252,463,-211,476,1078,-602,337,784,-447,352,600,-248,689,1384,-695
2010,75 years,191,473,-282,197,396,-199,388,869,-481,293,619,-326,283,496,-213,576,1115,-539
2010,76 years,180,486,-306,209,407,-198,389,893,-504,271,617,-346,285,497,-212,556,1114,-558
2010,77 years,141,412,-271,189,384,-195,330,796,-466,205,502,-297,233,459,-226,438,961,-523
2010,78 years,126,320,-194,176,310,-134,302,630,-328,172,404,-232,227,388,-161,399,792,-393
2010,79 years,109,296,-187,155,284,-129,264,580,-316,162,387,-225,204,363,-159,366,750,-384
2010,80 years,83,272,-189,149,284,-135,232,556,-324,129,344,-215,203,367,-164,332,711,-379
2010,81 years,76,216,-140,134,239,-105,210,455,-245,118,292,-174,173,322,-149,291,614,-323
2010,82 years,59,185,-126,98,182,-84,157,367,-210,84,241,-157,138,266,-128,222,507,-285
2010,83 years,34,135,-101,96,200,-104,130,335,-205,51,186,-135,127,266,-139,178,452,-274
2010,84 years,40,127,-87,79,160,-81,119,287,-168,60,163,-103,102,215,-113,162,378,-216
2010,85 years,31,83,-52,59,138,-79,90,221,-131,50,120,-70,79,208,-129,129,328,-199
2010,86 years,31,95,-64,72,105,-33,103,200,-97,48,119,-71,96,166,-70,144,285,-141
2010,87 years,20,62,-42,52,95,-43,72,157,-85,32,79,-47,78,154,-76,110,233,-123
2010,88 years,19,55,-36,49,89,-40,68,144,-76,26,80,-54,66,130,-64,92,210,-118
2010,89 years,16,53,-37,31,67,-36,47,120,-73,22,75,-53,43,109,-66,65,184,-119
2010,90 years,21,59,-38,35,94,-59,56,153,-97,27,85,-58,49,139,-90,76,224,-148
2010,91 years,9,51,-42,28,58,-30,37,109,-72,14,60,-46,39,78,-39,53,138,-85
2010,92 years,6,27,-21,16,35,-19,22,62,-40,8,32,-24,20,53,-33,28,85,-57
2010,93 years,3,13,-10,1,18,-17,4,31,-27,3,19,-16,5,31,-26,8,50,-42
2010,94 years,3,14,-11,4,27,-23,7,41,-34,5,20,-15,7,39,-32,12,59,-47
2010,95 years and over,8,81,-73,22,165,-143,30,246,-216,11,90,-79,37,210,-173,48,300,-252
2010,Total,411187,331113,80074,272343,198492,73851,683530,529605,153925,475575,406556,69019,322707,264049,58658,798282,670605,127677
2011,under 1 year,1520,403,1117,1429,372,1057,2949,775,2174,2648,739,1909,2525,686,1839,5173,1425,3748
2011,1 year,3277,1175,2102,3169,1210,1959,6446,2385,4061,4830,2274,2556,4591,2240,2351,9421,4514,4907
2011,2 years,3238,1304,1934,2965,1183,1782,6203,2487,3716,4366,2342,2024,4007,2233,1774,8373,4575,3798
2011,3 years,3086,1259,1827,2869,1180,1689,5955,2439,3516,4091,2462,1629,3833,2264,1569,7924,4726,3198
2011,4 years,2682,1251,1431,2490,1107,1383,5172,2358,2814,3606,2392,1214,3335,2196,1139,6941,4588,2353
2011,5 years,2561,1180,1381,2383,1146,1237,4944,2326,2618,3414,2367,1047,3190,2204,986,6604,4571,2033
2011,6 years,2370,1253,1117,2256,1113,1143,4626,2366,2260,3181,2606,575,3019,2386,633,6200,4992,1208
2011,7 years,2140,1025,1115,2028,933,1095,4168,1958,2210,2891,2019,872,2795,1898,897,5686,3917,1769
2011,8 years,1956,906,1050,1917,896,1021,3873,1802,2071,2669,1755,914,2595,1687,908,5264,3442,1822
2011,9 years,1893,874,1019,1720,811,909,3613,1685,1928,2581,1614,967,2390,1562,828,4971,3176,1795
2011,10 years,1865,809,1056,1750,751,999,3615,1560,2055,2544,1538,1006,2386,1526,860,4930,3064,1866
2011,11 years,1966,787,1179,1788,784,1004,3754,1571,2183,2583,1477,1106,2401,1447,954,4984,2924,2060
2011,12 years,1826,749,1077,1636,755,881,3462,1504,1958,2335,1302,1033,2153,1361,792,4488,2663,1825
2011,13 years,1756,787,969,1647,757,890,3403,1544,1859,2261,1310,951,2117,1308,809,4378,2618,1760
2011,14 years,1854,745,1109,1746,775,971,3600,1520,2080,2340,1295,1045,2216,1282,934,4556,2577,1979
2011,15 years,2087,796,1291,1811,781,1030,3898,1577,2321,2558,1252,1306,2281,1228,1053,4839,2480,2359
2011,16 years,3023,965,2058,2484,1002,1482,5507,1967,3540,3505,1396,2109,2969,1482,1487,6474,2878,3596
2011,17 years,3111,1264,1847,2718,1403,1315,5829,2667,3162,3584,1663,1921,3127,1777,1350,6711,3440,3271
2011,18 years,5433,2271,3162,5038,2287,2751,10471,4558,5913,6253,2713,3540,5770,2706,3064,12023,5419,6604
2011,19 years,9449,4201,5248,9233,3936,5297,18682,8137,10545,10407,4686,5721,10107,4585,5522,20514,9271,11243
2011,20 years,12556,6076,6480,12504,5566,6938,25060,11642,13418,13645,6785,6860,13377,6394,6983,27022,13179,13843
2011,21 years,16363,9038,7325,16079,8975,7104,32442,18013,14429,17467,10013,7454,17017,10158,6859,34484,20171,14313
2011,22 years,18455,10772,7683,16590,10034,6556,35045,20806,14239,19561,11866,7695,17666,11374,6292,37227,23240,13987
2011,23 years,19950,11310,8640,17124,9559,7565,37074,20869,16205,21158,12632,8526,18340,11209,7131,39498,23841,15657
2011,24 years,20068,11629,8439,15070,8357,6713,35138,19986,15152,21409,13169,8240,16389,10218,6171,37798,23387,14411
2011,25 years,19721,11648,8073,13864,7613,6251,33585,19261,14324,21155,13406,7749,15264,9775,5489,36419,23181,13238
2011,26 years,19334,11660,7674,12385,6786,5599,31719,18446,13273,20726,13548,7178,13844,9162,4682,34570,22710,11860
2011,27 years,18379,11254,7125,11218,6127,5091,29597,17381,12216,19770,13306,6464,12602,8484,4118,32372,21790,10582
2011,28 years,17752,11139,6613,10206,5715,4491,27958,16854,11104,19200,13143,6057,11641,7948,3693,30841,21091,9750
2011,29 years,17206,11208,5998,9656,5509,4147,26862,16717,10145,18619,13305,5314,11105,7798,3307,29724,21103,8621
2011,30 years,16247,10930,5317,8807,5192,3615,25054,16122,8932,17682,13073,4609,10177,7412,2765,27859,20485,7374
2011,31 years,16271,10891,5380,8297,4902,3395,24568,15793,8775,17693,12997,4696,9593,7011,2582,27286,20008,7278
2011,32 years,15106,10542,4564,7479,4608,2871,22585,15150,7435,16341,12442,3899,8683,6355,2328,25024,18797,6227
2011,33 years,14464,10224,4240,6949,4181,2768,21413,14405,7008,15774,12014,3760,8001,5745,2256,23775,17759,6016
2011,34 years,13963,9974,3989,6577,3953,2624,20540,13927,6613,15227,11543,3684,7619,5422,2197,22846,16965,5881
2011,35 years,13523,9874,3649,6240,3878,2362,19763,13752,6011,14748,11384,3364,7214,5219,1995,21962,16603,5359
2011,36 years,13184,9449,3735,6024,3814,2210,19208,13263,5945,14326,10937,3389,6874,5060,1814,21200,15997,5203
2011,37 years,12900,9431,3469,5749,3599,2150,18649,13030,5619,13992,10889,3103,6574,4729,1845,20566,15618,4948
2011,38 years,11722,8483,3239,5251,3398,1853,16973,11881,5092,12787,9840,2947,5977,4425,1552,18764,14265,4499
2011,39 years,11425,8445,2980,5150,3312,1838,16575,11757,4818,12515,9795,2720,5869,4294,1575,18384,14089,4295
2011,40 years,10678,8107,2571,5033,3137,1896,15711,11244,4467,11804,9433,2371,5784,4137,1647,17588,13570,4018
2011,41 years,10578,7897,2681,4836,3199,1637,15414,11096,4318,11799,9277,2522,5556,4124,1432,17355,13401,3954
2011,42 years,10039,7551,2488,4586,2989,1597,14625,10540,4085,11218,8973,2245,5358,3892,1466,16576,12865,3711
2011,43 years,9662,7248,2414,4511,2940,1571,14173,10188,3985,10936,8653,2283,5282,3860,1422,16218,12513,3705
2011,44 years,9171,6796,2375,4235,2809,1426,13406,9605,3801,10378,8149,2229,4959,3693,1266,15337,11842,3495
2011,45 years,7836,5880,1956,3641,2352,1289,11477,8232,3245,9107,7251,1856,4357,3241,1116,13464,10492,2972
2011,46 years,7646,5876,1770,3543,2378,1165,11189,8254,2935,8821,7185,1636,4242,3233,1009,13063,10418,2645
2011,47 years,7205,5715,1490,3271,2312,959,10476,8027,2449,8321,7004,1317,3919,3154,765,12240,10158,2082
2011,48 years,6808,5341,1467,3243,2249,994,10051,7590,2461,7906,6561,1345,3934,2976,958,11840,9537,2303
2011,49 years,6307,4875,1432,3092,2133,959,9399,7008,2391,7384,6021,1363,3689,2806,883,11073,8827,2246
2011,50 years,6084,4632,1452,2986,2045,941,9070,6677,2393,7063,5654,1409,3516,2695,821,10579,8349,2230
2011,51 years,5721,4631,1090,2997,2132,865,8718,6763,1955,6619,5588,1031,3553,2765,788,10172,8353,1819
2011,52 years,5249,4246,1003,2707,1907,800,7956,6153,1803,6067,5114,953,3226,2486,740,9293,7600,1693
2011,53 years,4801,3865,936,2659,1885,774,7460,5750,1710,5473,4622,851,3131,2432,699,8604,7054,1550
2011,54 years,4324,3580,744,2465,1799,666,6789,5379,1410,5016,4329,687,2901,2257,644,7917,6586,1331
2011,55 years,3999,3396,603,2093,1611,482,6092,5007,1085,4618,4047,571,2497,2029,468,7115,6076,1039
2011,56 years,3479,2938,541,1914,1497,417,5393,4435,958,4074,3560,514,2252,1861,391,6326,5421,905
2011,57 years,2960,2522,438,1774,1420,354,4734,3942,792,3520,3078,442,2103,1761,342,5623,4839,784
2011,58 years,2376,2044,332,1475,1280,195,3851,3324,527,2865,2582,283,1821,1623,198,4686,4205,481
2011,59 years,1987,1740,247,1278,1194,84,3265,2934,331,2466,2235,231,1562,1516,46,4028,3751,277
2011,60 years,1542,1572,-30,1234,1229,5,2776,2801,-25,2015,2096,-81,1508,1536,-28,3523,3632,-109
2011,61 years,1331,1386,-55,1087,1183,-96,2418,2569,-151,1758,1869,-111,1356,1504,-148,3114,3373,-259
2011,62 years,1088,1202,-114,940,1041,-101,2028,2243,-215,1487,1650,-163,1184,1355,-171,2671,3005,-334
2011,63 years,899,1261,-362,861,1028,-167,1760,2289,-529,1268,1704,-436,1090,1299,-209,2358,3003,-645
2011,64 years,761,1069,-308,796,934,-138,1557,2003,-446,1100,1501,-401,988,1156,-168,2088,2657,-569
2011,65 years,729,1283,-554,674,886,-212,1403,2169,-766,1118,1710,-592,875,1131,-256,1993,2841,-848
2011,66 years,530,968,-438,547,752,-205,1077,1720,-643,795,1314,-519,723,925,-202,1518,2239,-721
2011,67 years,511,861,-350,504,641,-137,1015,1502,-487,821,1219,-398,674,839,-165,1495,2058,-563
2011,68 years,449,749,-300,453,556,-103,902,1305,-403,765,1109,-344,599,749,-150,1364,1858,-494
2011,69 years,445,749,-304,425,562,-137,870,1311,-441,736,1078,-342,584,760,-176,1320,1838,-518
2011,70 years,363,655,-292,342,467,-125,705,1122,-417,648,998,-350,495,673,-178,1143,1671,-528
2011,71 years,359,686,-327,383,501,-118,742,1187,-445,592,992,-400,527,686,-159,1119,1678,-559
2011,72 years,338,555,-217,374,480,-106,712,1035,-323,563,802,-239,511,658,-147,1074,1460,-386
2011,73 years,293,522,-229,313,419,-106,606,941,-335,465,759,-294,433,570,-137,898,1329,-431
2011,74 years,238,474,-236,318,392,-74,556,866,-310,360,644,-284,413,516,-103,773,1160,-387
2011,75 years,198,449,-251,251,359,-108,449,808,-359,318,615,-297,353,483,-130,671,1098,-427
2011,76 years,166,325,-159,210,295,-85,376,620,-244,262,487,-225,283,397,-114,545,884,-339
2011,77 years,171,328,-157,202,268,-66,373,596,-223,249,434,-185,256,356,-100,505,790,-285
2011,78 years,145,300,-155,148,197,-49,293,497,-204,216,397,-181,201,274,-73,417,671,-254
2011,79 years,113,246,-133,176,221,-45,289,467,-178,162,317,-155,213,299,-86,375,616,-241
2011,80 years,89,236,-147,142,182,-40,231,418,-187,129,313,-184,189,276,-87,318,589,-271
2011,81 years,80,166,-86,151,203,-52,231,369,-138,117,232,-115,198,268,-70,315,500,-185
2011,82 years,59,132,-73,123,160,-37,182,292,-110,96,192,-96,160,251,-91,256,443,-187
2011,83 years,53,94,-41,124,156,-32,177,250,-73,81,149,-68,155,217,-62,236,366,-130
2011,84 years,55,86,-31,87,112,-25,142,198,-56,79,133,-54,119,179,-60,198,312,-114
2011,85 years,49,87,-38,72,112,-40,121,199,-78,72,127,-55,108,182,-74,180,309,-129
2011,86 years,22,55,-33,81,71,10,103,126,-23,36,89,-53,105,132,-27,141,221,-80
2011,87 years,18,41,-23,65,66,-1,83,107,-24,28,71,-43,85,129,-44,113,200,-87
2011,88 years,16,27,-11,43,39,4,59,66,-7,24,53,-29,63,81,-18,87,134,-47
2011,89 years,14,27,-13,45,43,2,59,70,-11,22,42,-20,59,76,-17,81,118,-37
2011,90 years,11,34,-23,23,39,-16,34,73,-39,19,50,-31,34,87,-53,53,137,-84
2011,91 years,13,20,-7,34,28,6,47,48,-1,16,35,-19,43,55,-12,59,90,-31
2011,92 years,11,13,-2,19,26,-7,30,39,-9,13,18,-5,27,48,-21,40,66,-26
2011,93 years,5,9,-4,11,13,-2,16,22,-6,5,15,-10,17,25,-8,22,40,-18
2011,94 years,7,4,3,8,7,1,15,11,4,8,6,2,9,14,-5,17,20,-3
2011,95 years and over,5,37,-32,26,72,-46,31,109,-78,13,54,-41,34,113,-79,47,167,-120
2011,Total,513768,343569,170199,327927,195268,132659,841695,538837,302858,578353,417879,160474,379946,261090,118856,958299,678969,279330
2012,under 1 year,1777,443,1334,1662,420,1242,3439,863,2576,2903,807,2096,2723,724,1999,5626,1531,4095
2012,1 year,4100,1297,2803,3725,1253,2472,7825,2550,5275,5579,2288,3291,5114,2228,2886,10693,4516,6177
2012,2 years,4205,1459,2746,3821,1448,2373,8026,2907,5119,5331,2484,2847,4885,2427,2458,10216,4911,5305
2012,3 years,3975,1485,2490,3683,1349,2334,7658,2834,4824,4955,2560,2395,4572,2288,2284,9527,4848,4679
2012,4 years,3607,1419,2188,3473,1327,2146,7080,2746,4334,4482,2464,2018,4303,2338,1965,8785,4802,3983
2012,5 years,3466,1348,2118,3205,1258,1947,6671,2606,4065,4281,2474,1807,4000,2297,1703,8281,4771,3510
2012,6 years,3208,1407,1801,2810,1252,1558,6018,2659,3359,4006,2677,1329,3601,2461,1140,7607,5138,2469
2012,7 years,2924,1169,1755,2608,1050,1558,5532,2219,3313,3657,2099,1558,3333,1946,1387,6990,4045,2945
2012,8 years,2699,1054,1645,2479,973,1506,5178,2027,3151,3408,1836,1572,3167,1798,1369,6575,3634,2941
2012,9 years,2651,920,1731,2391,866,1525,5042,1786,3256,3377,1645,1732,3007,1525,1482,6384,3170,3214
2012,10 years,2530,925,1605,2266,809,1457,4796,1734,3062,3210,1630,1580,2912,1509,1403,6122,3139,2983
2012,11 years,2380,823,1557,2168,785,1383,4548,1608,2940,2951,1438,1513,2749,1359,1390,5700,2797,2903
2012,12 years,2512,820,1692,2282,779,1503,4794,1599,3195,3138,1427,1711,2856,1361,1495,5994,2788,3206
2012,13 years,2352,838,1514,2200,771,1429,4552,1609,2943,2878,1379,1499,2672,1227,1445,5550,2606,2944
2012,14 years,2319,831,1488,2156,783,1373,4475,1614,2861,2834,1340,1494,2624,1296,1328,5458,2636,2822
2012,15 years,2695,853,1842,2203,810,1393,4898,1663,3235,3168,1268,1900,2664,1273,1391,5832,2541,3291
2012,16 years,3540,1066,2474,2897,1144,1753,6437,2210,4227,4070,1529,2541,3402,1618,1784,7472,3147,4325
2012,17 years,3626,1331,2295,2975,1353,1622,6601,2684,3917,4142,1689,2453,3460,1732,1728,7602,3421,4181
2012,18 years,6268,2383,3885,5560,2313,3247,11828,4696,7132,7017,2741,4276,6306,2760,3546,13323,5501,7822
2012,19 years,11074,4480,6594,10345,3855,6490,21419,8335,13084,11973,4958,7015,11204,4447,6757,23177,9405,13772
2012,20 years,14756,6896,7860,14022,5919,8103,28778,12815,15963,15710,7549,8161,14881,6719,8162,30591,14268,16323
2012,21 years,18350,9939,8411,17059,9033,8026,35409,18972,16437,19267,10813,8454,17992,10055,7937,37259,20868,16391
2012,22 years,20931,11765,9166,18987,10708,8279,39918,22473,17445,21952,12769,9183,20107,12003,8104,42059,24772,17287
2012,23 years,22808,12741,10067,18905,9971,8934,41713,22712,19001,24012,13974,10038,20065,11463,8602,44077,25437,18640
2012,24 years,23195,13165,10030,17796,9597,8199,40991,22762,18229,24508,14600,9908,19051,11435,7616,43559,26035,17524
2012,25 years,22605,12984,9621,15860,8230,7630,38465,21214,17251,23940,14635,9305,17154,10345,6809,41094,24980,16114
2012,26 years,21889,12622,9267,14150,7214,6936,36039,19836,16203,23250,14521,8729,15511,9466,6045,38761,23987,14774
2012,27 years,21124,12527,8597,12972,6581,6391,34096,19108,14988,22461,14429,8032,14343,8803,5540,36804,23232,13572
2012,28 years,20421,12373,8048,11786,6098,5688,32207,18471,13736,21804,14339,7465,13059,8228,4831,34863,22567,12296
2012,29 years,19052,11896,7156,10839,5610,5229,29891,17506,12385,20381,13780,6601,12145,7763,4382,32526,21543,10983
2012,30 years,18681,12024,6657,10140,5350,4790,28821,17374,11447,20006,13966,6040,11471,7491,3980,31477,21457,10020
2012,31 years,17550,11255,6295,9383,4964,4419,26933,16219,10714,18921,13152,5769,10647,6916,3731,29568,20068,9500
2012,32 years,17210,11640,5570,8858,4720,4138,26068,16360,9708,18554,13444,5110,10103,6417,3686,28657,19861,8796
2012,33 years,16339,10822,5517,7990,4331,3659,24329,15153,9176,17586,12469,5117,9094,5813,3281,26680,18282,8398
2012,34 years,15498,10646,4852,7492,4164,3328,22990,14810,8180,16789,12237,4552,8550,5557,2993,25339,17794,7545
2012,35 years,15223,10562,4661,7225,4038,3187,22448,14600,7848,16376,12016,4360,8156,5337,2819,24532,17353,7179
2012,36 years,14825,10195,4630,6786,3831,2955,21611,14026,7585,15981,11708,4273,7647,5053,2594,23628,16761,6867
2012,37 years,14467,9949,4518,6642,3700,2942,21109,13649,7460,15551,11327,4224,7419,4782,2637,22970,16109,6861
2012,38 years,13805,9824,3981,6414,3704,2710,20219,13528,6691,14855,11190,3665,7148,4732,2416,22003,15922,6081
2012,39 years,12532,8819,3713,5931,3309,2622,18463,12128,6335,13540,10035,3505,6636,4217,2419,20176,14252,5924
2012,40 years,12220,8734,3486,5648,3210,2438,17868,11944,5924,13311,9991,3320,6380,4103,2277,19691,14094,5597
2012,41 years,11870,8219,3651,5455,3255,2200,17325,11474,5851,12917,9410,3507,6128,4126,2002,19045,13536,5509
2012,42 years,11364,8232,3132,5397,3168,2229,16761,11400,5361,12470,9407,3063,6050,3996,2054,18520,13403,5117
2012,43 years,11008,7880,3128,5054,3193,1861,16062,11073,4989,12128,9108,3020,5763,4002,1761,17891,13110,4781
2012,44 years,10510,7696,2814,4999,3045,1954,15509,10741,4768,11718,8960,2758,5741,3855,1886,17459,12815,4644
2012,45 years,9772,7288,2484,4727,2830,1897,14499,10118,4381,10958,8545,2413,5452,3644,1808,16410,12189,4221
2012,46 years,8422,6140,2282,4024,2492,1532,12446,8632,3814,9568,7438,2130,4732,3304,1428,14300,10742,3558
2012,47 years,7868,6020,1848,3756,2418,1338,11624,8438,3186,9059,7255,1804,4460,3222,1238,13519,10477,3042
2012,48 years,7611,5730,1881,3709,2324,1385,11320,8054,3266,8712,6856,1856,4378,3103,1275,13090,9959,3131
2012,49 years,7055,5447,1608,3538,2382,1156,10593,7829,2764,8104,6545,1559,4155,3112,1043,12259,9657,2602
2012,50 years,6561,5037,1524,3382,2255,1127,9943,7292,2651,7540,6053,1487,3994,2926,1068,11534,8979,2555
2012,51 years,6142,4698,1444,3070,2052,1018,9212,6750,2462,7023,5685,1338,3620,2596,1024,10643,8281,2362
2012,52 years,5991,4571,1420,3081,2156,925,9072,6727,2345,6827,5529,1298,3647,2670,977,10474,8199,2275
2012,53 years,5205,4096,1109,2777,1961,816,7982,6057,1925,6008,4897,1111,3261,2466,795,9269,7363,1906
2012,54 years,4911,3965,946,2583,1894,689,7494,5859,1635,5646,4683,963,3060,2337,723,8706,7020,1686
2012,55 years,4355,3419,936,2410,1707,703,6765,5126,1639,5036,4084,952,2819,2111,708,7855,6195,1660
2012,56 years,3952,3136,816,2140,1595,545,6092,4731,1361,4570,3760,810,2515,1975,540,7085,5735,1350
2012,57 years,3432,2836,596,1894,1514,380,5326,4350,976,4028,3425,603,2256,1880,376,6284,5305,979
2012,58 years,2796,2403,393,1729,1387,342,4525,3790,735,3321,2941,380,2057,1704,353,5378,4645,733
2012,59 years,2197,1985,212,1515,1244,271,3712,3229,483,2654,2453,201,1803,1540,263,4457,3993,464
2012,60 years,1821,1763,58,1319,1236,83,3140,2999,141,2291,2223,68,1608,1531,77,3899,3754,145
2012,61 years,1455,1353,102,1197,1120,77,2652,2473,179,1891,1793,98,1476,1394,82,3367,3187,180
2012,62 years,1278,1196,82,1054,1087,-33,2332,2283,49,1719,1690,29,1333,1361,-28,3052,3051,1
2012,63 years,989,1237,-248,981,1038,-57,1970,2275,-305,1376,1711,-335,1230,1295,-65,2606,3006,-400
2012,64 years,879,1073,-194,879,927,-48,1758,2000,-242,1233,1472,-239,1127,1163,-36,2360,2635,-275
2012,65 years,806,1190,-384,738,897,-159,1544,2087,-543,1260,1638,-378,968,1161,-193,2228,2799,-571
2012,66 years,654,1006,-352,678,784,-106,1332,1790,-458,953,1370,-417,841,982,-141,1794,2352,-558
2012,67 years,529,798,-269,512,605,-93,1041,1403,-362,779,1076,-297,637,784,-147,1416,1860,-444
2012,68 years,424,691,-267,445,582,-137,869,1273,-404,718,1040,-322,610,760,-150,1328,1800,-472
2012,69 years,434,652,-218,385,460,-75,819,1112,-293,708,964,-256,525,666,-141,1233,1630,-397
2012,70 years,437,657,-220,398,502,-104,835,1159,-324,731,973,-242,548,666,-118,1279,1639,-360
2012,71 years,328,562,-234,369,451,-82,697,1013,-316,622,895,-273,508,633,-125,1130,1528,-398
2012,72 years,370,593,-223,369,468,-99,739,1061,-322,631,861,-230,528,651,-123,1159,1512,-353
2012,73 years,279,531,-252,328,418,-90,607,949,-342,452,768,-316,462,586,-124,914,1354,-440
2012,74 years,244,497,-253,304,360,-56,548,857,-309,416,689,-273,412,510,-98,828,1199,-371
2012,75 years,218,436,-218,238,344,-106,456,780,-324,338,608,-270,347,458,-111,685,1066,-381
2012,76 years,212,384,-172,233,317,-84,445,701,-256,326,522,-196,319,449,-130,645,971,-326
2012,77 years,154,324,-170,197,278,-81,351,602,-251,235,449,-214,263,372,-109,498,821,-323
2012,78 years,145,302,-157,221,264,-43,366,566,-200,215,406,-191,283,351,-68,498,757,-259
2012,79 years,129,268,-139,148,230,-82,277,498,-221,181,344,-163,184,287,-103,365,631,-266
2012,80 years,101,223,-122,189,258,-69,290,481,-191,144,295,-151,220,326,-106,364,621,-257
2012,81 years,97,176,-79,136,184,-48,233,360,-127,128,238,-110,170,239,-69,298,477,-179
2012,82 years,72,139,-67,122,167,-45,194,306,-112,102,198,-96,160,243,-83,262,441,-179
2012,83 years,86,125,-39,119,132,-13,205,257,-52,111,183,-72,163,205,-42,274,388,-114
2012,84 years,44,88,-44,105,117,-12,149,205,-56,65,140,-75,130,180,-50,195,320,-125
2012,85 years,47,89,-42,82,104,-22,129,193,-64,69,131,-62,107,164,-57,176,295,-119
2012,86 years,35,60,-25,72,91,-19,107,151,-44,51,91,-40,99,152,-53,150,243,-93
2012,87 years,30,37,-7,57,67,-10,87,104,-17,47,62,-15,79,113,-34,126,175,-49
2012,88 years,20,33,-13,49,62,-13,69,95,-26,29,56,-27,77,115,-38,106,171,-65
2012,89 years,14,26,-12,43,56,-13,57,82,-25,19,51,-32,57,99,-42,76,150,-74
2012,90 years,11,38,-27,43,50,-7,54,88,-34,15,48,-33,48,77,-29,63,125,-62
2012,91 years,12,23,-11,12,24,-12,24,47,-23,16,39,-23,20,57,-37,36,96,-60
2012,92 years,3,11,-8,16,29,-13,19,40,-21,10,28,-18,26,57,-31,36,85,-49
2012,93 years,10,10,0,15,14,1,25,24,1,11,21,-10,21,29,-8,32,50,-18
2012,94 years,2,5,-3,3,11,-8,5,16,-11,2,9,-7,3,20,-17,5,29,-24
2012,95 years and over,21,49,-28,17,101,-84,38,150,-112,25,49,-24,22,132,-110,47,181,-134
2012,Total,588801,373172,215629,377107,205587,171520,965908,578759,387149,652321,443842,208479,428615,268149,160466,1080936,711991,368945
2013,under 1 year,2230,577,1653,2018,569,1449,4248,1146,3102,3416,909,2507,3126,908,2218,6542,1817,4725
2013,1 year,5300,1767,3533,5082,1672,3410,10382,3439,6943,6812,2829,3983,6509,2645,3864,13321,5474,7847
2013,2 years,5310,1945,3365,5108,1908,3200,10418,3853,6565,6403,3033,3370,6181,2883,3298,12584,5916,6668
2013,3 years,5200,2015,3185,4898,1860,3038,10098,3875,6223,6188,3061,3127,5789,2833,2956,11977,5894,6083
2013,4 years,4947,1847,3100,4675,1827,2848,9622,3674,5948,5815,2855,2960,5546,2799,2747,11361,5654,5707
2013,5 years,4648,1810,2838,4535,1693,2842,9183,3503,5680,5523,2875,2648,5341,2680,2661,10864,5555,5309
2013,6 years,4208,1745,2463,3989,1634,2355,8197,3379,4818,5029,2981,2048,4782,2872,1910,9811,5853,3958
2013,7 years,3863,1482,2381,3710,1385,2325,7573,2867,4706,4637,2443,2194,4469,2316,2153,9106,4759,4347
2013,8 years,3574,1348,2226,3360,1186,2174,6934,2534,4400,4299,2153,2146,4043,1908,2135,8342,4061,4281
2013,9 years,3550,1297,2253,3414,1188,2226,6964,2485,4479,4251,2022,2229,4056,1896,2160,8307,3918,4389
2013,10 years,3397,1238,2159,3172,1157,2015,6569,2395,4174,4109,1976,2133,3857,1827,2030,7966,3803,4163
2013,11 years,3279,1117,2162,2960,1022,1938,6239,2139,4100,3865,1806,2059,3522,1648,1874,7387,3454,3933
2013,12 years,3092,1032,2060,2909,977,1932,6001,2009,3992,3659,1620,2039,3470,1589,1881,7129,3209,3920
2013,13 years,3130,1068,2062,2875,985,1890,6005,2053,3952,3638,1618,2020,3364,1531,1833,7002,3149,3853
2013,14 years,3076,1030,2046,2629,939,1690,5705,1969,3736,3569,1554,2015,3101,1421,1680,6670,2975,3695
2013,15 years,3293,1088,2205,2752,932,1820,6045,2020,4025,3758,1548,2210,3223,1375,1848,6981,2923,4058
2013,16 years,4376,1376,3000,3405,1222,2183,7781,2598,5183,4901,1836,3065,3914,1702,2212,8815,3538,5277
2013,17 years,4538,1653,2885,3522,1540,1982,8060,3193,4867,5044,2011,3033,4007,1946,2061,9051,3957,5094
2013,18 years,8655,2678,5977,6451,2464,3987,15106,5142,9964,9485,3102,6383,7208,2893,4315,16693,5995,10698
2013,19 years,14411,5104,9307,11749,4479,7270,26160,9583,16577,15338,5651,9687,12636,5125,7511,27974,10776,17198
2013,20 years,17517,7981,9536,16027,6770,9257,33544,14751,18793,18448,8687,9761,16914,7610,9304,35362,16297,19065
2013,21 years,21131,11349,9782,19074,10274,8800,40205,21623,18582,22102,12211,9891,19982,11331,8651,42084,23542,18542
2013,22 years,23641,13443,10198,20180,11649,8531,43821,25092,18729,24716,14543,10173,21212,12907,8305,45928,27450,18478
2013,23 years,26294,14367,11927,20909,11346,9563,47203,25713,21490,27470,15774,11696,22173,13063,9110,49643,28837,20806
2013,24 years,26225,15002,11223,19616,10614,9002,45841,25616,20225,27530,16603,10927,20902,12485,8417,48432,29088,19344
2013,25 years,26335,15093,11242,18233,9783,8450,44568,24876,19692,27678,16950,10728,19594,12024,7570,47272,28974,18298
2013,26 years,25044,14653,10391,15890,8315,7575,40934,22968,17966,26409,16657,9752,17285,10703,6582,43694,27360,16334
2013,27 years,24196,14437,9759,14463,7540,6923,38659,21977,16682,25667,16573,9094,15876,9877,5999,41543,26450,15093
2013,28 years,23024,13896,9128,13273,6832,6441,36297,20728,15569,24290,15820,8470,14670,9093,5577,38960,24913,14047
2013,29 years,21540,13481,8059,12169,6306,5863,33709,19787,13922,22962,15507,7455,13471,8403,5068,36433,23910,12523
2013,30 years,20417,12993,7424,11301,5953,5348,31718,18946,12772,21796,15035,6761,12627,8075,4552,34423,23110,11313
2013,31 years,19719,12986,6733,10756,5582,5174,30475,18568,11907,21106,15027,6079,12088,7549,4539,33194,22576,10618
2013,32 years,18510,12454,6056,9817,5407,4410,28327,17861,10466,19889,14390,5499,11086,7220,3866,30975,21610,9365
2013,33 years,18492,12422,6070,9237,4995,4242,27729,17417,10312,19907,14210,5697,10415,6690,3725,30322,20900,9422
2013,34 years,17315,12037,5278,8524,4544,3980,25839,16581,9258,18597,13678,4919,9607,6037,3570,28204,19715,8489
2013,35 years,16412,11441,4971,8304,4503,3801,24716,15944,8772,17682,13040,4642,9374,5885,3489,27056,18925,8131
2013,36 years,16441,11370,5071,7640,4273,3367,24081,15643,8438,17621,12977,4644,8589,5538,3051,26210,18515,7695
2013,37 years,15483,10959,4524,7341,4068,3273,22824,15027,7797,16654,12492,4162,8270,5284,2986,24924,17776,7148
2013,38 years,15087,10737,4350,7124,4078,3046,22211,14815,7396,16207,12187,4020,7953,5174,2779,24160,17361,6799
2013,39 years,14529,10381,4148,6851,3926,2925,21380,14307,7073,15568,11654,3914,7568,4862,2706,23136,16516,6620
2013,40 years,13160,9581,3579,6518,3698,2820,19678,13279,6399,14132,10825,3307,7160,4549,2611,21292,15374,5918
2013,41 years,12969,9432,3537,6345,3694,2651,19314,13126,6188,14006,10648,3358,7006,4558,2448,21012,15206,5806
2013,42 years,12316,9025,3291,5934,3574,2360,18250,12599,5651,13413,10230,3183,6585,4379,2206,19998,14609,5389
2013,43 years,12124,8956,3168,5721,3475,2246,17845,12431,5414,13213,10234,2979,6408,4236,2172,19621,14470,5151
2013,44 years,11463,8634,2829,5654,3319,2335,17117,11953,5164,12585,9932,2653,6381,4141,2240,18966,14073,4893
2013,45 years,11106,8188,2918,5496,3352,2144,16602,11540,5062,12266,9482,2784,6187,4175,2012,18453,13657,4796
2013,46 years,10151,7591,2560,5010,3116,1894,15161,10707,4454,11362,8941,2421,5669,3920,1749,17031,12861,4170
2013,47 years,8718,6737,1981,4184,2603,1581,12902,9340,3562,9932,8036,1896,4854,3385,1469,14786,11421,3365
2013,48 years,8212,6298,1914,4149,2658,1491,12361,8956,3405,9342,7579,1763,4833,3439,1394,14175,11018,3157
2013,49 years,8000,6097,1903,3954,2509,1445,11954,8606,3348,9078,7302,1776,4604,3252,1352,13682,10554,3128
2013,50 years,7264,5770,1494,3870,2453,1417,11134,8223,2911,8314,6935,1379,4542,3159,1383,12856,10094,2762
2013,51 years,6617,5203,1414,3421,2318,1103,10038,7521,2517,7597,6186,1411,4033,2965,1068,11630,9151,2479
2013,52 years,6186,4938,1248,3306,2209,1097,9492,7147,2345,7111,5919,1192,3876,2827,1049,10987,8746,2241
2013,53 years,5979,4841,1138,3213,2210,1003,9192,7051,2141,6848,5679,1169,3752,2777,975,10600,8456,2144
2013,54 years,5299,4304,995,2932,1965,967,8231,6269,1962,6036,5106,930,3403,2488,915,9439,7594,1845
2013,55 years,4798,4010,788,2748,1961,787,7546,5971,1575,5508,4772,736,3226,2423,803,8734,7195,1539
2013,56 years,4212,3547,665,2513,1811,702,6725,5358,1367,4880,4233,647,2923,2244,679,7803,6477,1326
2013,57 years,3775,3257,518,2216,1661,555,5991,4918,1073,4388,3850,538,2550,2054,496,6938,5904,1034
2013,58 years,3158,2793,365,2053,1532,521,5211,4325,886,3717,3372,345,2364,1912,452,6081,5284,797
2013,59 years,2619,2329,290,1789,1402,387,4408,3731,677,3139,2875,264,2127,1748,379,5266,4623,643
2013,60 years,2132,1947,185,1544,1264,280,3676,3211,465,2609,2442,167,1872,1592,280,4481,4034,447
2013,61 years,1668,1578,90,1367,1225,142,3035,2803,232,2130,2064,66,1643,1536,107,3773,3600,173
2013,62 years,1471,1371,100,1229,1124,105,2700,2495,205,1912,1830,82,1526,1413,113,3438,3243,195
2013,63 years,1155,1246,-91,1136,1126,10,2291,2372,-81,1581,1749,-168,1383,1435,-52,2964,3184,-220
2013,64 years,981,1192,-211,997,1000,-3,1978,2192,-214,1385,1649,-264,1256,1270,-14,2641,2919,-278
2013,65 years,874,1295,-421,859,1009,-150,1733,2304,-571,1357,1778,-421,1155,1286,-131,2512,3064,-552
2013,66 years,736,1124,-388,762,936,-174,1498,2060,-562,1091,1562,-471,965,1179,-214,2056,2741,-685
2013,67 years,664,860,-196,642,698,-56,1306,1558,-252,961,1210,-249,804,907,-103,1765,2117,-352
2013,68 years,503,759,-256,482,608,-126,985,1367,-382,763,1062,-299,623,794,-171,1386,1856,-470
2013,69 years,429,640,-211,454,544,-90,883,1184,-301,727,974,-247,622,716,-94,1349,1690,-341
2013,70 years,377,626,-249,411,505,-94,788,1131,-343,631,964,-333,576,720,-144,1207,1684,-477
2013,71 years,386,582,-196,387,459,-72,773,1041,-268,644,877,-233,532,664,-132,1176,1541,-365
2013,72 years,321,548,-227,345,435,-90,666,983,-317,606,866,-260,489,632,-143,1095,1498,-403
2013,73 years,341,545,-204,344,444,-100,685,989,-304,552,834,-282,474,617,-143,1026,1451,-425
2013,74 years,273,473,-200,325,385,-60,598,858,-260,461,737,-276,455,537,-82,916,1274,-358
2013,75 years,241,438,-197,271,352,-81,512,790,-278,402,637,-235,380,497,-117,782,1134,-352
2013,76 years,219,422,-203,265,347,-82,484,769,-285,342,591,-249,350,494,-144,692,1085,-393
2013,77 years,188,345,-157,239,309,-70,427,654,-227,289,488,-199,324,420,-96,613,908,-295
2013,78 years,145,264,-119,238,256,-18,383,520,-137,231,393,-162,308,360,-52,539,753,-214
2013,79 years,143,243,-100,193,224,-31,336,467,-131,212,336,-124,250,329,-79,462,665,-203
2013,80 years,117,274,-157,179,243,-64,296,517,-221,170,342,-172,220,326,-106,390,668,-278
2013,81 years,89,184,-95,159,206,-47,248,390,-142,131,244,-113,200,282,-82,331,526,-195
2013,82 years,79,138,-59,139,152,-13,218,290,-72,107,203,-96,167,221,-54,274,424,-150
2013,83 years,69,155,-86,140,145,-5,209,300,-91,109,219,-110,176,216,-40,285,435,-150
2013,84 years,53,100,-47,123,135,-12,176,235,-59,89,170,-81,157,226,-69,246,396,-150
2013,85 years,51,81,-30,94,126,-32,145,207,-62,75,132,-57,122,177,-55,197,309,-112
2013,86 years,41,75,-34,69,68,1,110,143,-33,67,117,-50,94,134,-40,161,251,-90
2013,87 years,33,58,-25,64,64,0,97,122,-25,52,88,-36,89,124,-35,141,212,-71
2013,88 years,19,38,-19,47,48,-1,66,86,-20,32,72,-40,58,95,-37,90,167,-77
2013,89 years,18,36,-18,39,60,-21,57,96,-39,23,60,-37,50,95,-45,73,155,-82
2013,90 years,13,35,-22,27,54,-27,40,89,-49,22,55,-33,34,99,-65,56,154,-98
2013,91 years,19,20,-1,23,37,-14,42,57,-15,19,38,-19,31,80,-49,50,118,-68
2013,92 years,8,18,-10,26,20,6,34,38,-4,9,32,-23,33,49,-16,42,81,-39
2013,93 years,9,13,-4,10,11,-1,19,24,-5,12,20,-8,13,53,-40,25,73,-48
2013,94 years,8,7,1,10,16,-6,18,23,-5,10,16,-6,17,39,-22,27,55,-28
2013,95 years and over,18,34,-16,15,58,-43,33,92,-59,22,51,-29,22,98,-76,44,149,-105
2013,Total,673446,423994,249452,434622,233610,201012,1108068,657604,450464,738740,498936,239804,487753,298950,188803,1226493,797886,428607
2014,under 1 year,3120,708,2412,2825,663,2162,5945,1371,4574,4447,1064,3383,4059,988,3071,8506,2052,6454
2014,1 year,7148,2212,4936,6618,2142,4476,13766,4354,9412,8713,3253,5460,8069,3143,4926,16782,6396,10386
2014,2 years,7348,2386,4962,6832,2287,4545,14180,4673,9507,8546,3450,5096,7917,3234,4683,16463,6684,9779
2014,3 years,6840,2357,4483,6446,2211,4235,13286,4568,8718,7888,3486,4402,7371,3176,4195,15259,6662,8597
2014,4 years,6764,2405,4359,6268,2200,4068,13032,4605,8427,7771,3475,4296,7198,3214,3984,14969,6689,8280
2014,5 years,6681,2301,4380,6205,2157,4048,12886,4458,8428,7567,3325,4242,6969,3226,3743,14536,6551,7985
2014,6 years,6260,2243,4017,5918,2240,3678,12178,4483,7695,7177,3535,3642,6772,3446,3326,13949,6981,6968
2014,7 years,5556,1838,3718,5316,1857,3459,10872,3695,7177,6363,2801,3562,6090,2827,3263,12453,5628,6825
2014,8 years,5313,1642,3671,5047,1680,3367,10360,3322,7038,6073,2383,3690,5780,2450,3330,11853,4833,7020
2014,9 years,5112,1543,3569,4767,1507,3260,9879,3050,6829,5877,2273,3604,5509,2206,3303,11386,4479,6907
2014,10 years,5042,1528,3514,4606,1519,3087,9648,3047,6601,5754,2273,3481,5295,2218,3077,11049,4491,6558
2014,11 years,4708,1396,3312,4368,1333,3035,9076,2729,6347,5391,2045,3346,4990,1936,3054,10381,3981,6400
2014,12 years,4436,1374,3062,4003,1233,2770,8439,2607,5832,5063,2023,3040,4612,1834,2778,9675,3857,5818
2014,13 years,4511,1283,3228,4036,1214,2822,8547,2497,6050,5037,1802,3235,4578,1726,2852,9615,3528,6087
2014,14 years,4411,1311,3100,4047,1256,2791,8458,2567,5891,4957,1803,3154,4583,1748,2835,9540,3551,5989
2014,15 years,5022,1328,3694,3855,1266,2589,8877,2594,6283,5526,1781,3745,4350,1696,2654,9876,3477,6399
2014,16 years,6773,1518,5255,4383,1452,2931,11156,2970,8186,7339,1932,5407,4923,1912,3011,12262,3844,8418
2014,17 years,7248,1981,5267,4654,1772,2882,11902,3753,8149,7762,2378,5384,5195,2208,2987,12957,4586,8371
2014,18 years,12584,3331,9253,7766,2685,5081,20350,6016,14334,13410,3823,9587,8620,3171,5449,22030,6994,15036
2014,19 years,18765,6210,12555,13716,4888,8828,32481,11098,21383,19681,6839,12842,14651,5596,9055,34332,12435,21897
2014,20 years,23016,9352,13664,18472,7414,11058,41488,16766,24722,23984,10164,13820,19351,8265,11086,43335,18429,24906
2014,21 years,26258,13265,12993,21465,11786,9679,47723,25051,22672,27181,14247,12934,22377,12905,9472,49558,27152,22406
2014,22 years,28956,15721,13235,22570,13112,9458,51526,28833,22693,29949,16946,13003,23633,14635,8998,53582,31581,22001
2014,23 years,30812,16591,14221,22828,12513,10315,53640,29104,24536,31962,18095,13867,23983,14188,9795,55945,32283,23662
2014,24 years,32571,17860,14711,22164,12175,9989,54735,30035,24700,33838,19545,14293,23553,14182,9371,57391,33727,23664
2014,25 years,31460,17797,13663,20787,11191,9596,52247,28988,23259,32819,19858,12961,22159,13651,8508,54978,33509,21469
2014,26 years,31088,17621,13467,18706,10059,8647,49794,27680,22114,32628,19937,12691,20143,12742,7401,52771,32679,20092
2014,27 years,29059,17202,11857,17062,8963,8099,46121,26165,19956,30513,19706,10807,18524,11638,6886,49037,31344,17693
2014,28 years,27519,16505,11014,15602,8208,7394,43121,24713,18408,29002,18900,10102,17020,10765,6255,46022,29665,16357
2014,29 years,25994,15860,10134,14496,7410,7086,40490,23270,17220,27394,18161,9233,15843,9744,6099,43237,27905,15332
2014,30 years,24868,15324,9544,13345,6837,6508,38213,22161,16052,26245,17517,8728,14715,8987,5728,40960,26504,14456
2014,31 years,22949,14899,8050,12275,6366,5909,35224,21265,13959,24357,17008,7349,13623,8331,5292,37980,25339,12641
2014,32 years,22040,14535,7505,11732,6164,5568,33772,20699,13073,23501,16687,6814,13047,8088,4959,36548,24775,11773
2014,33 years,20656,13791,6865,10634,5639,4995,31290,19430,11860,22013,15788,6225,11907,7431,4476,33920,23219,10701
2014,34 years,21039,14001,7038,10253,5276,4977,31292,19277,12015,22340,15895,6445,11497,6894,4603,33837,22789,11048
2014,35 years,19413,13442,5971,9706,4923,4783,29119,18365,10754,20650,15223,5427,10774,6354,4420,31424,21577,9847
2014,36 years,18466,12785,5681,9201,4878,4323,27667,17663,10004,19747,14427,5320,10228,6307,3921,29975,20734,9241
2014,37 years,17994,12685,5309,8671,4574,4097,26665,17259,9406,19232,14360,4872,9671,5923,3748,28903,20283,8620
2014,38 years,17200,12231,4969,8312,4470,3842,25512,16701,8811,18331,13805,4526,9208,5644,3564,27539,19449,8090
2014,39 years,16498,11899,4599,8321,4427,3894,24819,16326,8493,17583,13247,4336,9114,5448,3666,26697,18695,8002
2014,40 years,16041,11586,4455,7908,4415,3493,23949,16001,7948,17119,12907,4212,8637,5360,3277,25756,18267,7489
2014,41 years,14573,10621,3952,7369,4124,3245,21942,14745,7197,15632,11880,3752,8073,4922,3151,23705,16802,6903
2014,42 years,14247,10382,3865,7247,4174,3073,21494,14556,6938,15256,11586,3670,7914,4953,2961,23170,16539,6631
2014,43 years,13346,9898,3448,6933,4043,2890,20279,13941,6338,14415,11128,3287,7578,4810,2768,21993,15938,6055
2014,44 years,13319,9718,3601,6724,3926,2798,20043,13644,6399,14400,10953,3447,7385,4692,2693,21785,15645,6140
2014,45 years,12769,9530,3239,6297,3709,2588,19066,13239,5827,13886,10796,3090,6968,4473,2495,20854,15269,5585
2014,46 years,12157,8992,3165,6152,3724,2428,18309,12716,5593,13276,10325,2951,6836,4470,2366,20112,14795,5317
2014,47 years,11200,8270,2930,5697,3475,2222,16897,11745,5152,12365,9580,2785,6343,4273,2070,18708,13853,4855
2014,48 years,9452,7112,2340,4831,2925,1906,14283,10037,4246,10592,8398,2194,5504,3738,1766,16096,12136,3960
2014,49 years,8751,6754,1997,4761,2892,1869,13512,9646,3866,9784,7972,1812,5431,3668,1763,15215,11640,3575
2014,50 years,8236,6499,1737,4493,2865,1628,12729,9364,3365,9331,7743,1588,5126,3636,1490,14457,11379,3078
2014,51 years,7415,5963,1452,4186,2742,1444,11601,8705,2896,8416,7077,1339,4800,3397,1403,13216,10474,2742
2014,52 years,6928,5529,1399,3899,2529,1370,10827,8058,2769,7790,6625,1165,4491,3122,1369,12281,9747,2534
2014,53 years,6529,5204,1325,3650,2424,1226,10179,7628,2551,7412,6201,1211,4244,3007,1237,11656,9208,2448
2014,54 years,6175,5105,1070,3583,2384,1199,9758,7489,2269,7017,6034,983,4056,2944,1112,11073,8978,2095
2014,55 years,5388,4524,864,3244,2211,1033,8632,6735,1897,6157,5351,806,3719,2721,998,9876,8072,1804
2014,56 years,4674,4099,575,2961,2108,853,7635,6207,1428,5325,4828,497,3392,2557,835,8717,7385,1332
2014,57 years,4258,3681,577,2613,1931,682,6871,5612,1259,4917,4347,570,3003,2325,678,7920,6672,1248
2014,58 years,3714,3229,485,2323,1744,579,6037,4973,1064,4274,3844,430,2696,2083,613,6970,5927,1043
2014,59 years,3198,2995,203,2117,1673,444,5315,4668,647,3696,3571,125,2449,2004,445,6145,5575,570
2014,60 years,2664,2425,239,1890,1563,327,4554,3988,566,3213,2984,229,2241,1872,369,5454,4856,598
2014,61 years,2024,1974,50,1637,1391,246,3661,3365,296,2456,2460,-4,1928,1687,241,4384,4147,237
2014,62 years,1670,1660,10,1571,1337,234,3241,2997,244,2157,2190,-33,1839,1618,221,3996,3808,188
2014,63 years,1380,1508,-128,1320,1242,78,2700,2750,-50,1811,2061,-250,1594,1531,63,3405,3592,-187
2014,64 years,1199,1325,-126,1270,1162,108,2469,2487,-18,1640,1815,-175,1546,1458,88,3186,3273,-87
2014,65 years,1042,1355,-313,1099,1163,-64,2141,2518,-377,1533,1938,-405,1377,1501,-124,2910,3439,-529
2014,66 years,853,1230,-377,944,1080,-136,1797,2310,-513,1227,1724,-497,1179,1359,-180,2406,3083,-677
2014,67 years,696,968,-272,779,882,-103,1475,1850,-375,983,1329,-346,985,1111,-126,1968,2440,-472
2014,68 years,628,865,-237,698,761,-63,1326,1626,-300,884,1193,-309,859,948,-89,1743,2141,-398
2014,69 years,495,693,-198,551,619,-68,1046,1312,-266,746,996,-250,686,772,-86,1432,1768,-336
2014,70 years,435,671,-236,503,572,-69,938,1243,-305,677,1027,-350,644,787,-143,1321,1814,-493
2014,71 years,386,583,-197,434,529,-95,820,1112,-292,626,902,-276,578,708,-130,1204,1610,-406
2014,72 years,383,605,-222,447,494,-47,830,1099,-269,619,901,-282,566,673,-107,1185,1574,-389
2014,73 years,360,582,-222,387,463,-76,747,1045,-298,621,897,-276,538,660,-122,1159,1557,-398
2014,74 years,341,576,-235,426,476,-50,767,1052,-285,543,837,-294,564,655,-91,1107,1492,-385
2014,75 years,279,513,-234,363,461,-98,642,974,-332,476,766,-290,497,633,-136,973,1399,-426
2014,76 years,276,457,-181,339,401,-62,615,858,-243,419,641,-222,435,527,-92,854,1168,-314
2014,77 years,202,403,-201,330,345,-15,532,748,-216,331,558,-227,404,473,-69,735,1031,-296
2014,78 years,178,346,-168,283,295,-12,461,641,-180,274,475,-201,372,423,-51,646,898,-252
2014,79 years,158,275,-117,281,280,1,439,555,-116,236,381,-145,355,393,-38,591,774,-183
2014,80 years,146,314,-168,217,261,-44,363,575,-212,199,413,-214,273,350,-77,472,763,-291
2014,81 years,114,232,-118,182,207,-25,296,439,-143,152,308,-156,219,286,-67,371,594,-223
2014,82 years,86,152,-66,172,200,-28,258,352,-94,117,213,-96,211,287,-76,328,500,-172
2014,83 years,85,144,-59,144,155,-11,229,299,-70,122,209,-87,171,229,-58,293,438,-145
2014,84 years,75,119,-44,150,143,7,225,262,-37,106,169,-63,182,234,-52,288,403,-115
2014,85 years,63,94,-31,115,137,-22,178,231,-53,84,138,-54,145,192,-47,229,330,-101
2014,86 years,60,87,-27,91,94,-3,151,181,-30,79,134,-55,116,150,-34,195,284,-89
2014,87 years,40,70,-30,80,80,0,120,150,-30,55,116,-61,96,145,-49,151,261,-110
2014,88 years,30,50,-20,59,70,-11,89,120,-31,43,83,-40,87,122,-35,130,205,-75
2014,89 years,27,36,-9,56,73,-17,83,109,-26,31,60,-29,71,126,-55,102,186,-84
2014,90 years,10,36,-26,39,64,-25,49,100,-51,16,61,-45,58,118,-60,74,179,-105
2014,91 years,12,18,-6,28,40,-12,40,58,-18,21,37,-16,38,83,-45,59,120,-61
2014,92 years,12,23,-11,25,21,4,37,44,-7,20,40,-20,33,62,-29,53,102,-49
2014,93 years,11,15,-4,12,24,-12,23,39,-16,15,28,-13,16,57,-41,31,85,-54
2014,94 years,4,14,-10,7,24,-17,11,38,-27,4,23,-19,12,42,-30,16,65,-49
2014,95 years and over,17,64,-47,25,97,-72,42,161,-119,27,82,-55,29,142,-113,56,224,-168
2014,Total,820309,494434,325875,522220,271171,251049,1342529,765605,576924,887234,574595,312639,577490,339646,237844,1464724,914241,550483
2015,under 1 year,7247,1135,6112,5927,1002,4925,13174,2137,11037,8590,1507,7083,7169,1322,5847,15759,2829,12930
2015,1 year,13533,3094,10439,12051,2908,9143,25584,6002,19582,15057,4098,10959,13548,3921,9627,28605,8019,20586
2015,2 years,13606,3126,10480,11723,2984,8739,25329,6110,19219,14783,4057,10726,12785,3905,8880,27568,7962,19606
2015,3 years,13487,3168,10319,11779,2977,8802,25266,6145,19121,14584,4186,10398,12771,3903,8868,27355,8089,19266
2015,4 years,12838,2950,9888,11250,2863,8387,24088,5813,18275,13754,3875,9879,12156,3838,8318,25910,7713,18197
2015,5 years,13176,3121,10055,10995,2741,8254,24171,5862,18309,14080,4136,9944,11814,3696,8118,25894,7832,18062
2015,6 years,12460,2985,9475,10800,2884,7916,23260,5869,17391,13276,4178,9098,11622,3986,7636,24898,8164,16734
2015,7 years,12203,2714,9489,10274,2528,7746,22477,5242,17235,12986,3578,9408,11040,3381,7659,24026,6959,17067
2015,8 years,11155,2272,8883,9338,2138,7200,20493,4410,16083,11859,3029,8830,10074,2857,7217,21933,5886,16047
2015,9 years,10498,2241,8257,8599,1974,6625,19097,4215,14882,11183,2887,8296,9294,2640,6654,20477,5527,14950
2015,10 years,10547,2156,8391,8465,1948,6517,19012,4104,14908,11276,2861,8415,9168,2592,6576,20444,5453,14991
2015,11 years,9718,2168,7550,7858,1970,5888,17576,4138,13438,10335,2758,7577,8497,2526,5971,18832,5284,13548
2015,12 years,9610,1949,7661,7368,1720,5648,16978,3669,13309,10246,2526,7720,7953,2310,5643,18199,4836,13363
2015,13 years,9688,1940,7748,6942,1621,5321,16630,3561,13069,10226,2451,7775,7478,2108,5370,17704,4559,13145
2015,14 years,10908,2064,8844,6820,1773,5047,17728,3837,13891,11454,2517,8937,7356,2241,5115,18810,4758,14052
2015,15 years,14305,2253,12052,7431,1753,5678,21736,4006,17730,14866,2725,12141,7950,2211,5739,22816,4936,17880
2015,16 years,21548,2945,18603,7659,1918,5741,29207,4863,24344,22134,3335,18799,8192,2343,5849,30326,5678,24648
2015,17 years,22470,3520,18950,8064,2278,5786,30534,5798,24736,23042,3886,19156,8578,2635,5943,31620,6521,25099
2015,18 years,36615,5698,30917,12174,3353,8821,48789,9051,39738,37524,6140,31384,13072,3822,9250,50596,9962,40634
2015,19 years,40813,8884,31929,18732,5344,13388,59545,14228,45317,41777,9461,32316,19720,5994,13726,61497,15455,46042
2015,20 years,46513,12917,33596,23801,8114,15687,70314,21031,49283,47284,13586,33698,24686,8927,15759,71970,22513,49457
2015,21 years,46671,16766,29905,26356,12516,13840,73027,29282,43745,47495,17705,29790,27271,13532,13739,74766,31237,43529
2015,22 years,48852,18824,30028,27176,13834,13342,76028,32658,43370,49842,19993,29849,28161,15134,13027,78003,35127,42876
2015,23 years,50263,19751,30512,27623,13135,14488,77886,32886,45000,51323,21061,30262,28787,14723,14064,80110,35784,44326
2015,24 years,49076,20049,29027,26790,12619,14171,75866,32668,43198,50344,21651,28693,28025,14392,13633,78369,36043,42326
2015,25 years,52104,21060,31044,26251,12012,14239,78355,33072,45283,53412,23003,30409,27603,14435,13168,81015,37438,43577
2015,26 years,47440,20262,27178,24182,10889,13293,71622,31151,40471,48824,22474,26350,25597,13425,12172,74421,35899,38522
2015,27 years,45840,19945,25895,22393,9767,12626,68233,29712,38521,47242,22386,24856,23965,12474,11491,71207,34860,36347
2015,28 years,41963,19110,22853,20540,8834,11706,62503,27944,34559,43439,21410,22029,21986,11363,10623,65425,32773,32652
2015,29 years,38613,18284,20329,18620,8139,10481,57233,26423,30810,39936,20538,19398,20045,10378,9667,59981,30916,29065
2015,30 years,37189,17382,19807,18197,7637,10560,55386,25019,30367,38547,19494,19053,19593,9702,9891,58140,29196,28944
2015,31 years,33432,16668,16764,16564,6963,9601,49996,23631,26365,34848,18748,16100,17945,8882,9063,52793,27630,25163
2015,32 years,30814,15535,15279,15293,6537,8756,46107,22072,24035,32217,17506,14711,16624,8336,8288,48841,25842,22999
2015,33 years,29522,15078,14444,14366,6161,8205,43888,21239,22649,30843,16893,13950,15612,7810,7802,46455,24703,21752
2015,34 years,27167,14470,12697,13198,5771,7427,40365,20241,20124,28509,16241,12268,14363,7313,7050,42872,23554,19318
2015,35 years,28422,14462,13960,13599,5670,7929,42021,20132,21889,29769,16112,13657,14739,7102,7637,44508,23214,21294
2015,36 years,24958,13471,11487,12396,5303,7093,37354,18774,18580,26146,15047,11099,13453,6596,6857,39599,21643,17956
2015,37 years,23624,13087,10537,11485,5090,6395,35109,18177,16932,24799,14590,10209,12421,6288,6133,37220,20878,16342
2015,38 years,22908,13008,9900,11112,4899,6213,34020,17907,16113,24083,14458,9625,12028,6007,6021,36111,20465,15646
2015,39 years,21457,12548,8909,10271,4773,5498,31728,17321,14407,22558,13930,8628,11076,5785,5291,33634,19715,13919
2015,40 years,20933,12130,8803,10380,4811,5569,31313,16941,14372,22001,13257,8744,11119,5679,5440,33120,18936,14184
2015,41 years,19580,11688,7892,9805,4558,5247,29385,16246,13139,20512,12774,7738,10515,5294,5221,31027,18068,12959
2015,42 years,17797,10769,7028,9288,4258,5030,27085,15027,12058,18797,11805,6992,9923,4921,5002,28720,16726,11994
2015,43 years,17221,10457,6764,8830,4342,4488,26051,14799,11252,18205,11444,6761,9441,5075,4366,27646,16519,11127
2015,44 years,16323,9901,6422,8319,4138,4181,24642,14039,10603,17255,10965,6290,8916,4824,4092,26171,15789,10382
2015,45 years,15916,9759,6157,8174,4140,4034,24090,13899,10191,16924,10848,6076,8771,4801,3970,25695,15649,10046
2015,46 years,15070,9526,5544,7633,3781,3852,22703,13307,9396,16136,10643,5493,8255,4508,3747,24391,15151,9240
2015,47 years,14124,8947,5177,7360,3682,3678,21484,12629,8855,15213,10154,5059,7992,4391,3601,23205,14545,8660
2015,48 years,12718,8190,4528,6661,3566,3095,19379,11756,7623,13839,9390,4449,7316,4245,3071,21155,13635,7520
2015,49 years,10693,7026,3667,5633,3050,2583,16326,10076,6250,11757,8214,3543,6255,3721,2534,18012,11935,6077
2015,50 years,9912,6589,3323,5516,2966,2550,15428,9555,5873,10902,7702,3200,6139,3593,2546,17041,11295,5746
2015,51 years,9119,6235,2884,4945,2917,2028,14064,9152,4912,10105,7262,2843,5582,3604,1978,15687,10866,4821
2015,52 years,8452,5835,2617,4822,2790,2032,13274,8625,4649,9413,6806,2607,5412,3390,2022,14825,10196,4629
2015,53 years,7691,5318,2373,4377,2588,1789,12068,7906,4162,8621,6213,2408,4898,3161,1737,13519,9374,4145
2015,54 years,6851,4853,1998,4093,2496,1597,10944,7349,3595,7665,5696,1969,4641,3000,1641,12306,8696,3610
2015,55 years,6559,4675,1884,4140,2471,1669,10699,7146,3553,7347,5459,1888,4592,2927,1665,11939,8386,3553
2015,56 years,5523,4244,1279,3318,2217,1101,8841,6461,2380,6195,4947,1248,3774,2640,1134,9969,7587,2382
2015,57 years,5025,3697,1328,3277,2127,1150,8302,5824,2478,5666,4310,1356,3695,2545,1150,9361,6855,2506
2015,58 years,4321,3373,948,2833,1942,891,7154,5315,1839,4893,3931,962,3200,2296,904,8093,6227,1866
2015,59 years,3780,2934,846,2563,1760,803,6343,4694,1649,4312,3434,878,2908,2053,855,7220,5487,1733
2015,60 years,3301,2490,811,2448,1729,719,5749,4219,1530,3803,2988,815,2784,2034,750,6587,5022,1565
2015,61 years,2660,2124,536,1964,1560,404,4624,3684,940,3103,2578,525,2281,1879,402,5384,4457,927
2015,62 years,2064,1672,392,1669,1253,416,3733,2925,808,2490,2094,396,1968,1523,445,4458,3617,841
2015,63 years,1725,1489,236,1577,1300,277,3302,2789,513,2195,2036,159,1889,1615,274,4084,3651,433
2015,64 years,1445,1335,110,1263,1166,97,2708,2501,207,1855,1764,91,1496,1433,63,3351,3197,154
2015,65 years,1358,1296,62,1360,1172,188,2718,2468,250,1855,1808,47,1642,1447,195,3497,3255,242
2015,66 years,947,1200,-253,1052,1091,-39,1999,2291,-292,1369,1676,-307,1295,1359,-64,2664,3035,-371
2015,67 years,855,1010,-155,911,882,29,1766,1892,-126,1140,1345,-205,1129,1079,50,2269,2424,-155
2015,68 years,738,886,-148,790,807,-17,1528,1693,-165,1029,1225,-196,976,982,-6,2005,2207,-202
2015,69 years,615,746,-131,654,713,-59,1269,1459,-190,860,1020,-160,796,857,-61,1656,1877,-221
2015,70 years,532,658,-126,582,573,9,1114,1231,-117,744,902,-158,710,719,-9,1454,1621,-167
2015,71 years,436,564,-128,508,517,-9,944,1081,-137,672,831,-159,647,679,-32,1319,1510,-191
2015,72 years,376,538,-162,437,467,-30,813,1005,-192,599,781,-182,576,620,-44,1175,1401,-226
2015,73 years,366,507,-141,412,480,-68,778,987,-209,580,740,-160,530,601,-71,1110,1341,-231
2015,74 years,338,495,-157,383,409,-26,721,904,-183,547,770,-223,535,554,-19,1082,1324,-242
2015,75 years,353,521,-168,394,406,-12,747,927,-180,546,758,-212,522,553,-31,1068,1311,-243
2015,76 years,251,424,-173,306,354,-48,557,778,-221,418,607,-189,421,488,-67,839,1095,-256
2015,77 years,264,397,-133,309,368,-59,573,765,-192,374,534,-160,408,512,-104,782,1046,-264
2015,78 years,208,340,-132,300,294,6,508,634,-126,299,471,-172,371,387,-16,670,858,-188
2015,79 years,182,293,-111,231,251,-20,413,544,-131,261,407,-146,291,357,-66,552,764,-212
2015,80 years,167,293,-126,226,235,-9,393,528,-135,255,404,-149,280,340,-60,535,744,-209
2015,81 years,131,270,-139,203,199,4,334,469,-135,179,338,-159,263,290,-27,442,628,-186
2015,82 years,111,197,-86,159,198,-39,270,395,-125,154,254,-100,195,255,-60,349,509,-160
2015,83 years,97,159,-62,151,147,4,248,306,-58,125,208,-83,181,203,-22,306,411,-105
2015,84 years,88,131,-43,130,129,1,218,260,-42,110,175,-65,171,198,-27,281,373,-92
2015,85 years,65,127,-62,148,154,-6,213,281,-68,90,164,-74,180,217,-37,270,381,-111
2015,86 years,44,92,-48,84,100,-16,128,192,-64,68,137,-69,108,164,-56,176,301,-125
2015,87 years,48,65,-17,96,105,-9,144,170,-26,67,98,-31,114,160,-46,181,258,-77
2015,88 years,29,71,-42,66,77,-11,95,148,-53,44,92,-48,83,130,-47,127,222,-95
2015,89 years,29,42,-13,71,70,1,100,112,-12,41,68,-27,92,107,-15,133,175,-42
2015,90 years,13,52,-39,50,64,-14,63,116,-53,24,76,-52,61,117,-56,85,193,-108
2015,91 years,16,24,-8,35,56,-21,51,80,-29,21,41,-20,42,82,-40,63,123,-60
2015,92 years,15,17,-2,18,26,-8,33,43,-10,19,27,-8,24,49,-25,43,76,-33
2015,93 years,7,12,-5,11,27,-16,18,39,-21,9,22,-13,26,45,-19,35,67,-32
2015,94 years,8,17,-9,10,29,-19,18,46,-28,13,20,-7,20,52,-32,33,72,-39
2015,95 years and over,18,59,-41,43,112,-69,61,171,-110,22,76,-54,56,156,-100,78,232,-154
2015,Total,1300761,559819,740942,715480,299460,416020,2016241,859279,1156962,1366230,633806,732424,770724,363746,406978,2136954,997552,1139402
2016,under 1 year,3500,1442,2058,3231,1410,1821,6731,2852,3879,4711,2097,2614,4353,2011,2342,9064,4108,4956
2016,1 year,11346,5141,6205,10295,4528,5767,21641,9669,11972,12965,6675,6290,11874,6009,5865,24839,12684,12155
2016,2 years,11777,4993,6784,10892,4546,6346,22669,9539,13130,13049,6508,6541,12123,6028,6095,25172,12536,12636
2016,3 years,11178,4845,6333,10297,4440,5857,21475,9285,12190,12247,6344,5903,11294,5739,5555,23541,12083,11458
2016,4 years,11221,4823,6398,10018,4209,5809,21239,9032,12207,12250,6250,6000,11019,5524,5495,23269,11774,11495
2016,5 years,10595,4506,6089,9531,4102,5429,20126,8608,11518,11500,5895,5605,10360,5414,4946,21860,11309,10551
2016,6 years,10367,4576,5791,9208,4127,5081,19575,8703,10872,11312,6215,5097,10103,5661,4442,21415,11876,9539
2016,7 years,9936,4094,5842,8945,3781,5164,18881,7875,11006,10729,5278,5451,9690,4926,4764,20419,10204,10215
2016,8 years,9704,3735,5969,8609,3324,5285,18313,7059,11254,10482,4776,5706,9381,4292,5089,19863,9068,10795
2016,9 years,8738,3420,5318,7790,3128,4662,16528,6548,9980,9507,4390,5117,8552,4104,4448,18059,8494,9565
2016,10 years,8576,3327,5249,7360,2971,4389,15936,6298,9638,9283,4282,5001,8071,3898,4173,17354,8180,9174
2016,11 years,8075,3304,4771,6939,2767,4172,15014,6071,8943,8731,4131,4600,7621,3610,4011,16352,7741,8611
2016,12 years,7632,3137,4495,6514,2720,3794,14146,5857,8289,8247,3950,4297,7146,3492,3654,15393,7442,7951
2016,13 years,7687,3006,4681,6368,2625,3743,14055,5631,8424,8320,3837,4483,6914,3349,3565,15234,7186,8048
2016,14 years,8202,3050,5152,5874,2399,3475,14076,5449,8627,8796,3786,5010,6399,3120,3279,15195,6906,8289
2016,15 years,10016,3364,6652,6170,2524,3646,16186,5888,10298,10587,4085,6502,6750,3200,3550,17337,7285,10052
2016,16 years,15476,4448,11028,7222,2713,4509,22698,7161,15537,16171,5261,10910,7817,3488,4329,23988,8749,15239
2016,17 years,21219,6282,14937,7408,3111,4297,28627,9393,19234,21799,7080,14719,7956,3853,4103,29755,10933,18822
2016,18 years,25339,9270,16069,10940,4142,6798,36279,13412,22867,26456,10907,15549,12054,5524,6530,38510,16431,22079
2016,19 years,32989,16054,16935,17870,6627,11243,50859,22681,28178,34386,18665,15721,19282,8708,10574,53668,27373,26295
2016,20 years,35273,19737,15536,22599,9920,12679,57872,29657,28215,36629,22833,13796,23865,12266,11599,60494,35099,25395
2016,21 years,36936,24400,12536,25490,14630,10860,62426,39030,23396,38422,28044,10378,26690,17071,9619,65112,45115,19997
2016,22 years,38776,25999,12777,25598,15994,9604,64374,41993,22381,40377,30119,10258,26871,18685,8186,67248,48804,18444
2016,23 years,39293,26590,12703,25775,14806,10969,65068,41396,23672,41089,31390,9699,27194,17871,9323,68283,49261,19022
2016,24 years,39198,27096,12102,24877,14205,10672,64075,41301,22774,41052,32171,8881,26455,17477,8978,67507,49648,17859
2016,25 years,38074,26550,11524,23387,13049,10338,61461,39599,21862,40032,32081,7951,24977,16651,8326,65009,48732,16277
2016,26 years,38795,28011,10784,22679,12700,9979,61474,40711,20763,41008,34228,6780,24386,16652,7734,65394,50880,14514
2016,27 years,36077,26070,10007,20968,11323,9645,57045,37393,19652,38363,32179,6184,22653,15103,7550,61016,47282,13734
2016,28 years,34712,25572,9140,18846,10533,8313,53558,36105,17453,36949,31505,5444,20516,14328,6188,57465,45833,11632
2016,29 years,31701,23746,7955,17636,9709,7927,49337,33455,15882,33839,29437,4402,19222,13068,6154,53061,42505,10556
2016,30 years,29612,22374,7238,16521,8905,7616,46133,31279,14854,31659,27879,3780,18065,11935,6130,49724,39814,9910
2016,31 years,28717,21630,7087,15400,8145,7255,44117,29775,14342,30756,26859,3897,16893,10950,5943,47649,37809,9840
2016,32 years,25760,19712,6048,14038,7688,6350,39798,27400,12398,27778,24888,2890,15432,10228,5204,43210,35116,8094
2016,33 years,23816,18471,5345,13070,7085,5985,36886,25556,11330,25713,23206,2507,14470,9466,5004,40183,32672,7511
2016,34 years,23007,17919,5088,12110,6777,5333,35117,24696,10421,24942,22518,2424,13438,9010,4428,38380,31528,6852
2016,35 years,21518,16973,4545,11296,6256,5040,32814,23229,9585,23304,21290,2014,12558,8309,4249,35862,29599,6263
2016,36 years,21813,17348,4465,11140,6293,4847,32953,23641,9312,23636,21613,2023,12346,8201,4145,35982,29814,6168
2016,37 years,19817,15696,4121,10195,5863,4332,30012,21559,8453,21519,19513,2006,11313,7756,3557,32832,27269,5563
2016,38 years,19218,15448,3770,9872,5530,4342,29090,20978,8112,20753,19094,1659,10854,7190,3664,31607,26284,5323
2016,39 years,18251,14868,3383,9447,5586,3861,27698,20454,7244,19750,18134,1616,10392,7158,3234,30142,25292,4850
2016,40 years,17505,14375,3130,9226,5405,3821,26731,19780,6951,18888,17493,1395,10044,6808,3236,28932,24301,4631
2016,41 years,17308,14290,3018,8731,5322,3409,26039,19612,6427,18603,17169,1434,9484,6655,2829,28087,23824,4263
2016,42 years,15986,13407,2579,8417,5129,3288,24403,18536,5867,17217,16073,1144,9117,6269,2848,26334,22342,3992
2016,43 years,14845,12294,2551,8005,4925,3080,22850,17219,5631,15941,14701,1240,8677,5981,2696,24618,20682,3936
2016,44 years,14415,11909,2506,7432,4774,2658,21847,16683,5164,15584,14421,1163,8089,5878,2211,23673,20299,3374
2016,45 years,13742,11375,2367,7271,4567,2704,21013,15942,5071,14971,14004,967,7920,5687,2233,22891,19691,3200
2016,46 years,13379,11224,2155,7002,4495,2507,20381,15719,4662,14633,13867,766,7665,5586,2079,22298,19453,2845
2016,47 years,12336,10593,1743,6656,4409,2247,18992,15002,3990,13588,13262,326,7332,5620,1712,20920,18882,2038
2016,48 years,12010,10097,1913,6492,4334,2158,18502,14431,4071,13331,12776,555,7249,5548,1701,20580,18324,2256
2016,49 years,10992,9230,1762,5681,3749,1932,16673,12979,3694,12307,11883,424,6382,4898,1484,18689,16781,1908
2016,50 years,9165,7711,1454,4991,3379,1612,14156,11090,3066,10416,10260,156,5681,4592,1089,16097,14852,1245
2016,51 years,8546,7171,1375,4755,3252,1503,13301,10423,2878,9764,9571,193,5413,4341,1072,15177,13912,1265
2016,52 years,7782,6901,881,4234,2991,1243,12016,9892,2124,9007,9261,-254,4865,4026,839,13872,13287,585
2016,53 years,6949,6101,848,4124,3052,1072,11073,9153,1920,8077,8293,-216,4703,3974,729,12780,12267,513
2016,54 years,6286,5704,582,3643,2690,953,9929,8394,1535,7362,7739,-377,4214,3567,647,11576,11306,270
2016,55 years,5665,5119,546,3369,2593,776,9034,7712,1322,6605,7029,-424,3925,3431,494,10530,10460,70
2016,56 years,5646,4955,691,3337,2506,831,8983,7461,1522,6565,6660,-95,3849,3289,560,10414,9949,465
2016,57 years,4654,4261,393,2812,2272,540,7466,6533,933,5488,5815,-327,3287,2987,300,8775,8802,-27
2016,58 years,4164,3804,360,2550,2158,392,6714,5962,752,4904,5161,-257,2982,2803,179,7886,7964,-78
2016,59 years,3504,3283,221,2348,2058,290,5852,5341,511,4097,4471,-374,2722,2668,54,6819,7139,-320
2016,60 years,3059,3044,15,2097,1814,283,5156,4858,298,3632,4161,-529,2464,2324,140,6096,6485,-389
2016,61 years,2597,2568,29,1923,1732,191,4520,4300,220,3184,3558,-374,2234,2217,17,5418,5775,-357
2016,62 years,2174,2115,59,1663,1473,190,3837,3588,249,2657,3048,-391,1961,1931,30,4618,4979,-361
2016,63 years,1660,1737,-77,1404,1374,30,3064,3111,-47,2140,2657,-517,1699,1823,-124,3839,4480,-641
2016,64 years,1431,1440,-9,1268,1217,51,2699,2657,42,1939,2303,-364,1552,1618,-66,3491,3921,-430
2016,65 years,1133,1309,-176,1063,1113,-50,2196,2422,-226,1633,2161,-528,1341,1525,-184,2974,3686,-712
2016,66 years,1047,1285,-238,1095,1152,-57,2142,2437,-295,1483,2087,-604,1315,1493,-178,2798,3580,-782
2016,67 years,746,951,-205,889,1008,-119,1635,1959,-324,1108,1622,-514,1119,1338,-219,2227,2960,-733
2016,68 years,683,823,-140,758,863,-105,1441,1686,-245,966,1364,-398,960,1189,-229,1926,2553,-627
2016,69 years,592,730,-138,656,703,-47,1248,1433,-185,873,1203,-330,826,937,-111,1699,2140,-441
2016,70 years,511,683,-172,565,679,-114,1076,1362,-286,740,1111,-371,677,895,-218,1417,2006,-589
2016,71 years,464,585,-121,555,499,56,1019,1084,-65,653,915,-262,670,698,-28,1323,1613,-290
2016,72 years,323,488,-165,452,488,-36,775,976,-201,553,878,-325,584,714,-130,1137,1592,-455
2016,73 years,313,472,-159,375,416,-41,688,888,-200,539,852,-313,490,613,-123,1029,1465,-436
2016,74 years,257,440,-183,337,400,-63,594,840,-246,470,751,-281,453,605,-152,923,1356,-433
2016,75 years,263,421,-158,313,322,-9,576,743,-167,463,742,-279,438,580,-142,901,1322,-421
2016,76 years,269,420,-151,307,349,-42,576,769,-193,438,716,-278,427,569,-142,865,1285,-420
2016,77 years,198,329,-131,295,322,-27,493,651,-158,366,580,-214,410,532,-122,776,1112,-336
2016,78 years,184,293,-109,224,287,-63,408,580,-172,299,531,-232,309,489,-180,608,1020,-412
2016,79 years,133,288,-155,236,258,-22,369,546,-177,232,465,-233,309,461,-152,541,926,-385
2016,80 years,128,227,-99,210,259,-49,338,486,-148,209,396,-187,303,450,-147,512,846,-334
2016,81 years,121,197,-76,183,184,-1,304,381,-77,195,345,-150,243,330,-87,438,675,-237
2016,82 years,102,181,-79,161,163,-2,263,344,-81,145,292,-147,206,314,-108,351,606,-255
2016,83 years,82,165,-83,145,127,18,227,292,-65,120,259,-139,177,254,-77,297,513,-216
2016,84 years,79,114,-35,146,124,22,225,238,-13,100,189,-89,182,233,-51,282,422,-140
2016,85 years,61,93,-32,113,117,-4,174,210,-36,82,165,-83,142,263,-121,224,428,-204
2016,86 years,52,69,-17,116,109,7,168,178,-10,76,111,-35,142,246,-104,218,357,-139
2016,87 years,43,65,-22,99,61,38,142,126,16,65,126,-61,122,167,-45,187,293,-106
2016,88 years,44,48,-4,59,63,-4,103,111,-8,52,89,-37,92,164,-72,144,253,-109
2016,89 years,19,31,-12,67,60,7,86,91,-5,34,94,-60,96,166,-70,130,260,-130
2016,90 years,11,32,-21,27,58,-31,38,90,-52,20,74,-54,50,176,-126,70,250,-180
2016,91 years,17,22,-5,41,39,2,58,61,-3,24,47,-23,60,132,-72,84,179,-95
2016,92 years,6,19,-13,36,25,11,42,44,-2,10,42,-32,49,93,-44,59,135,-76
2016,93 years,9,16,-7,19,12,7,28,28,0,14,35,-21,31,76,-45,45,111,-66
2016,94 years,5,9,-4,10,22,-12,15,31,-16,7,29,-22,18,83,-65,25,112,-87
2016,95 years and over,15,31,-16,20,53,-33,35,84,-49,20,63,-43,35,184,-149,55,247,-192
2016,Total,1067647,726571,341076,651428,357196,294232,1719075,1083767,635308,1151987,903363,248624,713135,461815,251320,1865122,1365178,499944
2017,under 1 year,2846,1044,1802,2673,1065,1608,5519,2109,3410,4093,1613,2480,3792,1599,2193,7885,3212,4673
2017,1 year,6653,3503,3150,6132,3321,2811,12785,6824,5961,8329,4988,3341,7674,4774,2900,16003,9762,6241
2017,2 years,7724,3499,4225,7076,3298,3778,14800,6797,8003,9052,4925,4127,8302,4581,3721,17354,9506,7848
2017,3 years,7247,3220,4027,6830,3067,3763,14077,6287,7790,8452,4579,3873,7956,4354,3602,16408,8933,7475
2017,4 years,6744,3116,3628,6365,2849,3516,13109,5965,7144,7808,4373,3435,7347,3988,3359,15155,8361,6794
2017,5 years,6917,3083,3834,6336,2781,3555,13253,5864,7389,7864,4267,3597,7246,3982,3264,15110,8249,6861
2017,6 years,6485,2951,3534,6053,2849,3204,12538,5800,6738,7391,4249,3142,6891,4111,2780,14282,8360,5922
2017,7 years,6161,2594,3567,5821,2376,3445,11982,4970,7012,7046,3653,3393,6648,3397,3251,13694,7050,6644
2017,8 years,5823,2404,3419,5475,2173,3302,11298,4577,6721,6545,3235,3310,6246,2995,3251,12791,6230,6561
2017,9 years,5877,2264,3613,5463,2075,3388,11340,4339,7001,6630,3063,3567,6229,2876,3353,12859,5939,6920
2017,10 years,5295,2031,3264,5050,1947,3103,10345,3978,6367,6072,2828,3244,5780,2744,3036,11852,5572,6280
2017,11 years,5195,1939,3256,4802,1747,3055,9997,3686,6311,5952,2641,3311,5435,2497,2938,11387,5138,6249
2017,12 years,4982,1910,3072,4448,1718,2730,9430,3628,5802,5648,2622,3026,5101,2383,2718,10749,5005,5744
2017,13 years,4642,1755,2887,4250,1628,2622,8892,3383,5509,5238,2378,2860,4858,2257,2601,10096,4635,5461
2017,14 years,4822,1822,3000,4104,1562,2542,8926,3384,5542,5391,2428,2963,4615,2117,2498,10006,4545,5461
2017,15 years,5067,1839,3228,4178,1519,2659,9245,3358,5887,5662,2417,3245,4765,2071,2694,10427,4488,5939
2017,16 years,6617,2348,4269,4648,1731,2917,11265,4079,7186,7212,2973,4239,5268,2361,2907,12480,5334,7146
2017,17 years,7329,2974,4355,5096,2245,2851,12425,5219,7206,8008,3721,4287,5708,2915,2793,13716,6636,7080
2017,18 years,13192,5888,7304,8709,3340,5369,21901,9228,12673,14422,7324,7098,9936,4637,5299,24358,11961,12397
2017,19 years,22038,11087,10951,15056,5553,9503,37094,16640,20454,23720,13325,10395,16534,7380,9154,40254,20705,19549
2017,20 years,25681,15670,10011,19936,8699,11237,45617,24369,21248,27434,18453,8981,21416,10792,10624,48850,29245,19605
2017,21 years,28523,19479,9044,22982,12820,10162,51505,32299,19206,30329,22629,7700,24485,15042,9443,54814,37671,17143
2017,22 years,30535,21207,9328,22985,14007,8978,53520,35214,18306,32533,24684,7849,24517,16369,8148,57050,41053,15997
2017,23 years,31630,21376,10254,23020,12465,10555,54650,33841,20809,33853,25272,8581,24637,15111,9526,58490,40383,18107
2017,24 years,31256,21549,9707,21621,11742,9879,52877,33291,19586,33734,25868,7866,23348,14698,8650,57082,40566,16516
2017,25 years,31032,21899,9133,20247,11019,9228,51279,32918,18361,33644,26678,6966,21962,14144,7818,55606,40822,14784
2017,26 years,29659,20896,8763,18903,10246,8657,48562,31142,17420,32291,25747,6544,20781,13484,7297,53072,39231,13841
2017,27 years,29452,21655,7797,17968,9880,8088,47420,31535,15885,32350,26973,5377,19856,13251,6605,52206,40224,11982
2017,28 years,27793,20522,7271,16768,9218,7550,44561,29740,14821,30665,25612,5053,18672,12299,6373,49337,37911,11426
2017,29 years,26753,20328,6425,15541,8355,7186,42294,28683,13611,29571,25430,4141,17413,11356,6057,46984,36786,10198
2017,30 years,24858,18854,6004,14073,7685,6388,38931,26539,12392,27506,23750,3756,15766,10502,5264,43272,34252,9020
2017,31 years,23495,17984,5511,12972,7144,5828,36467,25128,11339,26123,22702,3421,14548,9637,4911,40671,32339,8332
2017,32 years,22050,17073,4977,12080,6564,5516,34130,23637,10493,24573,21512,3061,13643,8904,4739,38216,30416,7800
2017,33 years,20774,15926,4848,11231,6078,5153,32005,22004,10001,23250,20063,3187,12701,8262,4439,35951,28325,7626
2017,34 years,19644,14694,4950,10444,5650,4794,30088,20344,9744,21980,18586,3394,11937,7703,4234,33917,26289,7628
2017,35 years,18739,14527,4212,9859,5413,4446,28598,19940,8658,21012,18467,2545,11236,7350,3886,32248,25817,6431
2017,36 years,17839,13690,4149,9131,4942,4189,26970,18632,8338,19995,17320,2675,10445,6714,3731,30440,24034,6406
2017,37 years,18314,13946,4368,9097,4793,4304,27411,18739,8672,20497,17476,3021,10313,6520,3793,30810,23996,6814
2017,38 years,16933,12992,3941,8449,4825,3624,25382,17817,7565,18841,16062,2779,9569,6410,3159,28410,22472,5938
2017,39 years,16387,12632,3755,8116,4542,3574,24503,17174,7329,18223,15609,2614,9120,5959,3161,27343,21568,5775
2017,40 years,15723,12167,3556,7830,4454,3376,23553,16621,6932,17350,14922,2428,8771,5745,3026,26121,20667,5454
2017,41 years,15486,11845,3641,7743,4289,3454,23229,16134,7095,17022,14315,2707,8652,5470,3182,25674,19785,5889
2017,42 years,14880,11709,3171,7716,4513,3203,22596,16222,6374,16331,13954,2377,8495,5556,2939,24826,19510,5316
2017,43 years,14434,11099,3335,7464,4255,3209,21898,15354,6544,15837,13245,2592,8189,5264,2925,24026,18509,5517
2017,44 years,13238,10211,3027,6920,4016,2904,20158,14227,5931,14591,12266,2325,7609,4942,2667,22200,17208,4992
2017,45 years,12702,9995,2707,6567,4000,2567,19269,13995,5274,14009,11995,2014,7260,4961,2299,21269,16956,4313
2017,46 years,12053,9340,2713,6456,3914,2542,18509,13254,5255,13412,11469,1943,7201,4874,2327,20613,16343,4270
2017,47 years,11846,9220,2626,6132,3780,2352,17978,13000,4978,13346,11407,1939,6842,4771,2071,20188,16178,4010
2017,48 years,11441,8752,2689,5763,3683,2080,17204,12435,4769,12923,10920,2003,6486,4685,1801,19409,15605,3804
2017,49 years,10622,8360,2262,5702,3657,2045,16324,12017,4307,12076,10646,1430,6407,4650,1757,18483,15296,3187
2017,50 years,9681,7604,2077,5004,3228,1776,14685,10832,3853,11114,9761,1353,5716,4197,1519,16830,13958,2872
2017,51 years,8024,6410,1614,4230,2778,1452,12254,9188,3066,9453,8610,843,4978,3765,1213,14431,12375,2056
2017,52 years,7190,5881,1309,3880,2593,1287,11070,8474,2596,8496,7957,539,4593,3500,1093,13089,11457,1632
2017,53 years,6745,5506,1239,3666,2613,1053,10411,8119,2292,8027,7565,462,4388,3550,838,12415,11115,1300
2017,54 years,6154,5096,1058,3340,2454,886,9494,7550,1944,7342,6910,432,3991,3279,712,11333,10189,1144
2017,55 years,5581,4584,997,2955,2260,695,8536,6844,1692,6711,6254,457,3521,3030,491,10232,9284,948
2017,56 years,5027,4190,837,2766,2105,661,7793,6295,1498,6062,5749,313,3298,2865,433,9360,8614,746
2017,57 years,4756,4004,752,2624,2063,561,7380,6067,1313,5746,5421,325,3120,2761,359,8866,8182,684
2017,58 years,4108,3416,692,2194,1883,311,6302,5299,1003,4988,4755,233,2687,2480,207,7675,7235,440
2017,59 years,3466,2991,475,1992,1723,269,5458,4714,744,4241,4151,90,2415,2289,126,6656,6440,216
2017,60 years,2852,2551,301,1796,1671,125,4648,4222,426,3578,3644,-66,2183,2161,22,5761,5805,-44
2017,61 years,2427,2212,215,1627,1566,61,4054,3778,276,3096,3187,-91,1990,2035,-45,5086,5222,-136
2017,62 years,2089,1914,175,1469,1307,162,3558,3221,337,2660,2775,-115,1825,1730,95,4485,4505,-20
2017,63 years,1630,1726,-96,1235,1215,20,2865,2941,-76,2180,2592,-412,1576,1659,-83,3756,4251,-495
2017,64 years,1234,1263,-29,1134,1123,11,2368,2386,-18,1729,2054,-325,1461,1534,-73,3190,3588,-398
2017,65 years,1002,1171,-169,1012,1045,-33,2014,2216,-202,1611,1996,-385,1330,1411,-81,2941,3407,-466
2017,66 years,847,1101,-254,910,951,-41,1757,2052,-295,1342,1856,-514,1236,1323,-87,2578,3179,-601
2017,67 years,753,866,-113,786,867,-81,1539,1733,-194,1149,1500,-351,1020,1196,-176,2169,2696,-527
2017,68 years,589,705,-116,702,754,-52,1291,1459,-168,967,1307,-340,903,1059,-156,1870,2366,-496
2017,69 years,517,691,-174,553,620,-67,1070,1311,-241,838,1165,-327,723,930,-207,1561,2095,-534
2017,70 years,474,641,-167,545,649,-104,1019,1290,-271,749,1074,-325,719,909,-190,1468,1983,-515
2017,71 years,359,559,-200,439,506,-67,798,1065,-267,598,925,-327,570,742,-172,1168,1667,-499
2017,72 years,328,425,-97,358,414,-56,686,839,-153,533,745,-212,479,615,-136,1012,1360,-348
2017,73 years,265,421,-156,312,400,-88,577,821,-244,525,781,-256,436,643,-207,961,1424,-463
2017,74 years,228,352,-124,293,333,-40,521,685,-164,446,665,-219,390,562,-172,836,1227,-391
2017,75 years,226,347,-121,289,333,-44,515,680,-165,421,656,-235,411,552,-141,832,1208,-376
2017,76 years,181,312,-131,255,270,-15,436,582,-146,401,622,-221,390,481,-91,791,1103,-312
2017,77 years,215,339,-124,236,295,-59,451,634,-183,404,636,-232,366,529,-163,770,1165,-395
2017,78 years,197,274,-77,220,264,-44,417,538,-121,344,509,-165,338,475,-137,682,984,-302
2017,79 years,137,244,-107,213,236,-23,350,480,-130,239,437,-198,293,472,-179,532,909,-377
2017,80 years,118,229,-111,190,245,-55,308,474,-166,209,401,-192,265,437,-172,474,838,-364
2017,81 years,81,196,-115,142,214,-72,223,410,-187,149,345,-196,204,417,-213,353,762,-409
2017,82 years,95,177,-82,154,176,-22,249,353,-104,169,322,-153,216,370,-154,385,692,-307
2017,83 years,103,156,-53,140,127,13,243,283,-40,147,275,-128,194,310,-116,341,585,-244
2017,84 years,76,113,-37,112,127,-15,188,240,-52,106,188,-82,144,252,-108,250,440,-190
2017,85 years,52,96,-44,100,128,-28,152,224,-72,77,176,-99,141,283,-142,218,459,-241
2017,86 years,39,74,-35,90,78,12,129,152,-23,64,148,-84,115,213,-98,179,361,-182
2017,87 years,42,50,-8,79,72,7,121,122,-1,56,108,-52,109,212,-103,165,320,-155
2017,88 years,35,59,-24,50,62,-12,85,121,-36,49,112,-63,74,212,-138,123,324,-201
2017,89 years,25,45,-20,37,46,-9,62,91,-29,43,100,-57,55,190,-135,98,290,-192
2017,90 years,17,39,-22,58,37,21,75,76,-1,31,90,-59,76,190,-114,107,280,-173
2017,91 years,19,19,0,27,28,-1,46,47,-1,27,61,-34,40,161,-121,67,222,-155
2017,92 years,10,17,-7,23,30,-7,33,47,-14,15,44,-29,33,149,-116,48,193,-145
2017,93 years,5,12,-7,21,21,0,26,33,-7,12,44,-32,28,135,-107,40,179,-139
2017,94 years,2,15,-13,14,13,1,16,28,-12,5,37,-32,25,97,-72,30,134,-104
2017,95 years and over,8,37,-29,28,47,-19,36,84,-48,12,125,-113,51,366,-315,63,491,-428
2017,Total,843437,589998,253439,540581,295462,245119,1384018,885460,498558,942997,744469,198528,607724,390172,217552,1550721,1134641,416080
2018,under 1 year,2664,1009,1655,2572,968,1604,5236,1977,3259,3797,1552,2245,3637,1457,2180,7434,3009,4425
2018,1 year,6074,3279,2795,5662,2925,2737,11736,6204,5532,7856,4799,3057,7295,4336,2959,15151,9135,6016
2018,2 years,6446,3511,2935,6139,3182,2957,12585,6693,5892,7848,5029,2819,7441,4544,2897,15289,9573,5716
2018,3 years,6369,3236,3133,6058,2931,3127,12427,6167,6260,7578,4662,2916,7248,4267,2981,14826,8929,5897
2018,4 years,6022,2946,3076,5632,2706,2926,11654,5652,6002,7179,4302,2877,6709,3984,2725,13888,8286,5602
2018,5 years,5929,2738,3191,5497,2509,2988,11426,5247,6179,6920,4013,2907,6485,3749,2736,13405,7762,5643
2018,6 years,5773,2816,2957,5235,2635,2600,11008,5451,5557,6746,4263,2483,6130,3983,2147,12876,8246,4630
2018,7 years,5290,2429,2861,4924,2243,2681,10214,4672,5542,6167,3592,2575,5796,3319,2477,11963,6911,5052
2018,8 years,5237,2164,3073,4878,2087,2791,10115,4251,5864,6094,3107,2987,5659,2999,2660,11753,6106,5647
2018,9 years,5165,1986,3179,4701,1927,2774,9866,3913,5953,5963,2852,3111,5451,2778,2673,11414,5630,5784
2018,10 years,4963,1923,3040,4589,1827,2762,9552,3750,5802,5725,2856,2869,5350,2710,2640,11075,5566,5509
2018,11 years,4746,1773,2973,4405,1715,2690,9151,3488,5663,5517,2614,2903,5160,2549,2611,10677,5163,5514
2018,12 years,4504,1711,2793,4172,1529,2643,8676,3240,5436,5187,2527,2660,4834,2287,2547,10021,4814,5207
2018,13 years,4322,1630,2692,3990,1535,2455,8312,3165,5147,4986,2384,2602,4643,2232,2411,9629,4616,5013
2018,14 years,4088,1589,2499,3842,1480,2362,7930,3069,4861,4767,2310,2457,4449,2148,2301,9216,4458,4758
2018,15 years,4600,1751,2849,3976,1547,2429,8576,3298,5278,5264,2448,2816,4613,2225,2388,9877,4673,5204
2018,16 years,5661,2052,3609,4514,1727,2787,10175,3779,6396,6404,2758,3646,5242,2492,2750,11646,5250,6396
2018,17 years,5918,2550,3368,4702,2109,2593,10620,4659,5961,6672,3328,3344,5427,2843,2584,12099,6171,5928
2018,18 years,12103,5469,6634,8653,3572,5081,20756,9041,11715,13627,7096,6531,10165,4985,5180,23792,12081,11711
2018,19 years,21514,11198,10316,15380,5983,9397,36894,17181,19713,23527,13553,9974,17267,7881,9386,40794,21434,19360
2018,20 years,25679,16308,9371,20031,9179,10852,45710,25487,20223,27961,19099,8862,21894,11223,10671,49855,30322,19533
2018,21 years,29048,20556,8492,22960,13702,9258,52008,34258,17750,31646,23919,7727,24935,16094,8841,56581,40013,16568
2018,22 years,30540,22087,8453,23568,14760,8808,54108,36847,17261,33322,25829,7493,25623,17359,8264,58945,43188,15757
2018,23 years,32000,22883,9117,23061,13152,9909,55061,36035,19026,34906,26766,8140,25080,15874,9206,59986,42640,17346
2018,24 years,31766,22522,9244,21874,12319,9555,53640,34841,18799,34922,26886,8036,23950,15198,8752,58872,42084,16788
2018,25 years,30945,22211,8734,20648,11550,9098,51593,33761,17832,34358,26909,7449,22765,14811,7954,57123,41720,15403
2018,26 years,30357,21827,8530,18810,10341,8469,49167,32168,16999,33953,26861,7092,20937,13666,7271,54890,40527,14363
2018,27 years,28456,20906,7550,17505,9631,7874,45961,30537,15424,32136,26121,6015,19647,12882,6765,51783,39003,12780
2018,28 years,28559,21505,7054,16458,9249,7209,45017,30754,14263,32318,26844,5474,18657,12650,6007,50975,39494,11481
2018,29 years,27155,20602,6553,15257,8658,6599,42412,29260,13152,30766,25780,4986,17289,11647,5642,48055,37427,10628
2018,30 years,25882,19801,6081,14119,8120,5999,40001,27921,12080,29499,24962,4537,16242,11094,5148,45741,36056,9685
2018,31 years,24375,18764,5611,13276,7395,5881,37651,26159,11492,27764,23542,4222,15363,10016,5347,43127,33558,9569
2018,32 years,22768,17508,5260,11964,6822,5142,34732,24330,10402,26112,22139,3973,13723,9235,4488,39835,31374,8461
2018,33 years,21635,16882,4753,11138,6161,4977,32773,23043,9730,24778,21130,3648,12811,8466,4345,37589,29596,7993
2018,34 years,20155,15721,4434,10365,5789,4576,30520,21510,9010,23315,19992,3323,11967,7941,4026,35282,27933,7349
2018,35 years,19108,14973,4135,9785,5531,4254,28893,20504,8389,22118,19105,3013,11319,7604,3715,33437,26709,6728
2018,36 years,18499,14722,3777,9314,5224,4090,27813,19946,7867,21472,18701,2771,10815,7225,3590,32287,25926,6361
2018,37 years,17614,13806,3808,8815,4984,3831,26429,18790,7639,20438,17590,2848,10176,6813,3363,30614,24403,6211
2018,38 years,17623,14356,3267,8629,4989,3640,26252,19345,6907,20153,18015,2138,9913,6742,3171,30066,24757,5309
2018,39 years,16778,13547,3231,8262,4666,3596,25040,18213,6827,19159,16765,2394,9416,6207,3209,28575,22972,5603
2018,40 years,16235,13001,3234,7987,4720,3267,24222,17721,6501,18583,16002,2581,9095,6091,3004,27678,22093,5585
2018,41 years,15913,12781,3132,7887,4725,3162,23800,17506,6294,17975,15588,2387,8892,6001,2891,26867,21589,5278
2018,42 years,15272,12318,2954,7677,4708,2969,22949,17026,5923,17160,14868,2292,8597,5954,2643,25757,20822,4935
2018,43 years,15053,11959,3094,7583,4563,3020,22636,16522,6114,16778,14347,2431,8420,5667,2753,25198,20014,5184
2018,44 years,14318,11476,2842,7131,4547,2584,21449,16023,5426,16040,13725,2315,7981,5561,2420,24021,19286,4735
2018,45 years,13042,10594,2448,6801,4225,2576,19843,14819,5024,14562,12674,1888,7537,5165,2372,22099,17839,4260
2018,46 years,12892,10360,2532,6610,4033,2577,19502,14393,5109,14517,12451,2066,7358,4944,2414,21875,17395,4480
2018,47 years,12004,9718,2286,6420,4084,2336,18424,13802,4622,13672,11977,1695,7170,5020,2150,20842,16997,3845
2018,48 years,11613,9518,2095,5975,3916,2059,17588,13434,4154,13362,11732,1630,6773,4891,1882,20135,16623,3512
2018,49 years,10932,9120,1812,5769,3849,1920,16701,12969,3732,12638,11294,1344,6596,4934,1662,19234,16228,3006
2018,50 years,10468,8611,1857,5520,3693,1827,15988,12304,3684,12208,10871,1337,6379,4704,1675,18587,15575,3012
2018,51 years,9451,7979,1472,4909,3396,1513,14360,11375,2985,11188,10223,965,5720,4420,1300,16908,14643,2265
2018,52 years,7701,6462,1239,4022,2759,1263,11723,9221,2502,9355,8608,747,4814,3779,1035,14169,12387,1782
2018,53 years,7101,5994,1107,3716,2706,1010,10817,8700,2117,8751,8081,670,4489,3643,846,13240,11724,1516
2018,54 years,6664,5535,1129,3575,2618,957,10239,8153,2086,8270,7611,659,4345,3554,791,12615,11165,1450
2018,55 years,5994,5109,885,3240,2495,745,9234,7604,1630,7465,6994,471,3976,3371,605,11441,10365,1076
2018,56 years,5394,4587,807,2906,2217,689,8300,6804,1496,6786,6305,481,3544,2997,547,10330,9302,1028
2018,57 years,4845,4104,741,2536,2092,444,7381,6196,1185,6031,5687,344,3161,2867,294,9192,8554,638
2018,58 years,4270,3845,425,2425,2036,389,6695,5881,814,5332,5254,78,2981,2722,259,8313,7976,337
2018,59 years,3659,3281,378,2035,1812,223,5694,5093,601,4658,4533,125,2575,2426,149,7233,6959,274
2018,60 years,3114,2998,116,1850,1748,102,4964,4746,218,4024,4110,-86,2335,2330,5,6359,6440,-81
2018,61 years,2646,2514,132,1666,1553,113,4312,4067,245,3438,3538,-100,2092,2069,23,5530,5607,-77
2018,62 years,2279,2177,102,1521,1414,107,3800,3591,209,3054,3155,-101,1932,1873,59,4986,5028,-42
2018,63 years,1843,1892,-49,1315,1393,-78,3158,3285,-127,2554,2901,-347,1639,1828,-189,4193,4729,-536
2018,64 years,1392,1570,-178,1166,1225,-59,2558,2795,-237,2029,2461,-432,1548,1719,-171,3577,4180,-603
2018,65 years,1089,1349,-260,1012,1158,-146,2101,2507,-406,1738,2222,-484,1351,1555,-204,3089,3777,-688
2018,66 years,891,1202,-311,883,1087,-204,1774,2289,-515,1525,2102,-577,1189,1498,-309,2714,3600,-886
2018,67 years,744,925,-181,760,872,-112,1504,1797,-293,1221,1622,-401,1003,1192,-189,2224,2814,-590
2018,68 years,629,783,-154,692,834,-142,1321,1617,-296,1110,1361,-251,926,1160,-234,2036,2521,-485
2018,69 years,507,719,-212,598,712,-114,1105,1431,-326,909,1227,-318,811,984,-173,1720,2211,-491
2018,70 years,474,693,-219,540,691,-151,1014,1384,-370,804,1126,-322,743,971,-228,1547,2097,-550
2018,71 years,396,597,-201,487,548,-61,883,1145,-262,709,1031,-322,637,781,-144,1346,1812,-466
2018,72 years,328,502,-174,422,494,-72,750,996,-246,598,871,-273,559,686,-127,1157,1557,-400
2018,73 years,244,418,-174,312,424,-112,556,842,-286,435,703,-268,416,572,-156,851,1275,-424
2018,74 years,285,445,-160,259,376,-117,544,821,-277,521,761,-240,386,576,-190,907,1337,-430
2018,75 years,208,405,-197,247,318,-71,455,723,-268,410,715,-305,387,508,-121,797,1223,-426
2018,76 years,196,358,-162,227,293,-66,423,651,-228,409,669,-260,336,481,-145,745,1150,-405
2018,77 years,157,292,-135,216,319,-103,373,611,-238,352,577,-225,329,530,-201,681,1107,-426
2018,78 years,162,332,-170,247,281,-34,409,613,-204,321,611,-290,375,510,-135,696,1121,-425
2018,79 years,138,272,-134,178,265,-87,316,537,-221,273,505,-232,284,445,-161,557,950,-393
2018,80 years,123,285,-162,206,276,-70,329,561,-232,250,480,-230,308,482,-174,558,962,-404
2018,81 years,108,229,-121,171,222,-51,279,451,-172,195,378,-183,259,389,-130,454,767,-313
2018,82 years,86,162,-76,157,185,-28,243,347,-104,152,290,-138,223,341,-118,375,631,-256
2018,83 years,81,137,-56,145,148,-3,226,285,-59,149,228,-79,216,292,-76,365,520,-155
2018,84 years,72,146,-74,143,129,14,215,275,-60,119,223,-104,199,261,-62,318,484,-166
2018,85 years,53,107,-54,109,111,-2,162,218,-56,81,175,-94,147,236,-89,228,411,-183
2018,86 years,39,86,-47,86,107,-21,125,193,-68,73,135,-62,120,209,-89,193,344,-151
2018,87 years,29,53,-24,58,80,-22,87,133,-46,49,94,-45,93,180,-87,142,274,-132
2018,88 years,42,52,-10,59,74,-15,101,126,-25,61,112,-51,86,183,-97,147,295,-148
2018,89 years,21,36,-15,39,46,-7,60,82,-22,35,69,-34,60,139,-79,95,208,-113
2018,90 years,16,31,-15,39,47,-8,55,78,-23,28,68,-40,59,143,-84,87,211,-124
2018,91 years,14,21,-7,25,36,-11,39,57,-18,20,47,-27,52,117,-65,72,164,-92
2018,92 years,8,17,-9,24,25,-1,32,42,-10,12,35,-23,41,95,-54,53,130,-77
2018,93 years,4,15,-11,19,26,-7,23,41,-18,7,31,-24,26,85,-59,33,116,-83
2018,94 years,3,6,-3,8,23,-15,11,29,-18,12,21,-9,21,67,-46,33,88,-55
2018,95 years and over,13,18,-5,26,45,-19,39,63,-24,17,53,-36,53,187,-134,70,240,-170
2018,Total,847585,617443,230142,535996,306138,229858,1383581,923581,460000,971945,780532,191413,613167,404900,208267,1585112,1185432,399680
2019,under 1 year,2590,991,1599,2544,926,1618,5134,1917,3217,3728,1545,2183,3530,1477,2053,7258,3022,4236
2019,1 year,5746,3209,2537,5432,2947,2485,11178,6156,5022,7368,4689,2679,7025,4359,2666,14393,9048,5345
2019,2 years,6171,3224,2947,5578,3113,2465,11749,6337,5412,7516,4646,2870,6911,4446,2465,14427,9092,5335
2019,3 years,5809,3202,2607,5562,2976,2586,11371,6178,5193,7109,4621,2488,6768,4342,2426,13877,8963,4914
2019,4 years,5841,2912,2929,5461,2757,2704,11302,5669,5633,7021,4247,2774,6523,4049,2474,13544,8296,5248
2019,5 years,5643,2804,2839,5154,2537,2617,10797,5341,5456,6666,4209,2457,6268,3873,2395,12934,8082,4852
2019,6 years,5380,2715,2665,4959,2512,2447,10339,5227,5112,6375,4145,2230,5934,3868,2066,12309,8013,4296
2019,7 years,5112,2276,2836,4934,2173,2761,10046,4449,5597,6043,3387,2656,5837,3307,2530,11880,6694,5186
2019,8 years,4691,1987,2704,4463,1895,2568,9154,3882,5272,5550,2885,2665,5276,2794,2482,10826,5679,5147
2019,9 years,4844,1927,2917,4549,1842,2707,9393,3769,5624,5668,2782,2886,5354,2681,2673,11022,5463,5559
2019,10 years,4826,1936,2890,4511,1785,2726,9337,3721,5616,5661,2810,2851,5282,2589,2693,10943,5399,5544
2019,11 years,4592,1810,2782,4369,1710,2659,8961,3520,5441,5381,2627,2754,5122,2507,2615,10503,5134,5369
2019,12 years,4376,1671,2705,3980,1552,2428,8356,3223,5133,5159,2388,2771,4751,2290,2461,9910,4678,5232
2019,13 years,4160,1634,2526,3822,1526,2296,7982,3160,4822,4932,2367,2565,4530,2255,2275,9462,4622,4840
2019,14 years,4152,1539,2613,3635,1487,2148,7787,3026,4761,4855,2195,2660,4306,2152,2154,9161,4347,4814
2019,15 years,4376,1563,2813,3906,1518,2388,8282,3081,5201,5099,2243,2856,4618,2184,2434,9717,4427,5290
2019,16 years,4983,1961,3022,4331,1765,2566,9314,3726,5588,5771,2684,3087,5051,2472,2579,10822,5156,5666
2019,17 years,5340,2277,3063,4474,2056,2418,9814,4333,5481,6130,3037,3093,5201,2750,2451,11331,5787,5544
2019,18 years,10843,4888,5955,8213,3284,4929,19056,8172,10884,12353,6440,5913,9712,4661,5051,22065,11101,10964
2019,19 years,20495,10559,9936,15073,6277,8796,35568,16836,18732,22753,13088,9665,17149,8348,8801,39902,21436,18466
2019,20 years,24921,16069,8852,19390,9481,9909,44311,25550,18761,27345,19046,8299,21259,11636,9623,48604,30682,17922
2019,21 years,27988,20369,7619,22113,13995,8118,50101,34364,15737,30652,23784,6868,24065,16408,7657,54717,40192,14525
2019,22 years,30037,22373,7664,22487,15189,7298,52524,37562,14962,33045,26157,6888,24516,17760,6756,57561,43917,13644
2019,23 years,31106,22767,8339,22522,13502,9020,53628,36269,17359,34313,26912,7401,24610,16454,8156,58923,43366,15557
2019,24 years,31297,22849,8448,21291,12556,8735,52588,35405,17183,34570,27247,7323,23380,15514,7866,57950,42761,15189
2019,25 years,30394,22779,7615,20051,11824,8227,50445,34603,15842,33852,27513,6339,22172,15129,7043,56024,42642,13382
2019,26 years,28931,22020,6911,18658,10906,7752,47589,32926,14663,32408,26966,5442,20868,14320,6548,53276,41286,11990
2019,27 years,27958,21673,6285,17434,10018,7416,45392,31691,13701,31583,26690,4893,19634,13346,6288,51217,40036,11181
2019,28 years,26812,21084,5728,15658,9574,6084,42470,30658,11812,30671,26156,4515,17698,12705,4993,48369,38861,9508
2019,29 years,25916,21178,4738,15076,9112,5964,40992,30290,10702,29773,26499,3274,17193,12286,4907,46966,38785,8181
2019,30 years,25206,20392,4814,14022,8685,5337,39228,29077,10151,28991,25549,3442,16016,11597,4419,45007,37146,7861
2019,31 years,23740,19643,4097,13119,8011,5108,36859,27654,9205,27565,24781,2784,15138,10723,4415,42703,35504,7199
2019,32 years,22646,18746,3900,12004,7451,4553,34650,26197,8453,26311,23657,2654,13962,10027,3935,40273,33684,6589
2019,33 years,21222,17694,3528,10889,6653,4236,32111,24347,7764,24691,22329,2362,12728,8929,3799,37419,31258,6161
2019,34 years,20089,16951,3138,10216,6151,4065,30305,23102,7203,23448,21323,2125,11891,8423,3468,35339,29746,5593
2019,35 years,19176,15903,3273,9659,5755,3904,28835,21658,7177,22571,20096,2475,11262,7782,3480,33833,27878,5955
2019,36 years,17664,15146,2518,9148,5397,3751,26812,20543,6269,20786,19225,1561,10617,7476,3141,31403,26701,4702
2019,37 years,17500,14680,2820,8805,5396,3409,26305,20076,6229,20527,18682,1845,10248,7332,2916,30775,26014,4761
2019,38 years,16633,14240,2393,8153,5076,3077,24786,19316,5470,19516,17931,1585,9488,6842,2646,29004,24773,4231
2019,39 years,16513,14458,2055,8185,4959,3226,24698,19417,5281,19384,17953,1431,9481,6632,2849,28865,24585,4280
2019,40 years,15695,13729,1966,7724,4908,2816,23419,18637,4782,18162,16872,1290,8890,6366,2524,27052,23238,3814
2019,41 years,15085,13032,2053,7523,4838,2685,22608,17870,4738,17396,16024,1372,8601,6189,2412,25997,22213,3784
2019,42 years,14685,13074,1611,7259,4745,2514,21944,17819,4125,16899,15791,1108,8275,5982,2293,25174,21773,3401
2019,43 years,14341,12377,1964,7325,4756,2569,21666,17133,4533,16319,14865,1454,8330,5963,2367,24649,20828,3821
2019,44 years,14212,12407,1805,7095,4860,2235,21307,17267,4040,16048,14732,1316,7980,5916,2064,24028,20648,3380
2019,45 years,13357,11804,1553,6910,4678,2232,20267,16482,3785,15163,14074,1089,7753,5731,2022,22916,19805,3111
2019,46 years,12460,10859,1601,6194,4299,1895,18654,15158,3496,14131,12897,1234,6943,5238,1705,21074,18135,2939
2019,47 years,11969,10690,1279,6143,4313,1830,18112,15003,3109,13675,12833,842,6954,5277,1677,20629,18110,2519
2019,48 years,11255,10147,1108,5759,4159,1600,17014,14306,2708,13029,12316,713,6586,5187,1399,19615,17503,2112
2019,49 years,10525,9556,969,5597,4091,1506,16122,13647,2475,12249,11726,523,6414,5109,1305,18663,16835,1828
2019,50 years,10051,9144,907,5286,4067,1219,15337,13211,2126,11806,11367,439,6150,5143,1007,17956,16510,1446
2019,51 years,9515,8790,725,4900,3902,998,14415,12692,1723,11330,11052,278,5724,4960,764,17054,16012,1042
2019,52 years,8638,8024,614,4462,3551,911,13100,11575,1525,10303,10184,119,5302,4634,668,15605,14818,787
2019,53 years,7210,6664,546,3738,2968,770,10948,9632,1316,8959,8773,186,4579,4001,578,13538,12774,764
2019,54 years,6427,6022,405,3480,2859,621,9907,8881,1026,8087,8179,-92,4244,3756,488,12331,11935,396
2019,55 years,5918,5612,306,3241,2649,592,9159,8261,898,7512,7610,-98,4027,3593,434,11539,11203,336
2019,56 years,5318,5041,277,2858,2466,392,8176,7507,669,6863,6901,-38,3534,3324,210,10397,10225,172
2019,57 years,4758,4703,55,2542,2274,268,7300,6977,323,6113,6384,-271,3161,3104,57,9274,9488,-214
2019,58 years,4140,4250,-110,2258,2076,182,6398,6326,72,5372,5807,-435,2887,2856,31,8259,8663,-404
2019,59 years,3819,3885,-66,2083,1984,99,5902,5869,33,4964,5345,-381,2659,2649,10,7623,7994,-371
2019,60 years,3089,3317,-228,1789,1910,-121,4878,5227,-349,4092,4575,-483,2298,2539,-241,6390,7114,-724
2019,61 years,2757,2976,-219,1625,1671,-46,4382,4647,-265,3688,4151,-463,2111,2249,-138,5799,6400,-601
2019,62 years,2226,2491,-265,1415,1507,-92,3641,3998,-357,3114,3501,-387,1865,2014,-149,4979,5515,-536
2019,63 years,1884,2202,-318,1324,1431,-107,3208,3633,-425,2697,3236,-539,1722,1943,-221,4419,5179,-760
2019,64 years,1530,1890,-360,1133,1329,-196,2663,3219,-556,2247,2909,-662,1533,1835,-302,3780,4744,-964
2019,65 years,1157,1712,-555,1019,1189,-170,2176,2901,-725,1945,2682,-737,1396,1624,-228,3341,4306,-965
2019,66 years,913,1402,-489,872,1171,-299,1785,2573,-788,1553,2257,-704,1178,1613,-435,2731,3870,-1139
2019,67 years,781,1092,-311,820,1037,-217,1601,2129,-528,1332,1846,-514,1091,1436,-345,2423,3282,-859
2019,68 years,630,826,-196,698,872,-174,1328,1698,-370,1118,1470,-352,915,1248,-333,2033,2718,-685
2019,69 years,527,802,-275,598,856,-258,1125,1658,-533,947,1432,-485,837,1200,-363,1784,2632,-848
2019,70 years,448,699,-251,503,737,-234,951,1436,-485,786,1206,-420,727,1052,-325,1513,2258,-745
2019,71 years,379,655,-276,455,669,-214,834,1324,-490,696,1115,-419,635,957,-322,1331,2072,-741
2019,72 years,364,593,-229,409,589,-180,773,1182,-409,624,1036,-412,549,822,-273,1173,1858,-685
2019,73 years,306,496,-190,361,511,-150,667,1007,-340,580,850,-270,500,758,-258,1080,1608,-528
2019,74 years,244,401,-157,289,427,-138,533,828,-295,420,679,-259,401,610,-209,821,1289,-468
2019,75 years,224,428,-204,282,419,-137,506,847,-341,412,755,-343,412,657,-245,824,1412,-588
2019,76 years,198,363,-165,231,348,-117,429,711,-282,404,657,-253,354,544,-190,758,1201,-443
2019,77 years,177,377,-200,233,348,-115,410,725,-315,386,662,-276,352,564,-212,738,1226,-488
2019,78 years,148,289,-141,215,301,-86,363,590,-227,332,583,-251,344,547,-203,676,1130,-454
2019,79 years,150,343,-193,242,296,-54,392,639,-247,320,629,-309,351,536,-185,671,1165,-494
2019,80 years,119,292,-173,187,284,-97,306,576,-270,256,538,-282,297,529,-232,553,1067,-514
2019,81 years,102,286,-184,173,243,-70,275,529,-254,215,467,-252,278,456,-178,493,923,-430
2019,82 years,96,197,-101,148,205,-57,244,402,-158,190,375,-185,228,403,-175,418,778,-360
2019,83 years,74,152,-78,132,170,-38,206,322,-116,140,293,-153,214,377,-163,354,670,-316
2019,84 years,72,155,-83,122,177,-55,194,332,-138,117,265,-148,185,349,-164,302,614,-312
2019,85 years,52,135,-83,93,147,-54,145,282,-137,112,244,-132,157,333,-176,269,577,-308
2019,86 years,47,118,-71,96,125,-29,143,243,-100,74,188,-114,134,268,-134,208,456,-248
2019,87 years,31,69,-38,82,112,-30,113,181,-68,68,135,-67,122,236,-114,190,371,-181
2019,88 years,22,72,-50,59,83,-24,81,155,-74,51,136,-85,91,211,-120,142,347,-205
2019,89 years,21,56,-35,48,72,-24,69,128,-59,34,121,-87,86,223,-137,120,344,-224
2019,90 years,16,47,-31,37,75,-38,53,122,-69,29,95,-66,63,198,-135,92,293,-201
2019,91 years,12,35,-23,34,48,-14,46,83,-37,24,77,-53,54,170,-116,78,247,-169
2019,92 years,15,22,-7,26,39,-13,41,61,-20,26,49,-23,45,134,-89,71,183,-112
2019,93 years,6,18,-12,14,23,-9,20,41,-21,13,46,-33,31,108,-77,44,154,-110
2019,94 years,4,10,-6,19,18,1,23,28,-5,9,31,-22,34,90,-56,43,121,-78
2019,95 years and over,14,48,-34,21,72,-51,35,120,-85,28,124,-96,56,338,-282,84,462,-378
2019,Total,823932,640975,182957,522011,320283,201728,1345943,961258,384685,956599,808678,147921,602013,422874,179139,1558612,1231552,327060
2020,under 1 year,2026,771,1255,1914,654,1260,3940,1425,2515,2962,1226,1736,2791,1075,1716,5753,2301,3452
2020,1 year,4416,2496,1920,4105,2363,1742,8521,4859,3662,5887,3801,2086,5480,3587,1893,11367,7388,3979
2020,2 years,4622,2569,2053,4134,2428,1706,8756,4997,3759,5820,3787,2033,5277,3623,1654,11097,7410,3687
2020,3 years,4443,2520,1923,4114,2317,1797,8557,4837,3720,5596,3709,1887,5198,3508,1690,10794,7217,3577
2020,4 years,4343,2348,1995,4040,2214,1826,8383,4562,3821,5443,3500,1943,5031,3232,1799,10474,6732,3742
2020,5 years,4254,2157,2097,3868,1988,1880,8122,4145,3977,5269,3300,1969,4790,3079,1711,10059,6379,3680
2020,6 years,4081,2199,1882,3731,1942,1789,7812,4141,3671,5051,3423,1628,4639,3099,1540,9690,6522,3168
2020,7 years,3669,1758,1911,3518,1662,1856,7187,3420,3767,4556,2750,1806,4331,2637,1694,8887,5387,3500
2020,8 years,3622,1578,2044,3305,1467,1838,6927,3045,3882,4426,2362,2064,4105,2227,1878,8531,4589,3942
2020,9 years,3480,1438,2042,3171,1306,1865,6651,2744,3907,4339,2157,2182,3936,2007,1929,8275,4164,4111
2020,10 years,3529,1439,2090,3223,1325,1898,6752,2764,3988,4298,2161,2137,3944,2011,1933,8242,4172,4070
2020,11 years,3462,1369,2093,3138,1278,1860,6600,2647,3953,4184,1977,2207,3833,1939,1894,8017,3916,4101
2020,12 years,3319,1308,2011,3064,1214,1850,6383,2522,3861,4032,1976,2056,3769,1855,1914,7801,3831,3970
2020,13 years,3062,1189,1873,2842,1149,1693,5904,2338,3566,3724,1807,1917,3447,1734,1713,7171,3541,3630
2020,14 years,3018,1146,1872,2673,1058,1615,5691,2204,3487,3628,1729,1899,3286,1587,1699,6914,3316,3598
2020,15 years,3219,1180,2039,2833,1115,1718,6052,2295,3757,3827,1724,2103,3436,1717,1719,7263,3441,3822
2020,16 years,3679,1481,2198,2940,1372,1568,6619,2853,3766,4362,2084,2278,3588,1975,1613,7950,4059,3891
2020,17 years,3737,1662,2075,3010,1616,1394,6747,3278,3469,4434,2328,2106,3711,2184,1527,8145,4512,3633
2020,18 years,7026,3032,3994,5287,2281,3006,12313,5313,7000,8336,4258,4078,6533,3289,3244,14869,7547,7322
2020,19 years,14106,6822,7284,10040,4046,5994,24146,10868,13278,15882,8705,7177,11716,5581,6135,27598,14286,13312
2020,20 years,17672,11396,6276,12854,6605,6249,30526,18001,12525,19777,13790,5987,14566,8325,6241,34343,22115,12228
2020,21 years,18989,14770,4219,13404,10002,3402,32393,24772,7621,21149,17317,3832,15076,11911,3165,36225,29228,6997
2020,22 years,20178,16591,3587,13927,11149,2778,34105,27740,6365,22702,19606,3096,15724,13178,2546,38426,32784,5642
2020,23 years,22212,17275,4937,14997,10218,4779,37209,27493,9716,24949,20574,4375,16845,12588,4257,41794,33162,8632
2020,24 years,22447,17413,5034,14689,9711,4978,37136,27124,10012,25364,20951,4413,16602,12020,4582,41966,32971,8995
2020,25 years,22194,17379,4815,14349,8963,5386,36543,26342,10201,25142,21138,4004,16193,11607,4586,41335,32745,8590
2020,26 years,21357,17218,4139,13541,8492,5049,34898,25710,9188,24426,21113,3313,15506,11081,4425,39932,32194,7738
2020,27 years,20660,16625,4035,12853,7940,4913,33513,24565,8948,23827,20587,3240,14809,10504,4305,38636,31091,7545
2020,28 years,19945,16489,3456,11681,7298,4383,31626,23787,7839,23226,20556,2670,13564,9780,3784,36790,30336,6454
2020,29 years,18901,15923,2978,11161,6931,4230,30062,22854,7208,22091,19792,2299,13006,9264,3742,35097,29056,6041
2020,30 years,18740,15894,2846,10555,6718,3837,29295,22612,6683,22218,20069,2149,12551,9024,3527,34769,29093,5676
2020,31 years,17729,15220,2509,10064,6532,3532,27793,21752,6041,21106,19287,1819,11920,8686,3234,33026,27973,5053
2020,32 years,17016,14885,2131,9259,5876,3383,26275,20761,5514,20384,18895,1489,11097,7997,3100,31481,26892,4589
2020,33 years,16271,13894,2377,8446,5408,3038,24717,19302,5415,19517,17615,1902,10111,7353,2758,29628,24968,4660
2020,34 years,15074,13177,1897,7790,4978,2812,22864,18155,4709,18100,16745,1355,9322,6754,2568,27422,23499,3923
2020,35 years,14670,12537,2133,7424,4591,2833,22094,17128,4966,17499,15950,1549,8928,6245,2683,26427,22195,4232
2020,36 years,13691,11986,1705,6814,4372,2442,20505,16358,4147,16516,15361,1155,8246,6039,2207,24762,21400,3362
2020,37 years,12947,11308,1639,6522,4161,2361,19469,15469,4000,15673,14482,1191,7846,5703,2143,23519,20185,3334
2020,38 years,12550,11146,1404,6039,3915,2124,18589,15061,3528,15311,14244,1067,7301,5410,1891,22612,19654,2958
2020,39 years,11939,10602,1337,6037,3822,2215,17976,14424,3552,14447,13563,884,7297,5225,2072,21744,18788,2956
2020,40 years,12060,10756,1304,6015,3809,2206,18075,14565,3510,14457,13540,917,7210,5222,1988,21667,18762,2905
2020,41 years,11559,10238,1321,5662,3770,1892,17221,14008,3213,13814,12761,1053,6721,4928,1793,20535,17689,2846
2020,42 years,11219,9861,1358,5524,3772,1752,16743,13633,3110,13232,12253,979,6488,4847,1641,19720,17100,2620
2020,43 years,10792,9870,922,5430,3738,1692,16222,13608,2614,12705,12109,596,6342,4742,1600,19047,16851,2196
2020,44 years,10612,9637,975,5419,3668,1751,16031,13305,2726,12431,11700,731,6241,4623,1618,18672,16323,2349
2020,45 years,10451,9430,1021,5334,3671,1663,15785,13101,2684,12073,11241,832,6150,4512,1638,18223,15753,2470
2020,46 years,9878,9080,798,5203,3649,1554,15081,12729,2352,11439,10856,583,5996,4488,1508,17435,15344,2091
2020,47 years,8948,8302,646,4780,3350,1430,13728,11652,2076,10353,9942,411,5507,4151,1356,15860,14093,1767
2020,48 years,8651,7876,775,4594,3374,1220,13245,11250,1995,10165,9606,559,5304,4146,1158,15469,13752,1717
2020,49 years,8144,7643,501,4356,3215,1141,12500,10858,1642,9669,9423,246,5069,3966,1103,14738,13389,1349
2020,50 years,7767,7295,472,4224,3204,1020,11991,10499,1492,9263,8975,288,4919,3988,931,14182,12963,1219
2020,51 years,7400,6843,557,3977,3020,957,11377,9863,1514,8958,8565,393,4744,3842,902,13702,12407,1295
2020,52 years,6806,6468,338,3882,2989,893,10688,9457,1231,8442,8228,214,4657,3796,861,13099,12024,1075
2020,53 years,6205,6012,193,3482,2676,806,9687,8688,999,7757,7778,-21,4214,3501,713,11971,11279,692
2020,54 years,5057,4904,153,2768,2237,531,7825,7141,684,6541,6564,-23,3549,3072,477,10090,9636,454
2020,55 years,4503,4399,104,2631,2064,567,7134,6463,671,5952,6004,-52,3351,2808,543,9303,8812,491
2020,56 years,4274,4156,118,2307,1998,309,6581,6154,427,5691,5743,-52,3018,2732,286,8709,8475,234
2020,57 years,3621,3746,-125,2139,1931,208,5760,5677,83,4900,5229,-329,2746,2642,104,7646,7871,-225
2020,58 years,3175,3295,-120,1918,1712,206,5093,5007,86,4387,4627,-240,2508,2350,158,6895,6977,-82
2020,59 years,2923,3026,-103,1668,1551,117,4591,4577,14,4034,4227,-193,2215,2151,64,6249,6378,-129
2020,60 years,2478,2823,-345,1635,1593,42,4113,4416,-303,3505,3953,-448,2143,2130,13,5648,6083,-435
2020,61 years,2084,2422,-338,1410,1390,20,3494,3812,-318,3042,3498,-456,1881,1939,-58,4923,5437,-514
2020,62 years,1730,2051,-321,1291,1344,-53,3021,3395,-374,2526,2974,-448,1722,1797,-75,4248,4771,-523
2020,63 years,1472,1791,-319,1143,1259,-116,2615,3050,-435,2191,2624,-433,1529,1737,-208,3720,4361,-641
2020,64 years,1233,1640,-407,1113,1081,32,2346,2721,-375,1901,2511,-610,1459,1525,-66,3360,4036,-676
2020,65 years,1007,1491,-484,919,1004,-85,1926,2495,-569,1690,2267,-577,1256,1401,-145,2946,3668,-722
2020,66 years,792,1378,-586,814,1013,-199,1606,2391,-785,1404,2184,-780,1109,1430,-321,2513,3614,-1101
2020,67 years,674,968,-294,637,856,-219,1311,1824,-513,1165,1622,-457,868,1199,-331,2033,2821,-788
2020,68 years,527,784,-257,617,778,-161,1144,1562,-418,937,1280,-343,850,1083,-233,1787,2363,-576
2020,69 years,416,645,-229,515,676,-161,931,1321,-390,807,1111,-304,723,944,-221,1530,2055,-525
2020,70 years,382,622,-240,533,652,-119,915,1274,-359,704,1072,-368,761,901,-140,1465,1973,-508
2020,71 years,341,525,-184,467,559,-92,808,1084,-276,675,917,-242,625,812,-187,1300,1729,-429
2020,72 years,296,503,-207,382,484,-102,678,987,-309,573,857,-284,521,675,-154,1094,1532,-438
2020,73 years,264,468,-204,365,429,-64,629,897,-268,507,771,-264,471,650,-179,978,1421,-443
2020,74 years,213,373,-160,276,408,-132,489,781,-292,404,636,-232,384,569,-185,788,1205,-417
2020,75 years,174,323,-149,279,362,-83,453,685,-232,337,521,-184,373,521,-148,710,1042,-332
2020,76 years,169,298,-129,196,288,-92,365,586,-221,326,550,-224,296,484,-188,622,1034,-412
2020,77 years,155,288,-133,193,262,-69,348,550,-202,304,512,-208,309,418,-109,613,930,-317
2020,78 years,143,290,-147,191,260,-69,334,550,-216,287,493,-206,278,423,-145,565,916,-351
2020,79 years,117,241,-124,180,253,-73,297,494,-197,255,438,-183,294,420,-126,549,858,-309
2020,80 years,118,316,-198,176,239,-63,294,555,-261,270,517,-247,293,436,-143,563,953,-390
2020,81 years,100,276,-176,167,258,-91,267,534,-267,208,435,-227,255,434,-179,463,869,-406
2020,82 years,91,231,-140,138,220,-82,229,451,-222,162,376,-214,216,376,-160,378,752,-374
2020,83 years,65,183,-118,133,199,-66,198,382,-184,130,301,-171,189,331,-142,319,632,-313
2020,84 years,76,156,-80,129,162,-33,205,318,-113,130,268,-138,184,304,-120,314,572,-258
2020,85 years,52,138,-86,110,137,-27,162,275,-113,88,219,-131,157,265,-108,245,484,-239
2020,86 years,51,161,-110,91,146,-55,142,307,-165,81,227,-146,123,274,-151,204,501,-297
2020,87 years,26,111,-85,67,116,-49,93,227,-134,44,155,-111,102,204,-102,146,359,-213
2020,88 years,28,92,-64,78,97,-19,106,189,-83,42,147,-105,103,195,-92,145,342,-197
2020,89 years,36,77,-41,54,90,-36,90,167,-77,52,123,-71,79,177,-98,131,300,-169
2020,90 years,19,73,-54,36,87,-51,55,160,-105,26,109,-83,62,216,-154,88,325,-237
2020,91 years,7,37,-30,33,61,-28,40,98,-58,16,70,-54,48,155,-107,64,225,-161
2020,92 years,10,51,-41,19,58,-39,29,109,-80,13,80,-67,39,134,-95,52,214,-162
2020,93 years,7,44,-37,13,37,-24,20,81,-61,9,63,-54,31,90,-59,40,153,-113
2020,94 years,9,34,-25,13,50,-37,22,84,-62,13,50,-37,19,109,-90,32,159,-127
2020,95 years and over,11,203,-192,24,295,-271,35,498,-463,17,288,-271,66,557,-491,83,845,-762
2020,Total,611713,497134,114579,383106,249078,134028,994819,746212,248607,730584,633989,96595,456118,332462,123656,1186702,966451,220251
2021,under 1 year,2308,766,1542,2266,727,1539,4574,1493,3081,3254,1285,1969,3119,1250,1869,6373,2535,3838
2021,1 year,5701,2650,3051,5157,2479,2678,10858,5129,5729,7157,4116,3041,6573,3820,2753,13730,7936,5794
2021,2 years,5746,3005,2741,5502,2698,2804,11248,5703,5545,6955,4475,2480,6582,4083,2499,13537,8558,4979
2021,3 years,5625,2862,2763,5360,2654,2706,10985,5516,5469,6682,4260,2422,6439,4078,2361,13121,8338,4783
2021,4 years,5509,2665,2844,5076,2574,2502,10585,5239,5346,6436,4029,2407,6016,3868,2148,12452,7897,4555
2021,5 years,5391,2570,2821,4980,2272,2708,10371,4842,5529,6351,3965,2386,5847,3649,2198,12198,7614,4584
2021,6 years,5265,2495,2770,4805,2333,2472,10070,4828,5242,6144,4140,2004,5641,3841,1800,11785,7981,3804
2021,7 years,5025,2083,2942,4578,1868,2710,9603,3951,5652,5937,3432,2505,5374,3110,2264,11311,6542,4769
2021,8 years,4642,1675,2967,4251,1669,2582,8893,3344,5549,5444,2743,2701,5027,2692,2335,10471,5435,5036
2021,9 years,4545,1687,2858,4217,1583,2634,8762,3270,5492,5272,2688,2584,4979,2589,2390,10251,5277,4974
2021,10 years,4367,1533,2834,4001,1498,2503,8368,3031,5337,5051,2523,2528,4708,2400,2308,9759,4923,4836
2021,11 years,4403,1591,2812,3952,1385,2567,8355,2976,5379,5083,2524,2559,4583,2220,2363,9666,4744,4922
2021,12 years,4317,1440,2877,3789,1375,2414,8106,2815,5291,4992,2299,2693,4450,2243,2207,9442,4542,4900
2021,13 years,4149,1374,2775,3647,1387,2260,7796,2761,5035,4730,2177,2553,4229,2141,2088,8959,4318,4641
2021,14 years,4228,1287,2941,3399,1307,2092,7627,2594,5033,4816,1996,2820,4006,2056,1950,8822,4052,4770
2021,15 years,4308,1380,2928,3574,1319,2255,7882,2699,5183,4951,2090,2861,4160,2011,2149,9111,4101,5010
2021,16 years,5305,1497,3808,3565,1317,2248,8870,2814,6056,5945,2174,3771,4188,1980,2208,10133,4154,5979
2021,17 years,5206,1630,3576,3668,1366,2302,8874,2996,5878,5917,2358,3559,4332,2027,2305,10249,4385,5864
2021,18 years,9777,3203,6574,7123,2210,4913,16900,5413,11487,11016,4341,6675,8370,3263,5107,19386,7604,11782
2021,19 years,17488,6963,10525,12517,3945,8572,30005,10908,19097,19186,8815,10371,14081,5483,8598,33267,14298,18969
2021,20 years,21073,10361,10712,16114,5917,10197,37187,16278,20909,22911,12617,10294,17645,7773,9872,40556,20390,20166
2021,21 years,23222,13086,10136,17606,7859,9747,40828,20945,19883,25358,15941,9417,19205,9839,9366,44563,25780,18783
2021,22 years,24621,14980,9641,17852,8255,9597,42473,23235,19238,26891,17890,9001,19470,10292,9178,46361,28182,18179
2021,23 years,26387,15603,10784,18858,8174,10684,45245,23777,21468,28915,19048,9867,20489,10587,9902,49404,29635,19769
2021,24 years,26798,16198,10600,18847,8669,10178,45645,24867,20778,29459,19814,9645,20602,11237,9365,50061,31051,19010
2021,25 years,25972,16230,9742,17892,8245,9647,43864,24475,19389,28778,20247,8531,19583,11110,8473,48361,31357,17004
2021,26 years,25325,16433,8892,17103,8090,9013,42428,24523,17905,28160,20435,7725,18786,10854,7932,46946,31289,15657
2021,27 years,24129,16083,8046,15530,7687,7843,39659,23770,15889,27031,20177,6854,17170,10336,6834,44201,30513,13688
2021,28 years,22631,15824,6807,14241,7499,6742,36872,23323,13549,25586,19924,5662,15906,10172,5734,41492,30096,11396
2021,29 years,21348,15566,5782,13147,7140,6007,34495,22706,11789,24404,19610,4794,14821,9640,5181,39225,29250,9975
2021,30 years,19789,14772,5017,12220,6808,5412,32009,21580,10429,22745,18871,3874,13857,9217,4640,36602,28088,8514
2021,31 years,19888,15224,4664,11493,6510,4983,31381,21734,9647,22960,19394,3566,13110,8918,4192,36070,28312,7758
2021,32 years,18525,14333,4192,10674,6358,4316,29199,20691,8508,21696,18383,3313,12258,8603,3655,33954,26986,6968
2021,33 years,17854,14303,3551,9970,5840,4130,27824,20143,7681,20895,18230,2665,11532,8063,3469,32427,26293,6134
2021,34 years,16743,13523,3220,9063,5369,3694,25806,18892,6914,19745,17415,2330,10564,7441,3123,30309,24856,5453
2021,35 years,15513,12562,2951,8432,5108,3324,23945,17670,6275,18437,16255,2182,9836,7090,2746,28273,23345,4928
2021,36 years,14848,11932,2916,7730,4815,2915,22578,16747,5831,17600,15512,2088,9091,6661,2430,26691,22173,4518
2021,37 years,13958,11494,2464,7275,4456,2819,21233,15950,5283,16646,14932,1714,8562,6245,2317,25208,21177,4031
2021,38 years,13091,10735,2356,6843,4322,2521,19934,15057,4877,15746,13996,1750,8088,6046,2042,23834,20042,3792
2021,39 years,12602,10648,1954,6446,4045,2401,19048,14693,4355,15091,13856,1235,7701,5720,1981,22792,19576,3216
2021,40 years,11935,10162,1773,6251,3981,2270,18186,14143,4043,14385,13139,1246,7348,5580,1768,21733,18719,3014
2021,41 years,11748,10009,1739,6167,3985,2182,17915,13994,3921,14013,12901,1112,7252,5477,1775,21265,18378,2887
2021,42 years,11419,9737,1682,5938,3833,2105,17357,13570,3787,13520,12280,1240,6864,5144,1720,20384,17424,2960
2021,43 years,11079,9667,1412,5701,3754,1947,16780,13421,3359,13014,12142,872,6614,4948,1666,19628,17090,2538
2021,44 years,10554,9238,1316,5658,3861,1797,16212,13099,3113,12353,11483,870,6455,5010,1445,18808,16493,2315
2021,45 years,10166,9132,1034,5437,3676,1761,15603,12808,2795,11792,11123,669,6207,4759,1448,17999,15882,2117
2021,46 years,9793,9035,758,5414,3821,1593,15207,12856,2351,11305,11027,278,6147,4803,1344,17452,15830,1622
2021,47 years,9450,8685,765,5048,3714,1334,14498,12399,2099,10844,10496,348,5764,4632,1132,16608,15128,1480
2021,48 years,8471,7743,728,4625,3312,1313,13096,11055,2041,9814,9431,383,5259,4165,1094,15073,13596,1477
2021,49 years,8165,7724,441,4495,3408,1087,12660,11132,1528,9549,9507,42,5191,4327,864,14740,13834,906
2021,50 years,7578,7295,283,4312,3207,1105,11890,10502,1388,9064,9149,-85,4958,4079,879,14022,13228,794
2021,51 years,7060,6827,233,4031,3106,925,11091,9933,1158,8497,8657,-160,4740,4052,688,13237,12709,528
2021,52 years,6714,6426,288,3809,3028,781,10523,9454,1069,8120,8261,-141,4560,3948,612,12680,12209,471
2021,53 years,6245,6210,35,3613,2991,622,9858,9201,657,7691,8002,-311,4291,3911,380,11982,11913,69
2021,54 years,5401,5517,-116,3153,2763,390,8554,8280,274,6895,7391,-496,3866,3659,207,10761,11050,-289
2021,55 years,4419,4507,-88,2563,2238,325,6982,6745,237,5836,6298,-462,3245,3154,91,9081,9452,-371
2021,56 years,4009,4202,-193,2270,2098,172,6279,6300,-21,5339,5920,-581,2944,3017,-73,8283,8937,-654
2021,57 years,3659,3956,-297,2179,1986,193,5838,5942,-104,4939,5592,-653,2843,2836,7,7782,8428,-646
2021,58 years,3322,3404,-82,1891,1865,26,5213,5269,-56,4493,4955,-462,2460,2650,-190,6953,7605,-652
2021,59 years,2860,3100,-240,1664,1687,-23,4524,4787,-263,3946,4419,-473,2253,2429,-176,6199,6848,-649
2021,60 years,2425,2855,-430,1557,1681,-124,3982,4536,-554,3498,4173,-675,2102,2342,-240,5600,6515,-915
2021,61 years,2241,2563,-322,1413,1547,-134,3654,4110,-456,3167,3771,-604,1925,2182,-257,5092,5953,-861
2021,62 years,1832,2233,-401,1229,1411,-182,3061,3644,-583,2694,3325,-631,1677,2015,-338,4371,5340,-969
2021,63 years,1594,2065,-471,1099,1379,-280,2693,3444,-751,2384,3128,-744,1525,1961,-436,3909,5089,-1180
2021,64 years,1321,1858,-537,1009,1255,-246,2330,3113,-783,2058,2907,-849,1418,1820,-402,3476,4727,-1251
2021,65 years,1027,1850,-823,948,1154,-206,1975,3004,-1029,1722,2812,-1090,1320,1627,-307,3042,4439,-1397
2021,66 years,867,1705,-838,794,1189,-395,1661,2894,-1233,1574,2662,-1088,1137,1693,-556,2711,4355,-1644
2021,67 years,672,1174,-502,733,1034,-301,1405,2208,-803,1217,1964,-747,1035,1480,-445,2252,3444,-1192
2021,68 years,556,880,-324,636,887,-251,1192,1767,-575,997,1498,-501,880,1268,-388,1877,2766,-889
2021,69 years,493,759,-266,577,773,-196,1070,1532,-462,864,1322,-458,800,1161,-361,1664,2483,-819
2021,70 years,383,682,-299,512,747,-235,895,1429,-534,721,1217,-496,737,1107,-370,1458,2324,-866
2021,71 years,368,671,-303,466,736,-270,834,1407,-573,687,1197,-510,662,1091,-429,1349,2288,-939
2021,72 years,298,613,-315,416,671,-255,714,1284,-570,610,1080,-470,615,997,-382,1225,2077,-852
2021,73 years,262,604,-342,412,652,-240,674,1256,-582,513,997,-484,567,924,-357,1080,1921,-841
2021,74 years,240,607,-367,362,591,-229,602,1198,-596,458,958,-500,485,851,-366,943,1809,-866
2021,75 years,237,536,-299,299,550,-251,536,1086,-550,428,851,-423,428,808,-380,856,1659,-803
2021,76 years,195,440,-245,294,438,-144,489,878,-389,349,711,-362,393,633,-240,742,1344,-602
2021,77 years,158,411,-253,229,455,-226,387,866,-479,331,701,-370,361,722,-361,692,1423,-731
2021,78 years,170,431,-261,246,375,-129,416,806,-390,330,703,-373,344,650,-306,674,1353,-679
2021,79 years,141,407,-266,201,337,-136,342,744,-402,285,673,-388,307,587,-280,592,1260,-668
2021,80 years,115,424,-309,196,386,-190,311,810,-499,254,736,-482,332,719,-387,586,1455,-869
2021,81 years,127,484,-357,191,430,-239,318,914,-596,246,782,-536,296,747,-451,542,1529,-987
2021,82 years,89,360,-271,167,364,-197,256,724,-468,178,591,-413,252,702,-450,430,1293,-863
2021,83 years,89,398,-309,144,318,-174,233,716,-483,162,609,-447,217,607,-390,379,1216,-837
2021,84 years,76,292,-216,125,278,-153,201,570,-369,146,496,-350,208,569,-361,354,1065,-711
2021,85 years,70,260,-190,121,249,-128,191,509,-318,125,426,-301,180,540,-360,305,966,-661
2021,86 years,50,215,-165,91,202,-111,141,417,-276,88,363,-275,148,486,-338,236,849,-613
2021,87 years,45,242,-197,98,181,-83,143,423,-280,68,365,-297,156,418,-262,224,783,-559
2021,88 years,44,205,-161,85,169,-84,129,374,-245,65,287,-222,122,365,-243,187,652,-465
2021,89 years,21,154,-133,54,157,-103,75,311,-236,46,236,-190,91,362,-271,137,598,-461
2021,90 years,24,123,-99,44,106,-62,68,229,-161,36,191,-155,74,328,-254,110,519,-409
2021,91 years,16,105,-89,43,110,-67,59,215,-156,29,164,-135,65,297,-232,94,461,-367
2021,92 years,13,52,-39,21,72,-51,34,124,-90,17,104,-87,44,256,-212,61,360,-299
2021,93 years,8,55,-47,28,63,-35,36,118,-82,13,98,-85,42,229,-187,55,327,-272
2021,94 years,4,60,-56,15,58,-43,19,118,-99,9,104,-95,25,181,-156,34,285,-251
2021,95 years and over,12,186,-174,27,242,-215,39,428,-389,26,313,-287,78,685,-607,104,998,-894
2021,Total,687952,493781,194171,451864,252693,199171,1139816,746474,393342,802177,643665,158512,521289,350638,170651,1323466,994303,329163