year,country,germans from foreign countries,germans to foreign countries,germans migration balance,foreigners from foreign countries,foreigners to foreign countries,foreigners migration balance,total arrivals from foreign countries,total departures to foreign countries,total migration balance
2000,Albania,45,44,1,1278,1729,-451,1323,1773,-450
2000,Bosnia and Herzegovina,102,87,15,10396,17325,-6929,10498,17412,-6914
2000,Andorra,12,14,-2,5,5,0,17,19,-2
2000,Belgium,2162,2230,-68,2421,1990,431,4583,4220,363
2000,Bulgaria,153,108,45,10308,6639,3669,10461,6747,3714
2000,Denmark,587,696,-109,2648,2109,539,3235,2805,430
2000,Estonia,136,30,106,935,609,326,1071,639,432
2000,Finland,215,247,-32,2799,2553,246,3014,2800,214
2000,France,5633,6603,-970,15853,12812,3041,21486,19415,2071
2000,Croatia,296,278,18,14069,12987,1082,14365,13265,1100
2000,Slovenia,88,124,-36,1862,1888,-26,1950,2012,-62
2000,Greece,958,999,-41,17400,18384,-984,18358,19383,-1025
2000,Ireland,515,770,-255,2210,2289,-79,2725,3059,-334
2000,Iceland,50,81,-31,235,265,-30,285,346,-61
2000,Italy,2623,3077,-454,32762,33630,-868,35385,36707,-1322
2000,Latvia,239,75,164,1960,1376,584,2199,1451,748
2000,Montenegro (since 2006-06-03),0,0,0,0,0,0,0,0,0
2000,Lithuania,330,52,278,3054,1647,1407,3384,1699,1685
2000,Luxembourg,512,648,-136,927,661,266,1439,1309,130
2000,North Macedonia,30,40,-10,3411,2614,797,3441,2654,787
2000,Malta,49,61,-12,59,51,8,108,112,-4
2000,Netherlands,3838,3665,173,7169,5646,1523,11007,9311,1696
2000,Norway,338,659,-321,1014,1026,-12,1352,1685,-333
2000,Kosovo,0,0,0,0,0,0,0,0,0
2000,Austria,3650,5225,-1575,12314,9887,2427,15964,15112,852
2000,Poland,19961,10968,8993,74144,60441,13703,94105,71409,22696
2000,Portugal,874,924,-50,11212,12402,-1190,12086,13326,-1240
2000,Romania,1079,396,683,24191,16764,7427,25270,17160,8110
2000,Slovakia,124,101,23,10755,8621,2134,10879,8722,2157
2000,Sweden,513,914,-401,3394,2802,592,3907,3716,191
2000,Switzerland,3731,7998,-4267,4279,3911,368,8010,11909,-3899
2000,Russian Federation,40081,1286,38795,32071,11384,20687,72152,12670,59482
2000,Spain,5747,6750,-1003,9137,9370,-233,14884,16120,-1236
2000,Turkey,1385,1339,46,49114,39030,10084,50499,40369,10130
2000,Czechia,911,621,290,11341,8747,2594,12252,9368,2884
2000,Hungary,823,741,82,16049,14232,1817,16872,14973,1899
2000,Ukraine,2997,110,2887,18196,4549,13647,21193,4659,16534
2000,United Kingdom,4657,5760,-1103,12473,10758,1715,17130,16518,612
2000,Belarus,218,34,184,3248,1379,1869,3466,1413,2053
2000,Serbia,0,0,0,0,0,0,0,0,0
2000,Cyprus,156,135,21,153,118,35,309,253,56
2000,Rest of Europe,777,503,274,34965,89878,-54913,35742,90381,-54639
2000,Algeria,64,75,-11,2606,2342,264,2670,2417,253
2000,Angola,17,19,-2,608,504,104,625,523,102
2000,Ethiopia,65,83,-18,845,668,177,910,751,159
2000,Cote d'Ivoire,48,25,23,440,261,179,488,286,202
2000,Nigeria,143,129,14,1464,1388,76,1607,1517,90
2000,Ghana,127,130,-3,1593,905,688,1720,1035,685
2000,Kenya,224,187,37,967,538,429,1191,725,466
2000,Congo Republic of the,14,9,5,488,439,49,502,448,54
2000,Congo The Democratic Republic of the,8,7,1,496,1298,-802,504,1305,-801
2000,Libya,39,37,2,458,356,102,497,393,104
2000,Morocco,236,155,81,5309,2752,2557,5545,2907,2638
2000,Niger,11,25,-14,130,141,-11,141,166,-25
2000,Cameroon,73,56,17,1828,847,981,1901,903,998
2000,South Africa,1260,786,474,1345,837,508,2605,1623,982
2000,Rwanda,10,15,-5,91,100,-9,101,115,-14
2000,Namibia,344,214,130,119,101,18,463,315,148
2000,Senegal,57,22,35,289,192,97,346,214,132
2000,Somalia,2,4,-2,560,614,-54,562,618,-56
2000,Tanzania,175,115,60,162,160,2,337,275,62
2000,Tunisia,271,192,79,2392,1201,1191,2663,1393,1270
2000,Uganda,74,45,29,193,138,55,267,183,84
2000,Egypt,366,302,64,1742,1327,415,2108,1629,479
2000,Central African Republic,14,14,0,17,18,-1,31,32,-1
2000,Rest of Africa,753,590,163,6492,4884,1608,7245,5474,1771
2000,Argentina,489,315,174,1145,682,463,1634,997,637
2000,Bolivia Plurinational State,181,95,86,300,179,121,481,274,207
2000,Brazil,1278,1008,270,4844,2916,1928,6122,3924,2198
2000,Chile,406,262,144,729,455,274,1135,717,418
2000,Costa Rica,156,141,15,132,110,22,288,251,37
2000,Honduras,57,24,33,83,46,37,140,70,70
2000,Canada,1264,2092,-828,2709,2633,76,3973,4725,-752
2000,Colombia,461,122,339,1909,776,1133,2370,898,1472
2000,Mexico,628,486,142,1742,952,790,2370,1438,932
2000,Nicaragua,53,44,9,50,41,9,103,85,18
2000,Paraguay,403,184,219,197,112,85,600,296,304
2000,Peru,244,131,113,1094,532,562,1338,663,675
2000,Uruguay,89,74,15,105,67,38,194,141,53
2000,Venezuela Bolivarian Republic of,328,176,152,603,319,284,931,495,436
2000,United States,11252,13855,-2603,17477,22036,-4559,28729,35891,-7162
2000,Rest of America,987,749,238,3444,1555,1889,4431,2304,2127
2000,Yemen,20,29,-9,447,215,232,467,244,223
2000,Armenia,66,10,56,1542,1737,-195,1608,1747,-139
2000,Afghanistan Republic of,13,16,-3,6110,2086,4024,6123,2102,4021
2000,Azerbaijan,35,7,28,2405,662,1743,2440,669,1771
2000,Georgia,62,11,51,2786,2134,652,2848,2145,703
2000,Viet Nam,106,60,46,5724,4009,1715,5830,4069,1761
2000,Korea Democratic People's Republic,30,33,-3,439,287,152,469,320,149
2000,India,453,327,126,6265,4334,1931,6718,4661,2057
2000,Indonesia,282,251,31,1462,989,473,1744,1240,504
2000,Iraq,48,12,36,12258,3009,9249,12306,3021,9285
2000,Iran Islamic Republic of,120,82,38,7509,3656,3853,7629,3738,3891
2000,Israel,384,367,17,1176,856,320,1560,1223,337
2000,Japan,529,482,47,5386,4570,816,5915,5052,863
2000,Kazakhstan,42657,474,42183,12249,2544,9705,54906,3018,51888
2000,Jordan,131,88,43,784,546,238,915,634,281
2000,Kuwait,42,18,24,84,68,16,126,86,40
2000,Kyrgyzstan,2125,41,2084,1505,397,1108,3630,438,3192
2000,Lebanon,213,164,49,3201,1739,1462,3414,1903,1511
2000,Pakistan,265,180,85,3438,2298,1140,3703,2478,1225
2000,Philippines,482,358,124,1902,1018,884,2384,1376,1008
2000,Korea Republic of,120,92,28,2498,2013,485,2618,2105,513
2000,United Arab Emirates,215,292,-77,231,137,94,446,429,17
2000,Tajikistan,44,17,27,90,51,39,134,68,66
2000,Saudi Arabia,204,154,50,269,184,85,473,338,135
2000,Singapore,514,419,95,387,293,94,901,712,189
2000,Syrian,154,118,36,4301,1039,3262,4455,1157,3298
2000,Thailand,711,627,84,5694,2408,3286,6405,3035,3370
2000,Uzbekistan,863,26,837,1380,346,1034,2243,372,1871
2000,China,870,812,58,14722,5478,9244,15592,6290,9302
2000,Rest of Asia,932,633,299,6176,5833,343,7108,6466,642
2000,Australia,1164,1389,-225,1618,2085,-467,2782,3474,-692
2000,New Zealand,274,394,-120,353,244,109,627,638,-11
2000,Rest of Oceania,104,94,10,90,138,-48,194,232,-38
2000,Unknown foreign countries,336,7667,-7331,5089,7892,-2803,5425,15559,-10134
2000,Unknown / Not specified,8075,8113,-38,2671,9569,-6898,10746,17682,-6936
2000,Total,191909,111244,80665,649249,562794,86455,841158,674038,167120
2001,Albania,29,29,0,1417,1133,284,1446,1162,284
2001,Bosnia and Herzegovina,124,105,19,12817,10485,2332,12941,10590,2351
2001,Andorra,7,7,0,15,12,3,22,19,3
2001,Belgium,2147,2285,-138,2556,1970,586,4703,4255,448
2001,Bulgaria,177,106,71,13295,7942,5353,13472,8048,5424
2001,Denmark,656,722,-66,2580,2094,486,3236,2816,420
2001,Estonia,118,54,64,914,590,324,1032,644,388
2001,Finland,187,252,-65,2546,2406,140,2733,2658,75
2001,France,5411,6630,-1219,14451,12604,1847,19862,19234,628
2001,Croatia,247,260,-13,13861,13973,-112,14108,14233,-125
2001,Slovenia,79,110,-31,2605,2406,199,2684,2516,168
2001,Greece,1009,962,47,16520,18726,-2206,17529,19688,-2159
2001,Ireland,611,746,-135,2094,2049,45,2705,2795,-90
2001,Iceland,61,71,-10,228,227,1,289,298,-9
2001,Italy,2559,3013,-454,29019,33091,-4072,31578,36104,-4526
2001,Latvia,177,68,109,2145,1222,923,2322,1290,1032
2001,Montenegro (since 2006-06-03),0,0,0,0,0,0,0,0,0
2001,Lithuania,256,54,202,3508,1899,1609,3764,1953,1811
2001,Luxembourg,503,638,-135,1019,615,404,1522,1253,269
2001,North Macedonia,57,31,26,5421,2661,2760,5478,2692,2786
2001,Malta,51,43,8,76,46,30,127,89,38
2001,Netherlands,3762,3875,-113,8733,5455,3278,12495,9330,3165
2001,Norway,332,659,-327,1056,1035,21,1388,1694,-306
2001,Kosovo,0,0,0,0,0,0,0,0,0
2001,Austria,3657,5630,-1973,12163,9245,2918,15820,14875,945
2001,Poland,20872,11420,9452,79650,64601,15049,100522,76021,24501
2001,Portugal,879,958,-79,9414,10847,-1433,10293,11805,-1512
2001,Romania,817,345,472,20328,18558,1770,21145,18903,2242
2001,Slovakia,132,84,48,11424,9809,1615,11556,9893,1663
2001,Sweden,506,1031,-525,3200,2783,417,3706,3814,-108
2001,Switzerland,4093,9092,-4999,4191,4056,135,8284,13148,-4864
2001,Russian Federation,42425,1440,40985,36554,12028,24526,78979,13468,65511
2001,Spain,5909,6697,-788,9440,9632,-192,15349,16329,-980
2001,Turkey,1514,1384,130,54587,35884,18703,56101,37268,18833
2001,Czechia,908,669,239,11298,8635,2663,12206,9304,2902
2001,Hungary,766,673,93,17421,14988,2433,18187,15661,2526
2001,Ukraine,3347,190,3157,20530,5752,14778,23877,5942,17935
2001,United Kingdom,4594,5596,-1002,11584,10609,975,16178,16205,-27
2001,Belarus,205,42,163,4067,1399,2668,4272,1441,2831
2001,Serbia,0,0,0,0,0,0,0,0,0
2001,Cyprus,131,116,15,148,121,27,279,237,42
2001,Rest of Europe,670,487,183,30707,36714,-6007,31377,37201,-5824
2001,Algeria,60,56,4,3061,2091,970,3121,2147,974
2001,Angola,15,6,9,657,443,214,672,449,223
2001,Ethiopia,80,72,8,848,664,184,928,736,192
2001,Cote d'Ivoire,27,35,-8,393,237,156,420,272,148
2001,Nigeria,159,100,59,1536,1107,429,1695,1207,488
2001,Ghana,135,99,36,1877,814,1063,2012,913,1099
2001,Kenya,228,144,84,969,462,507,1197,606,591
2001,Congo Republic of the,18,19,-1,566,330,236,584,349,235
2001,Congo The Democratic Republic of the,9,8,1,564,659,-95,573,667,-94
2001,Libya,36,41,-5,701,424,277,737,465,272
2001,Morocco,191,147,44,5904,2579,3325,6095,2726,3369
2001,Niger,24,4,20,171,92,79,195,96,99
2001,Cameroon,77,47,30,2219,859,1360,2296,906,1390
2001,South Africa,1186,804,382,1355,893,462,2541,1697,844
2001,Rwanda,23,32,-9,70,79,-9,93,111,-18
2001,Namibia,341,204,137,133,83,50,474,287,187
2001,Senegal,57,57,0,279,218,61,336,275,61
2001,Somalia,17,5,12,447,588,-141,464,593,-129
2001,Tanzania,148,134,14,173,140,33,321,274,47
2001,Tunisia,244,205,39,2573,1211,1362,2817,1416,1401
2001,Uganda,56,68,-12,227,119,108,283,187,96
2001,Egypt,391,313,78,1917,1361,556,2308,1674,634
2001,Central African Republic,23,19,4,21,19,2,44,38,6
2001,Rest of Africa,700,495,205,8030,4379,3651,8730,4874,3856
2001,Argentina,618,271,347,1369,699,670,1987,970,1017
2001,Bolivia Plurinational State,182,126,56,269,186,83,451,312,139
2001,Brazil,1368,1071,297,5104,3096,2008,6472,4167,2305
2001,Chile,449,274,175,726,449,277,1175,723,452
2001,Costa Rica,129,82,47,155,96,59,284,178,106
2001,Honduras,59,23,36,84,38,46,143,61,82
2001,Canada,1322,1926,-604,2690,2302,388,4012,4228,-216
2001,Colombia,385,131,254,1848,919,929,2233,1050,1183
2001,Mexico,621,500,121,1674,1147,527,2295,1647,648
2001,Nicaragua,36,18,18,64,44,20,100,62,38
2001,Paraguay,339,240,99,163,111,52,502,351,151
2001,Peru,247,133,114,1175,567,608,1422,700,722
2001,Uruguay,114,58,56,135,79,56,249,137,112
2001,Venezuela Bolivarian Republic of,287,156,131,572,307,265,859,463,396
2001,United States,11514,13485,-1971,17435,17701,-266,28949,31186,-2237
2001,Rest of America,1044,691,353,3698,1586,2112,4742,2277,2465
2001,Yemen,42,28,14,346,195,151,388,223,165
2001,Armenia,58,10,48,1644,1296,348,1702,1306,396
2001,Afghanistan Republic of,31,27,4,5995,2446,3549,6026,2473,3553
2001,Azerbaijan,69,13,56,2703,769,1934,2772,782,1990
2001,Georgia,71,17,54,3734,2233,1501,3805,2250,1555
2001,Viet Nam,143,88,55,7774,3518,4256,7917,3606,4311
2001,Korea Democratic People's Republic,28,27,1,400,303,97,428,330,98
2001,India,462,381,81,8790,4602,4188,9252,4983,4269
2001,Indonesia,323,276,47,1638,959,679,1961,1235,726
2001,Iraq,80,17,63,18111,3145,14966,18191,3162,15029
2001,Iran Islamic Republic of,111,90,21,6573,3966,2607,6684,4056,2628
2001,Israel,399,381,18,1560,751,809,1959,1132,827
2001,Japan,484,452,32,5949,4823,1126,6433,5275,1158
2001,Kazakhstan,41212,557,40655,11937,2464,9473,53149,3021,50128
2001,Jordan,157,112,45,819,565,254,976,677,299
2001,Kuwait,23,31,-8,68,77,-9,91,108,-17
2001,Kyrgyzstan,1917,74,1843,1506,419,1087,3423,493,2930
2001,Lebanon,240,305,-65,2836,1543,1293,3076,1848,1228
2001,Pakistan,284,196,88,3299,2376,923,3583,2572,1011
2001,Philippines,477,361,116,1979,1151,828,2456,1512,944
2001,Korea Republic of,127,95,32,2817,1976,841,2944,2071,873
2001,United Arab Emirates,219,310,-91,356,150,206,575,460,115
2001,Tajikistan,61,5,56,120,56,64,181,61,120
2001,Saudi Arabia,182,144,38,290,169,121,472,313,159
2001,Singapore,504,420,84,395,295,100,899,715,184
2001,Syrian,148,105,43,4028,971,3057,4176,1076,3100
2001,Thailand,698,621,77,6695,2516,4179,7393,3137,4256
2001,Uzbekistan,933,17,916,1432,318,1114,2365,335,2030
2001,China,801,864,-63,19951,5962,13989,20752,6826,13926
2001,Rest of Asia,882,566,316,6803,5113,1690,7685,5679,2006
2001,Australia,1126,1614,-488,2189,1712,477,3315,3326,-11
2001,New Zealand,338,393,-55,461,307,154,799,700,99
2001,Rest of Oceania,92,84,8,63,78,-15,155,162,-7
2001,Unknown foreign countries,196,3881,-3685,4104,6096,-1992,4300,9977,-5677
2001,Unknown / Not specified,8096,8072,24,2460,6187,-3727,10556,14259,-3703
2001,Total,193958,109507,84451,685259,496987,188272,879217,606494,272723
2002,Albania,37,30,7,1461,939,522,1498,969,529
2002,Bosnia and Herzegovina,96,85,11,10470,9108,1362,10566,9193,1373
2002,Andorra,8,17,-9,8,9,-1,16,26,-10
2002,Belgium,1960,2465,-505,2479,2100,379,4439,4565,-126
2002,Bulgaria,190,120,70,13040,8562,4478,13230,8682,4548
2002,Denmark,595,724,-129,2294,2250,44,2889,2974,-85
2002,Estonia,105,43,62,886,571,315,991,614,377
2002,Finland,177,262,-85,2026,2396,-370,2203,2658,-455
2002,France,5412,6875,-1463,13207,12940,267,18619,19815,-1196
2002,Croatia,252,265,-13,12738,13463,-725,12990,13728,-738
2002,Slovenia,93,129,-36,2286,2373,-87,2379,2502,-123
2002,Greece,902,1102,-200,15011,18896,-3885,15913,19998,-4085
2002,Ireland,537,725,-188,1693,1909,-216,2230,2634,-404
2002,Iceland,60,87,-27,234,181,53,294,268,26
2002,Italy,2503,3264,-761,24379,33271,-8892,26882,36535,-9653
2002,Latvia,137,52,85,2058,1326,732,2195,1378,817
2002,Montenegro (since 2006-06-03),0,0,0,0,0,0,0,0,0
2002,Lithuania,305,60,245,3830,2230,1600,4135,2290,1845
2002,Luxembourg,583,667,-84,1156,660,496,1739,1327,412
2002,North Macedonia,37,49,-12,3913,3318,595,3950,3367,583
2002,Malta,46,48,-2,65,43,22,111,91,20
2002,Netherlands,3772,3660,112,10204,5676,4528,13976,9336,4640
2002,Norway,378,821,-443,1156,932,224,1534,1753,-219
2002,Kosovo,0,0,0,0,0,0,0,0,0
2002,Austria,3687,6279,-2592,10714,9650,1064,14401,15929,-1528
2002,Poland,19502,11084,8418,81466,67655,13811,100968,78739,22229
2002,Portugal,860,806,54,7946,10509,-2563,8806,11315,-2509
2002,Romania,757,403,354,23803,17431,6372,24560,17834,6726
2002,Slovakia,146,95,51,11454,9725,1729,11600,9820,1780
2002,Sweden,598,1144,-546,2883,2732,151,3481,3876,-395
2002,Switzerland,4271,10703,-6432,4262,3957,305,8533,14660,-6127
2002,Russian Federation,41587,1710,39877,35816,13213,22603,77403,14923,62480
2002,Spain,6193,6767,-574,9233,9914,-681,15426,16681,-1255
2002,Turkey,1461,1307,154,57187,35433,21754,58648,36740,21908
2002,Czechia,799,688,111,10351,9003,1348,11150,9691,1459
2002,Hungary,680,769,-89,16531,15642,889,17211,16411,800
2002,Ukraine,3729,178,3551,20318,6400,13918,24047,6578,17469
2002,United Kingdom,4464,5806,-1342,10239,10856,-617,14703,16662,-1959
2002,Belarus,387,35,352,3982,1674,2308,4369,1709,2660
2002,Serbia,0,0,0,0,0,0,0,0,0
2002,Cyprus,96,120,-24,164,122,42,260,242,18
2002,Rest of Europe,883,483,400,27786,37103,-9317,28669,37586,-8917
2002,Algeria,341,296,45,2649,1761,888,2990,2057,933
2002,Angola,18,14,4,926,481,445,944,495,449
2002,Ethiopia,84,76,8,998,603,395,1082,679,403
2002,Cote d'Ivoire,42,22,20,500,216,284,542,238,304
2002,Nigeria,137,112,25,1941,1206,735,2078,1318,760
2002,Ghana,122,95,27,1990,867,1123,2112,962,1150
2002,Kenya,188,164,24,1039,502,537,1227,666,561
2002,Congo Republic of the,14,9,5,573,270,303,587,279,308
2002,Congo The Democratic Republic of the,5,8,-3,697,593,104,702,601,101
2002,Libya,44,29,15,593,567,26,637,596,41
2002,Morocco,228,164,64,6179,2675,3504,6407,2839,3568
2002,Niger,20,18,2,233,78,155,253,96,157
2002,Cameroon,75,39,36,2799,1053,1746,2874,1092,1782
2002,South Africa,1033,960,73,1312,862,450,2345,1822,523
2002,Rwanda,19,22,-3,74,57,17,93,79,14
2002,Namibia,295,262,33,140,97,43,435,359,76
2002,Senegal,50,38,12,252,182,70,302,220,82
2002,Somalia,1,13,-12,369,507,-138,370,520,-150
2002,Tanzania,130,113,17,203,116,87,333,229,104
2002,Tunisia,245,209,36,2440,1235,1205,2685,1444,1241
2002,Uganda,44,48,-4,296,122,174,340,170,170
2002,Egypt,54,53,1,2157,1591,566,2211,1644,567
2002,Central African Republic,11,18,-7,26,30,-4,37,48,-11
2002,Rest of Africa,684,501,183,7101,4831,2270,7785,5332,2453
2002,Argentina,887,264,623,1831,727,1104,2718,991,1727
2002,Bolivia Plurinational State,218,148,70,335,143,192,553,291,262
2002,Brazil,1237,1069,168,4835,3087,1748,6072,4156,1916
2002,Chile,416,279,137,752,470,282,1168,749,419
2002,Costa Rica,119,100,19,160,100,60,279,200,79
2002,Honduras,30,22,8,100,46,54,130,68,62
2002,Canada,1104,2023,-919,2729,2286,443,3833,4309,-476
2002,Colombia,311,142,169,1621,775,846,1932,917,1015
2002,Mexico,589,502,87,1853,1163,690,2442,1665,777
2002,Nicaragua,65,36,29,54,24,30,119,60,59
2002,Paraguay,329,204,125,183,95,88,512,299,213
2002,Peru,226,172,54,1168,586,582,1394,758,636
2002,Uruguay,118,73,45,144,52,92,262,125,137
2002,Venezuela Bolivarian Republic of,277,151,126,546,307,239,823,458,365
2002,United States,11268,13047,-1779,16688,15711,977,27956,28758,-802
2002,Rest of America,988,655,333,3495,1638,1857,4483,2293,2190
2002,Yemen,31,30,1,381,182,199,412,212,200
2002,Armenia,88,11,77,1541,1290,251,1629,1301,328
2002,Afghanistan Republic of,20,74,-54,3545,1921,1624,3565,1995,1570
2002,Azerbaijan,54,18,36,2675,975,1700,2729,993,1736
2002,Georgia,68,29,39,4255,2525,1730,4323,2554,1769
2002,Viet Nam,134,88,46,6756,4107,2649,6890,4195,2695
2002,Korea Democratic People's Republic,25,35,-10,560,282,278,585,317,268
2002,India,414,332,82,8999,4956,4043,9413,5288,4125
2002,Indonesia,302,212,90,1578,1074,504,1880,1286,594
2002,Iraq,45,24,21,12466,4884,7582,12511,4908,7603
2002,Iran Islamic Republic of,137,155,-18,5952,3612,2340,6089,3767,2322
2002,Israel,432,291,141,1804,717,1087,2236,1008,1228
2002,Japan,520,470,50,5639,5175,464,6159,5645,514
2002,Kazakhstan,33964,529,33435,11901,2334,9567,45865,2863,43002
2002,Jordan,133,127,6,831,499,332,964,626,338
2002,Kuwait,22,34,-12,80,51,29,102,85,17
2002,Kyrgyzstan,1715,49,1666,1556,487,1069,3271,536,2735
2002,Lebanon,229,229,0,3102,1438,1664,3331,1667,1664
2002,Pakistan,233,261,-28,2967,1570,1397,3200,1831,1369
2002,Philippines,400,335,65,1854,1107,747,2254,1442,812
2002,Korea Republic of,119,102,17,2902,2020,882,3021,2122,899
2002,United Arab Emirates,226,309,-83,261,147,114,487,456,31
2002,Tajikistan,61,27,34,142,55,87,203,82,121
2002,Saudi Arabia,186,141,45,369,196,173,555,337,218
2002,Singapore,467,372,95,425,286,139,892,658,234
2002,Syrian,142,149,-7,3530,983,2547,3672,1132,2540
2002,Thailand,761,659,102,6786,2630,4156,7547,3289,4258
2002,Uzbekistan,873,38,835,1519,388,1131,2392,426,1966
2002,China,823,1014,-191,18297,8445,9852,19120,9459,9661
2002,Rest of Asia,774,687,87,6520,4461,2059,7294,5148,2146
2002,Australia,1205,1715,-510,2132,1653,479,3337,3368,-31
2002,New Zealand,306,455,-149,412,301,111,718,756,-38
2002,Rest of Oceania,85,86,-1,68,42,26,153,128,25
2002,Unknown foreign countries,188,5783,-5595,3478,6729,-3251,3666,12512,-8846
2002,Unknown / Not specified,8669,10716,-2047,2348,6166,-3818,11017,16882,-5865
2002,Total,184202,117683,66519,658341,505572,152769,842543,623255,219288
2003,Albania,33,44,-11,1482,1008,474,1515,1052,463
2003,Bosnia and Herzegovina,124,95,29,8311,7790,521,8435,7885,550
2003,Andorra,19,15,4,14,11,3,33,26,7
2003,Belgium,1929,2471,-542,2362,2152,210,4291,4623,-332
2003,Bulgaria,205,141,64,13204,9947,3257,13409,10088,3321
2003,Denmark,502,741,-239,2191,1971,220,2693,2712,-19
2003,Estonia,104,60,44,843,537,306,947,597,350
2003,Finland,159,301,-142,2045,2079,-34,2204,2380,-176
2003,France,5061,6864,-1803,13072,12196,876,18133,19060,-927
2003,Croatia,267,342,-75,11230,11534,-304,11497,11876,-379
2003,Slovenia,61,120,-59,1992,2226,-234,2053,2346,-293
2003,Greece,883,1040,-157,12076,17066,-4990,12959,18106,-5147
2003,Ireland,587,774,-187,1459,1641,-182,2046,2415,-369
2003,Iceland,49,66,-17,224,214,10,273,280,-7
2003,Italy,2531,3083,-552,21171,30719,-9548,23702,33802,-10100
2003,Latvia,98,59,39,1868,1415,453,1966,1474,492
2003,Montenegro (since 2006-06-03),0,0,0,0,0,0,0,0,0
2003,Lithuania,264,56,208,3193,1955,1238,3457,2011,1446
2003,Luxembourg,518,735,-217,1210,775,435,1728,1510,218
2003,North Macedonia,62,44,18,3620,2639,981,3682,2683,999
2003,Malta,51,67,-16,47,53,-6,98,120,-22
2003,Netherlands,3576,3345,231,9439,5271,4168,13015,8616,4399
2003,Norway,367,858,-491,1072,872,200,1439,1730,-291
2003,Kosovo,0,0,0,0,0,0,0,0,0
2003,Austria,3856,6903,-3047,9600,9073,527,13456,15976,-2520
2003,Poland,16904,10262,6642,88020,72648,15372,104924,82910,22014
2003,Portugal,768,845,-77,6931,8035,-1104,7699,8880,-1181
2003,Romania,600,415,185,23456,18909,4547,24056,19324,4732
2003,Slovakia,118,124,-6,10566,9422,1144,10684,9546,1138
2003,Sweden,534,1231,-697,2863,2555,308,3397,3786,-389
2003,Switzerland,4420,11225,-6805,4127,3567,560,8547,14792,-6245
2003,Russian Federation,36280,1854,34426,31009,12995,18014,67289,14849,52440
2003,Spain,6156,6769,-613,8491,9467,-976,14647,16236,-1589
2003,Turkey,1492,1602,-110,48207,34010,14197,49699,35612,14087
2003,Czechia,702,710,-8,8556,8199,357,9258,8909,349
2003,Hungary,709,653,56,14256,14776,-520,14965,15429,-464
2003,Ukraine,2877,153,2724,17441,6156,11285,20318,6309,14009
2003,United Kingdom,4186,6264,-2078,9011,9286,-275,13197,15550,-2353
2003,Belarus,295,32,263,4092,1918,2174,4387,1950,2437
2003,Serbia,0,0,0,0,0,0,0,0,0
2003,Cyprus,126,144,-18,134,162,-28,260,306,-46
2003,Rest of Europe,702,456,246,23196,28666,-5470,23898,29122,-5224
2003,Algeria,82,71,11,2358,2125,233,2440,2196,244
2003,Angola,15,26,-11,566,511,55,581,537,44
2003,Ethiopia,110,99,11,906,503,403,1016,602,414
2003,Cote d'Ivoire,64,22,42,616,257,359,680,279,401
2003,Nigeria,150,103,47,2091,1384,707,2241,1487,754
2003,Ghana,140,113,27,1646,815,831,1786,928,858
2003,Kenya,237,185,52,994,475,519,1231,660,571
2003,Congo Republic of the,17,19,-2,313,340,-27,330,359,-29
2003,Congo The Democratic Republic of the,5,11,-6,492,682,-190,497,693,-196
2003,Libya,28,35,-7,543,452,91,571,487,84
2003,Morocco,202,163,39,5819,2628,3191,6021,2791,3230
2003,Niger,19,12,7,163,85,78,182,97,85
2003,Cameroon,55,63,-8,2543,1169,1374,2598,1232,1366
2003,South Africa,819,973,-154,1156,1005,151,1975,1978,-3
2003,Rwanda,12,21,-9,83,54,29,95,75,20
2003,Namibia,253,195,58,85,81,4,338,276,62
2003,Senegal,49,54,-5,264,141,123,313,195,118
2003,Somalia,4,2,2,412,405,7,416,407,9
2003,Tanzania,134,131,3,232,141,91,366,272,94
2003,Tunisia,247,203,44,2332,1098,1234,2579,1301,1278
2003,Uganda,50,68,-18,260,135,125,310,203,107
2003,Egypt,298,347,-49,1592,1512,80,1890,1859,31
2003,Central African Republic,24,12,12,39,19,20,63,31,32
2003,Rest of Africa,671,523,148,6761,4258,2503,7432,4781,2651
2003,Argentina,465,350,115,1323,795,528,1788,1145,643
2003,Bolivia Plurinational State,217,136,81,322,228,94,539,364,175
2003,Brazil,1287,1114,173,4880,3147,1733,6167,4261,1906
2003,Chile,369,336,33,776,525,251,1145,861,284
2003,Costa Rica,105,87,18,137,113,24,242,200,42
2003,Honduras,35,33,2,84,45,39,119,78,41
2003,Canada,1155,2442,-1287,2816,2386,430,3971,4828,-857
2003,Colombia,250,171,79,1313,815,498,1563,986,577
2003,Mexico,534,493,41,2025,1294,731,2559,1787,772
2003,Nicaragua,39,51,-12,69,51,18,108,102,6
2003,Paraguay,376,228,148,210,97,113,586,325,261
2003,Peru,260,147,113,1208,554,654,1468,701,767
2003,Uruguay,93,65,28,126,40,86,219,105,114
2003,Venezuela Bolivarian Republic of,330,157,173,616,284,332,946,441,505
2003,United States,10348,12325,-1977,15547,14823,724,25895,27148,-1253
2003,Rest of America,845,639,206,3386,1652,1734,4231,2291,1940
2003,Yemen,33,30,3,375,210,165,408,240,168
2003,Armenia,38,11,27,1234,1126,108,1272,1137,135
2003,Afghanistan Republic of,64,156,-92,2165,1493,672,2229,1649,580
2003,Azerbaijan,46,13,33,2287,981,1306,2333,994,1339
2003,Georgia,85,21,64,3862,2810,1052,3947,2831,1116
2003,Viet Nam,112,94,18,6510,4452,2058,6622,4546,2076
2003,Korea Democratic People's Republic,38,61,-23,425,376,49,463,437,26
2003,India,387,373,14,8804,5391,3413,9191,5764,3427
2003,Indonesia,251,196,55,1497,1197,300,1748,1393,355
2003,Iraq,64,72,-8,5916,4382,1534,5980,4454,1526
2003,Iran Islamic Republic of,130,194,-64,4769,3208,1561,4899,3402,1497
2003,Israel,365,367,-2,1746,888,858,2111,1255,856
2003,Japan,439,526,-87,5768,5205,563,6207,5731,476
2003,Kazakhstan,23557,571,22986,9264,1968,7296,32821,2539,30282
2003,Jordan,138,125,13,731,497,234,869,622,247
2003,Kuwait,52,64,-12,86,59,27,138,123,15
2003,Kyrgyzstan,1822,68,1754,1421,448,973,3243,516,2727
2003,Lebanon,293,349,-56,3116,1701,1415,3409,2050,1359
2003,Pakistan,229,234,-5,3215,1591,1624,3444,1825,1619
2003,Philippines,449,393,56,1663,1016,647,2112,1409,703
2003,Korea Republic of,98,134,-36,3005,2306,699,3103,2440,663
2003,United Arab Emirates,211,464,-253,579,405,174,790,869,-79
2003,Tajikistan,57,70,-13,92,75,17,149,145,4
2003,Saudi Arabia,191,139,52,444,230,214,635,369,266
2003,Singapore,462,341,121,401,301,100,863,642,221
2003,Syrian,168,158,10,2790,1116,1674,2958,1274,1684
2003,Thailand,732,715,17,6001,2529,3472,6733,3244,3489
2003,Uzbekistan,731,37,694,1275,402,873,2006,439,1567
2003,China,898,1133,-235,15801,10866,4935,16699,11999,4700
2003,Rest of Asia,777,696,81,6058,4529,1529,6835,5225,1610
2003,Australia,1189,1923,-734,1839,1722,117,3028,3645,-617
2003,New Zealand,310,569,-259,380,388,-8,690,957,-267
2003,Rest of Oceania,81,95,-14,47,35,12,128,130,-2
2003,Unknown foreign countries,0,0,0,0,0,0,0,0,0
2003,Unknown / Not specified,14151,23687,-9536,9008,24121,-15113,23159,47808,-24649
2003,Total,167216,127267,39949,601759,499063,102696,768975,626330,142645
2004,Albania,66,31,35,1202,986,216,1268,1017,251
2004,Bosnia and Herzegovina,142,99,43,8003,8016,-13,8145,8115,30
2004,Andorra,13,22,-9,11,14,-3,24,36,-12
2004,Belgium,1893,2584,-691,2456,2352,104,4349,4936,-587
2004,Bulgaria,153,148,5,11431,9951,1480,11584,10099,1485
2004,Denmark,504,735,-231,2174,2327,-153,2678,3062,-384
2004,Estonia,82,64,18,777,724,53,859,788,71
2004,Finland,182,333,-151,2047,2363,-316,2229,2696,-467
2004,France,5159,7270,-2111,13210,13576,-366,18369,20846,-2477
2004,Croatia,234,338,-104,10118,11902,-1784,10352,12240,-1888
2004,Slovenia,90,191,-101,2321,2337,-16,2411,2528,-117
2004,Greece,783,1165,-382,10100,19352,-9252,10883,20517,-9634
2004,Ireland,497,883,-386,1158,1606,-448,1655,2489,-834
2004,Iceland,47,65,-18,215,213,2,262,278,-16
2004,Italy,2421,3448,-1027,19001,32825,-13824,21422,36273,-14851
2004,Latvia,104,74,30,2315,1621,694,2419,1695,724
2004,Montenegro (since 2006-06-03),0,0,0,0,0,0,0,0,0
2004,Lithuania,227,106,121,4737,2250,2487,4964,2356,2608
2004,Luxembourg,571,732,-161,1416,938,478,1987,1670,317
2004,North Macedonia,33,30,3,3227,2767,460,3260,2797,463
2004,Malta,36,67,-31,48,63,-15,84,130,-46
2004,Netherlands,3647,3571,76,9379,6210,3169,13026,9781,3245
2004,Norway,327,886,-559,1048,925,123,1375,1811,-436
2004,Kosovo,0,0,0,0,0,0,0,0,0
2004,Austria,4027,8532,-4505,9439,9996,-557,13466,18528,-5062
2004,Poland,14654,9658,4996,124629,94880,29749,139283,104538,34745
2004,Portugal,742,816,-74,5483,8282,-2799,6225,9098,-2873
2004,Romania,586,463,123,23239,19376,3863,23825,19839,3986
2004,Slovakia,138,181,-43,11582,10067,1515,11720,10248,1472
2004,Sweden,570,1327,-757,2914,2841,73,3484,4168,-684
2004,Switzerland,4795,12818,-8023,4328,4046,282,9123,16864,-7741
2004,Russian Federation,30931,2314,28617,27663,12920,14743,58594,15234,43360
2004,Spain,5922,7196,-1274,8484,10814,-2330,14406,18010,-3604
2004,Turkey,1533,2125,-592,40689,34933,5756,42222,37058,5164
2004,Czechia,738,919,-181,8973,8160,813,9711,9079,632
2004,Hungary,621,903,-282,17369,16254,1115,17990,17157,833
2004,Ukraine,2497,252,2245,14676,5838,8838,17173,6090,11083
2004,United Kingdom,4049,7842,-3793,8670,10687,-2017,12719,18529,-5810
2004,Belarus,361,52,309,3335,1822,1513,3696,1874,1822
2004,Serbia,0,0,0,0,0,0,0,0,0
2004,Cyprus,113,152,-39,144,150,-6,257,302,-45
2004,Rest of Europe,625,443,182,21884,26310,-4426,22509,26753,-4244
2004,Algeria,73,114,-41,2011,2079,-68,2084,2193,-109
2004,Angola,10,20,-10,329,403,-74,339,423,-84
2004,Ethiopia,88,108,-20,820,434,386,908,542,366
2004,Cote d'Ivoire,21,10,11,398,311,87,419,321,98
2004,Nigeria,150,91,59,2174,1645,529,2324,1736,588
2004,Ghana,154,134,20,1565,962,603,1719,1096,623
2004,Kenya,187,205,-18,1025,497,528,1212,702,510
2004,Congo Republic of the,11,9,2,235,383,-148,246,392,-146
2004,Congo The Democratic Republic of the,13,23,-10,396,642,-246,409,665,-256
2004,Libya,34,26,8,565,480,85,599,506,93
2004,Morocco,215,186,29,4332,2847,1485,4547,3033,1514
2004,Niger,20,11,9,168,93,75,188,104,84
2004,Cameroon,67,54,13,2345,1480,865,2412,1534,878
2004,South Africa,843,1074,-231,1043,1067,-24,1886,2141,-255
2004,Rwanda,18,15,3,79,52,27,97,67,30
2004,Namibia,203,225,-22,92,60,32,295,285,10
2004,Senegal,47,30,17,227,181,46,274,211,63
2004,Somalia,5,12,-7,348,335,13,353,347,6
2004,Tanzania,130,130,0,190,195,-5,320,325,-5
2004,Tunisia,225,249,-24,2542,1256,1286,2767,1505,1262
2004,Uganda,53,37,16,242,166,76,295,203,92
2004,Egypt,347,387,-40,1446,1458,-12,1793,1845,-52
2004,Central African Republic,10,8,2,31,47,-16,41,55,-14
2004,Rest of Africa,572,501,71,6211,4451,1760,6783,4952,1831
2004,Argentina,316,372,-56,958,777,181,1274,1149,125
2004,Bolivia Plurinational State,180,175,5,336,223,113,516,398,118
2004,Brazil,1137,1155,-18,5303,3516,1787,6440,4671,1769
2004,Chile,341,336,5,795,524,271,1136,860,276
2004,Costa Rica,94,115,-21,142,114,28,236,229,7
2004,Honduras,47,34,13,70,58,12,117,92,25
2004,Canada,1038,2511,-1473,2652,2462,190,3690,4973,-1283
2004,Colombia,236,169,67,1340,816,524,1576,985,591
2004,Mexico,569,546,23,2063,1504,559,2632,2050,582
2004,Nicaragua,40,40,0,49,60,-11,89,100,-11
2004,Paraguay,255,256,-1,193,135,58,448,391,57
2004,Peru,216,185,31,1164,708,456,1380,893,487
2004,Uruguay,56,55,1,99,87,12,155,142,13
2004,Venezuela Bolivarian Republic of,184,173,11,483,306,177,667,479,188
2004,United States,9677,12976,-3299,16049,15875,174,25726,28851,-3125
2004,Rest of America,802,732,70,2941,1856,1085,3743,2588,1155
2004,Yemen,26,36,-10,396,270,126,422,306,116
2004,Armenia,15,22,-7,1022,1218,-196,1037,1240,-203
2004,Afghanistan Republic of,79,121,-42,1901,1587,314,1980,1708,272
2004,Azerbaijan,59,25,34,2364,1339,1025,2423,1364,1059
2004,Georgia,88,34,54,3243,3054,189,3331,3088,243
2004,Viet Nam,108,139,-31,5744,4694,1050,5852,4833,1019
2004,Korea Democratic People's Republic,53,44,9,504,510,-6,557,554,3
2004,India,378,404,-26,8652,6342,2310,9030,6746,2284
2004,Indonesia,258,220,38,1410,1305,105,1668,1525,143
2004,Iraq,48,162,-114,2953,4566,-1613,3001,4728,-1727
2004,Iran Islamic Republic of,184,313,-129,3954,3184,770,4138,3497,641
2004,Israel,289,416,-127,1445,961,484,1734,1377,357
2004,Japan,498,511,-13,5447,5532,-85,5945,6043,-98
2004,Kazakhstan,17750,671,17079,6948,1833,5115,24698,2504,22194
2004,Jordan,149,153,-4,730,542,188,879,695,184
2004,Kuwait,33,67,-34,105,85,20,138,152,-14
2004,Kyrgyzstan,1430,58,1372,1278,429,849,2708,487,2221
2004,Lebanon,305,437,-132,2708,1729,979,3013,2166,847
2004,Pakistan,241,248,-7,3335,1936,1399,3576,2184,1392
2004,Philippines,377,421,-44,1318,961,357,1695,1382,313
2004,Korea Republic of,88,105,-17,2629,2478,151,2717,2583,134
2004,United Arab Emirates,258,612,-354,811,769,42,1069,1381,-312
2004,Tajikistan,38,51,-13,99,89,10,137,140,-3
2004,Saudi Arabia,155,123,32,399,320,79,554,443,111
2004,Singapore,320,469,-149,457,345,112,777,814,-37
2004,Syrian,150,167,-17,2255,1174,1081,2405,1341,1064
2004,Thailand,720,885,-165,5468,2558,2910,6188,3443,2745
2004,Uzbekistan,616,44,572,1105,419,686,1721,463,1258
2004,China,837,1696,-859,12941,12034,907,13778,13730,48
2004,Rest of Asia,729,776,-47,5019,4452,567,5748,5228,520
2004,Australia,1335,2190,-855,1844,1752,92,3179,3942,-763
2004,New Zealand,370,705,-335,381,335,46,751,1040,-289
2004,Rest of Oceania,95,71,24,35,41,-6,130,112,18
2004,Unknown foreign countries,0,0,0,0,0,0,0,0,0
2004,Unknown / Not specified,41117,35947,5170,9936,26883,-16947,51053,62830,-11777
2004,Total,177993,150667,27326,602182,546965,55217,780175,697632,82543
2005,Albania,29,39,-10,1092,797,295,1121,836,285
2005,Bosnia and Herzegovina,69,78,-9,7004,6865,139,7073,6943,130
2005,Andorra,9,12,-3,13,6,7,22,18,4
2005,Belgium,2033,2491,-458,2234,1911,323,4267,4402,-135
2005,Bulgaria,154,178,-24,8868,8721,147,9022,8899,123
2005,Denmark,547,889,-342,2122,1805,317,2669,2694,-25
2005,Estonia,76,69,7,697,453,244,773,522,251
2005,Finland,188,327,-139,1981,1845,136,2169,2172,-3
2005,France,5593,7316,-1723,13010,10641,2369,18603,17957,646
2005,Croatia,252,378,-126,8956,10711,-1755,9208,11089,-1881
2005,Slovenia,71,195,-124,1442,1561,-119,1513,1756,-243
2005,Greece,772,1236,-464,8920,15648,-6728,9692,16884,-7192
2005,Ireland,506,1017,-511,1045,1024,21,1551,2041,-490
2005,Iceland,34,106,-72,153,189,-36,187,295,-108
2005,Italy,2498,3435,-937,17770,25144,-7374,20268,28579,-8311
2005,Latvia,83,72,11,2419,1368,1051,2502,1440,1062
2005,Montenegro (since 2006-06-03),0,0,0,0,0,0,0,0,0
2005,Lithuania,159,96,63,5309,2239,3070,5468,2335,3133
2005,Luxembourg,567,828,-261,1838,912,926,2405,1740,665
2005,North Macedonia,42,49,-7,2578,2031,547,2620,2080,540
2005,Malta,44,62,-18,67,51,16,111,113,-2
2005,Netherlands,3603,3404,199,10302,5358,4944,13905,8762,5143
2005,Norway,381,991,-610,944,826,118,1325,1817,-492
2005,Kosovo,0,0,0,0,0,0,0,0,0
2005,Austria,4437,9314,-4877,9321,8221,1100,13758,17535,-3777
2005,Poland,12214,9229,2985,146943,96262,50681,159157,105491,53666
2005,Portugal,725,946,-221,4883,6303,-1420,5608,7249,-1641
2005,Romania,514,520,-6,22873,19639,3234,23387,20159,3228
2005,Slovakia,137,231,-94,11714,8978,2736,11851,9209,2642
2005,Sweden,623,1422,-799,2664,2146,518,3287,3568,-281
2005,Switzerland,5184,14409,-9225,4221,3815,406,9405,18224,-8819
2005,Russian Federation,20588,2423,18165,22392,11918,10474,42980,14341,28639
2005,Spain,5972,7317,-1345,8032,8742,-710,14004,16059,-2055
2005,Turkey,1592,2795,-1203,34749,31800,2949,36341,34595,1746
2005,Czechia,658,959,-301,8609,6149,2460,9267,7108,2159
2005,Hungary,635,977,-342,18546,15475,3071,19181,16452,2729
2005,Ukraine,1512,296,1216,10268,5204,5064,11780,5500,6280
2005,United Kingdom,4388,9012,-4624,8223,8384,-161,12611,17396,-4785
2005,Belarus,274,49,225,2370,1459,911,2644,1508,1136
2005,Serbia,0,0,0,0,0,0,0,0,0
2005,Cyprus,107,145,-38,173,81,92,280,226,54
2005,Rest of Europe,491,445,46,17884,18988,-1104,18375,19433,-1058
2005,Algeria,110,128,-18,1446,1429,17,1556,1557,-1
2005,Angola,10,10,0,312,426,-114,322,436,-114
2005,Ethiopia,95,117,-22,517,405,112,612,522,90
2005,Cote d'Ivoire,26,14,12,312,244,68,338,258,80
2005,Nigeria,170,132,38,1635,1521,114,1805,1653,152
2005,Ghana,124,155,-31,1334,1000,334,1458,1155,303
2005,Kenya,231,192,39,1123,498,625,1354,690,664
2005,Congo Republic of the,11,19,-8,140,304,-164,151,323,-172
2005,Congo The Democratic Republic of the,18,22,-4,291,527,-236,309,549,-240
2005,Libya,30,43,-13,477,484,-7,507,527,-20
2005,Morocco,178,208,-30,3968,2514,1454,4146,2722,1424
2005,Niger,22,12,10,101,76,25,123,88,35
2005,Cameroon,66,46,20,2016,1365,651,2082,1411,671
2005,South Africa,862,1009,-147,944,834,110,1806,1843,-37
2005,Rwanda,12,24,-12,92,39,53,104,63,41
2005,Namibia,181,228,-47,77,86,-9,258,314,-56
2005,Senegal,61,53,8,220,154,66,281,207,74
2005,Somalia,11,6,5,214,236,-22,225,242,-17
2005,Tanzania,167,143,24,172,145,27,339,288,51
2005,Tunisia,238,304,-66,2238,1199,1039,2476,1503,973
2005,Uganda,69,79,-10,192,181,11,261,260,1
2005,Egypt,403,453,-50,1410,1338,72,1813,1791,22
2005,Central African Republic,7,19,-12,23,24,-1,30,43,-13
2005,Rest of Africa,637,550,87,4362,3721,641,4999,4271,728
2005,Argentina,324,374,-50,929,693,236,1253,1067,186
2005,Bolivia Plurinational State,180,143,37,319,215,104,499,358,141
2005,Brazil,1269,1371,-102,5859,3762,2097,7128,5133,1995
2005,Chile,389,326,63,731,585,146,1120,911,209
2005,Costa Rica,110,118,-8,147,111,36,257,229,28
2005,Honduras,29,40,-11,68,35,33,97,75,22
2005,Canada,1141,3029,-1888,2594,2396,198,3735,5425,-1690
2005,Colombia,302,209,93,1245,745,500,1547,954,593
2005,Mexico,559,593,-34,2148,1487,661,2707,2080,627
2005,Nicaragua,53,38,15,65,38,27,118,76,42
2005,Paraguay,274,350,-76,199,118,81,473,468,5
2005,Peru,228,195,33,1086,636,450,1314,831,483
2005,Uruguay,54,76,-22,80,67,13,134,143,-9
2005,Venezuela Bolivarian Republic of,197,179,18,488,291,197,685,470,215
2005,United States,8902,13569,-4667,16002,15287,715,24904,28856,-3952
2005,Rest of America,857,736,121,2746,1531,1215,3603,2267,1336
2005,Yemen,37,54,-17,282,212,70,319,266,53
2005,Armenia,21,10,11,776,973,-197,797,983,-186
2005,Afghanistan Republic of,96,169,-73,1320,1396,-76,1416,1565,-149
2005,Azerbaijan,55,24,31,1112,1145,-33,1167,1169,-2
2005,Georgia,70,39,31,2682,2303,379,2752,2342,410
2005,Viet Nam,111,119,-8,4785,3984,801,4896,4103,793
2005,Korea Democratic People's Republic,33,37,-4,488,449,39,521,486,35
2005,India,438,545,-107,7865,6119,1746,8303,6664,1639
2005,Indonesia,246,309,-63,1305,1113,192,1551,1422,129
2005,Iraq,95,217,-122,3025,4014,-989,3120,4231,-1111
2005,Iran Islamic Republic of,209,313,-104,3170,2479,691,3379,2792,587
2005,Israel,325,455,-130,1297,904,393,1622,1359,263
2005,Japan,456,578,-122,5559,4903,656,6015,5481,534
2005,Kazakhstan,10460,728,9732,4924,1593,3331,15384,2321,13063
2005,Jordan,119,131,-12,629,536,93,748,667,81
2005,Kuwait,36,82,-46,240,209,31,276,291,-15
2005,Kyrgyzstan,774,50,724,938,420,518,1712,470,1242
2005,Lebanon,345,448,-103,2029,1505,524,2374,1953,421
2005,Pakistan,289,365,-76,2205,1719,486,2494,2084,410
2005,Philippines,427,437,-10,1389,889,500,1816,1326,490
2005,Korea Republic of,119,130,-11,3044,2295,749,3163,2425,738
2005,United Arab Emirates,375,833,-458,1264,1093,171,1639,1926,-287
2005,Tajikistan,67,46,21,82,57,25,149,103,46
2005,Saudi Arabia,129,115,14,621,457,164,750,572,178
2005,Singapore,294,466,-172,410,403,7,704,869,-165
2005,Syrian,99,161,-62,2097,1061,1036,2196,1222,974
2005,Thailand,796,1064,-268,4709,2329,2380,5505,3393,2112
2005,Uzbekistan,336,27,309,981,327,654,1317,354,963
2005,China,1099,2028,-929,11844,9938,1906,12943,11966,977
2005,Rest of Asia,704,844,-140,4745,3824,921,5449,4668,781
2005,Australia,1393,2512,-1119,1810,1594,216,3203,4106,-903
2005,New Zealand,393,853,-460,367,344,23,760,1197,-437
2005,Rest of Oceania,93,79,14,122,126,-4,215,205,10
2005,Unknown foreign countries,0,0,0,0,0,0,0,0,0
2005,Unknown / Not specified,11144,21478,-10334,10234,22454,-12220,21378,43932,-22554
2005,Total,128051,144815,-16764,579301,483584,95717,707352,628399,78953
2006,Albania,31,49,-18,942,664,278,973,713,260
2006,Bosnia and Herzegovina,90,126,-36,6579,6160,419,6669,6286,383
2006,Andorra,8,12,-4,5,3,2,13,15,-2
2006,Belgium,1799,2638,-839,2316,1902,414,4115,4540,-425
2006,Bulgaria,129,179,-50,7526,6973,553,7655,7152,503
2006,Denmark,482,1224,-742,2081,1891,190,2563,3115,-552
2006,Estonia,44,72,-28,577,446,131,621,518,103
2006,Finland,192,368,-176,1792,1778,14,1984,2146,-162
2006,France,5462,7572,-2110,13633,10218,3415,19095,17790,1305
2006,Croatia,233,415,-182,8310,9868,-1558,8543,10283,-1740
2006,Slovenia,71,224,-153,1086,1208,-122,1157,1432,-275
2006,Greece,768,1380,-612,8189,14273,-6084,8957,15653,-6696
2006,Ireland,632,1249,-617,1091,1081,10,1723,2330,-607
2006,Iceland,42,133,-91,162,157,5,204,290,-86
2006,Italy,2480,3437,-957,17650,23370,-5720,20130,26807,-6677
2006,Latvia,68,79,-11,2023,1459,564,2091,1538,553
2006,Montenegro (since 2006-06-03),8,3,5,153,69,84,161,72,89
2006,Lithuania,120,101,19,4806,2721,2085,4926,2822,2104
2006,Luxembourg,609,902,-293,2002,962,1040,2611,1864,747
2006,North Macedonia,46,65,-19,2463,1894,569,2509,1959,550
2006,Malta,56,75,-19,91,49,42,147,124,23
2006,Netherlands,3084,3554,-470,10970,5635,5335,14054,9189,4865
2006,Norway,406,1469,-1063,784,805,-21,1190,2274,-1084
2006,Kosovo,0,0,0,0,0,0,0,0,0
2006,Austria,4889,10345,-5456,9830,8259,1571,14719,18604,-3885
2006,Poland,11900,9090,2810,151743,103402,48341,163643,112492,51151
2006,Portugal,723,830,-107,4917,6184,-1267,5640,7014,-1374
2006,Romania,491,582,-91,23353,20273,3080,23844,20855,2989
2006,Slovakia,155,215,-60,11292,9225,2067,11447,9440,2007
2006,Sweden,612,1700,-1088,2569,2234,335,3181,3934,-753
2006,Switzerland,5836,18007,-12171,4535,4233,302,10371,22240,-11869
2006,Russian Federation,6816,2634,4182,16425,11233,5192,23241,13867,9374
2006,Spain,6023,8149,-2126,8196,8585,-389,14219,16734,-2515
2006,Turkey,1860,3451,-1591,29589,29778,-189,31449,33229,-1780
2006,Czechia,624,973,-349,7844,6228,1616,8468,7201,1267
2006,Hungary,640,998,-358,18634,14618,4016,19274,15616,3658
2006,Ukraine,711,284,427,6994,4652,2342,7705,4936,2769
2006,United Kingdom,4600,9395,-4795,8303,7924,379,12903,17319,-4416
2006,Belarus,99,60,39,1616,1252,364,1715,1312,403
2006,Serbia,0,0,0,0,0,0,0,0,0
2006,Cyprus,130,160,-30,139,111,28,269,271,-2
2006,Rest of Europe,428,532,-104,15176,15057,119,15604,15589,15
2006,Algeria,117,160,-43,1231,1226,5,1348,1386,-38
2006,Angola,19,33,-14,297,348,-51,316,381,-65
2006,Ethiopia,94,182,-88,582,352,230,676,534,142
2006,Cote d'Ivoire,12,10,2,221,216,5,233,226,7
2006,Nigeria,150,141,9,1694,1339,355,1844,1480,364
2006,Ghana,158,159,-1,1170,956,214,1328,1115,213
2006,Kenya,226,213,13,1254,549,705,1480,762,718
2006,Congo Republic of the,10,10,0,140,226,-86,150,236,-86
2006,Congo The Democratic Republic of the,21,22,-1,192,347,-155,213,369,-156
2006,Libya,33,39,-6,629,627,2,662,666,-4
2006,Morocco,227,255,-28,3570,2057,1513,3797,2312,1485
2006,Niger,15,18,-3,64,59,5,79,77,2
2006,Cameroon,57,72,-15,1600,1292,308,1657,1364,293
2006,South Africa,860,1068,-208,897,812,85,1757,1880,-123
2006,Rwanda,28,26,2,80,43,37,108,69,39
2006,Namibia,184,213,-29,101,62,39,285,275,10
2006,Senegal,50,61,-11,223,177,46,273,238,35
2006,Somalia,5,12,-7,144,197,-53,149,209,-60
2006,Tanzania,123,135,-12,146,134,12,269,269,0
2006,Tunisia,255,250,5,2266,1172,1094,2521,1422,1099
2006,Uganda,66,69,-3,143,112,31,209,181,28
2006,Egypt,434,525,-91,1657,1023,634,2091,1548,543
2006,Central African Republic,5,13,-8,7,10,-3,12,23,-11
2006,Rest of Africa,551,574,-23,3577,3522,55,4128,4096,32
2006,Argentina,288,366,-78,885,764,121,1173,1130,43
2006,Bolivia Plurinational State,164,133,31,330,203,127,494,336,158
2006,Brazil,1196,1300,-104,5972,3942,2030,7168,5242,1926
2006,Chile,305,323,-18,738,546,192,1043,869,174
2006,Costa Rica,106,117,-11,175,115,60,281,232,49
2006,Honduras,36,43,-7,72,58,14,108,101,7
2006,Canada,1101,3831,-2730,2494,2380,114,3595,6211,-2616
2006,Colombia,358,208,150,1394,759,635,1752,967,785
2006,Mexico,548,739,-191,2636,1584,1052,3184,2323,861
2006,Nicaragua,34,43,-9,58,37,21,92,80,12
2006,Paraguay,274,435,-161,174,123,51,448,558,-110
2006,Peru,216,220,-4,1055,629,426,1271,849,422
2006,Uruguay,74,71,3,81,78,3,155,149,6
2006,Venezuela Bolivarian Republic of,195,195,0,387,242,145,582,437,145
2006,United States,8815,13750,-4935,16341,15363,978,25156,29113,-3957
2006,Rest of America,791,785,6,2662,1453,1209,3453,2238,1215
2006,Yemen,38,42,-4,356,241,115,394,283,111
2006,Armenia,11,16,-5,670,939,-269,681,955,-274
2006,Afghanistan Republic of,143,138,5,1283,1281,2,1426,1419,7
2006,Azerbaijan,26,37,-11,891,941,-50,917,978,-61
2006,Georgia,44,31,13,2025,2148,-123,2069,2179,-110
2006,Viet Nam,141,196,-55,4491,4411,80,4632,4607,25
2006,Korea Democratic People's Republic,30,49,-19,387,404,-17,417,453,-36
2006,India,464,532,-68,8911,6909,2002,9375,7441,1934
2006,Indonesia,241,346,-105,1384,1201,183,1625,1547,78
2006,Iraq,163,309,-146,3390,3820,-430,3553,4129,-576
2006,Iran Islamic Republic of,234,306,-72,2851,2330,521,3085,2636,449
2006,Israel,371,422,-51,1398,936,462,1769,1358,411
2006,Japan,508,594,-86,5444,5041,403,5952,5635,317
2006,Kazakhstan,2121,747,1374,2685,1462,1223,4806,2209,2597
2006,Jordan,142,206,-64,604,597,7,746,803,-57
2006,Kuwait,29,73,-44,259,155,104,288,228,60
2006,Kyrgyzstan,225,63,162,767,449,318,992,512,480
2006,Lebanon,672,487,185,2265,1449,816,2937,1936,1001
2006,Pakistan,280,364,-84,1964,1340,624,2244,1704,540
2006,Philippines,390,426,-36,1312,775,537,1702,1201,501
2006,Korea Republic of,124,139,-15,3140,2129,1011,3264,2268,996
2006,United Arab Emirates,433,1144,-711,1015,1029,-14,1448,2173,-725
2006,Tajikistan,19,46,-27,128,89,39,147,135,12
2006,Saudi Arabia,127,182,-55,629,492,137,756,674,82
2006,Singapore,320,541,-221,411,354,57,731,895,-164
2006,Syrian,146,241,-95,1706,998,708,1852,1239,613
2006,Thailand,849,1105,-256,4174,2277,1897,5023,3382,1641
2006,Uzbekistan,103,23,80,736,369,367,839,392,447
2006,China,1342,2294,-952,12941,10604,2337,14283,12898,1385
2006,Rest of Asia,711,901,-190,4500,3645,855,5211,4546,665
2006,Australia,1500,2944,-1444,2014,1706,308,3514,4650,-1136
2006,New Zealand,501,1020,-519,428,312,116,929,1332,-403
2006,Rest of Oceania,79,83,-4,35,35,0,114,118,-4
2006,Unknown foreign countries,201,251,-50,9193,30393,-21200,9394,30644,-21250
2006,Unknown / Not specified,9062,19442,-10380,355,545,-190,9417,19987,-10570
2006,Total,103388,155290,-51902,558467,483774,74693,661855,639064,22791
2007,Albania,32,43,-11,898,616,282,930,659,271
2007,Bosnia and Herzegovina,124,137,-13,6377,6525,-148,6501,6662,-161
2007,Andorra,21,11,10,15,4,11,36,15,21
2007,Belgium,1868,2593,-725,2330,2123,207,4198,4716,-518
2007,Bulgaria,198,269,-71,20504,8113,12391,20702,8382,12320
2007,Denmark,589,2082,-1493,2042,1932,110,2631,4014,-1383
2007,Estonia,51,66,-15,675,460,215,726,526,200
2007,Finland,190,416,-226,2060,1756,304,2250,2172,78
2007,France,5851,7346,-1495,13776,10565,3211,19627,17911,1716
2007,Croatia,266,497,-231,8418,10113,-1695,8684,10610,-1926
2007,Slovenia,75,200,-125,1201,1257,-56,1276,1457,-181
2007,Greece,876,1524,-648,8032,14074,-6042,8908,15598,-6690
2007,Ireland,773,1376,-603,1089,1162,-73,1862,2538,-676
2007,Iceland,55,128,-73,140,181,-41,195,309,-114
2007,Italy,2587,3405,-818,18184,22008,-3824,20771,25413,-4642
2007,Latvia,71,110,-39,1686,1329,357,1757,1439,318
2007,Montenegro (since 2006-06-03),14,19,-5,623,256,367,637,275,362
2007,Lithuania,123,139,-16,3901,2778,1123,4024,2917,1107
2007,Luxembourg,703,908,-205,2521,1094,1427,3224,2002,1222
2007,North Macedonia,36,55,-19,2307,1729,578,2343,1784,559
2007,Malta,67,80,-13,84,40,44,151,120,31
2007,Netherlands,3012,3697,-685,11095,6374,4721,14107,10071,4036
2007,Norway,526,2485,-1959,879,861,18,1405,3346,-1941
2007,Kosovo,0,0,0,0,0,0,0,0,0
2007,Austria,5147,11201,-6054,10596,8951,1645,15743,20152,-4409
2007,Poland,13622,10451,3171,139967,110340,29627,153589,120791,32798
2007,Portugal,753,937,-184,5375,6051,-676,6128,6988,-860
2007,Romania,557,764,-207,42899,23290,19609,43456,24054,19402
2007,Slovakia,149,249,-100,9434,8223,1211,9583,8472,1111
2007,Sweden,718,2178,-1460,2538,2331,207,3256,4509,-1253
2007,Switzerland,6860,23459,-16599,4425,4778,-353,11285,28237,-16952
2007,Russian Federation,5527,2695,2832,14960,10227,4733,20487,12922,7565
2007,Spain,6944,8991,-2047,8571,8132,439,15515,17123,-1608
2007,Turkey,2232,3826,-1594,26694,28345,-1651,28926,32171,-3245
2007,Czechia,677,952,-275,6778,5684,1094,7455,6636,819
2007,Hungary,717,1028,-311,22163,16704,5459,22880,17732,5148
2007,Ukraine,603,327,276,7174,4477,2697,7777,4804,2973
2007,United Kingdom,5000,9996,-4996,8443,7946,497,13443,17942,-4499
2007,Belarus,110,66,44,1474,1003,471,1584,1069,515
2007,Serbia,0,0,0,0,0,0,0,0,0
2007,Cyprus,161,145,16,167,133,34,328,278,50
2007,Rest of Europe,402,545,-143,12631,11571,1060,13033,12116,917
2007,Algeria,129,146,-17,1263,1189,74,1392,1335,57
2007,Angola,29,33,-4,368,434,-66,397,467,-70
2007,Ethiopia,121,212,-91,618,390,228,739,602,137
2007,Cote d'Ivoire,17,18,-1,236,167,69,253,185,68
2007,Nigeria,150,146,4,1649,1201,448,1799,1347,452
2007,Ghana,141,180,-39,886,632,254,1027,812,215
2007,Kenya,253,202,51,1235,578,657,1488,780,708
2007,Congo Republic of the,17,13,4,179,192,-13,196,205,-9
2007,Congo The Democratic Republic of the,30,24,6,241,278,-37,271,302,-31
2007,Libya,32,45,-13,556,587,-31,588,632,-44
2007,Morocco,239,291,-52,3179,2139,1040,3418,2430,988
2007,Niger,8,11,-3,55,70,-15,63,81,-18
2007,Cameroon,79,59,20,1573,1142,431,1652,1201,451
2007,South Africa,948,1087,-139,844,719,125,1792,1806,-14
2007,Rwanda,28,36,-8,44,38,6,72,74,-2
2007,Namibia,233,235,-2,78,63,15,311,298,13
2007,Senegal,46,53,-7,210,131,79,256,184,72
2007,Somalia,3,4,-1,140,193,-53,143,197,-54
2007,Tanzania,150,101,49,154,117,37,304,218,86
2007,Tunisia,261,294,-33,1918,1180,738,2179,1474,705
2007,Uganda,85,75,10,147,103,44,232,178,54
2007,Egypt,462,482,-20,2040,1141,899,2502,1623,879
2007,Central African Republic,6,4,2,10,15,-5,16,19,-3
2007,Rest of Africa,594,670,-76,3372,2776,596,3966,3446,520
2007,Argentina,303,429,-126,944,745,199,1247,1174,73
2007,Bolivia Plurinational State,210,176,34,302,234,68,512,410,102
2007,Brazil,1290,1352,-62,6379,4164,2215,7669,5516,2153
2007,Chile,390,384,6,788,560,228,1178,944,234
2007,Costa Rica,111,154,-43,158,117,41,269,271,-2
2007,Honduras,36,58,-22,89,60,29,125,118,7
2007,Canada,1544,4480,-2936,2834,2399,435,4378,6879,-2501
2007,Colombia,319,236,83,1335,929,406,1654,1165,489
2007,Mexico,557,634,-77,2510,1890,620,3067,2524,543
2007,Nicaragua,40,47,-7,60,40,20,100,87,13
2007,Paraguay,299,502,-203,214,132,82,513,634,-121
2007,Peru,244,261,-17,928,596,332,1172,857,315
2007,Uruguay,62,89,-27,84,79,5,146,168,-22
2007,Venezuela Bolivarian Republic of,215,192,23,504,282,222,719,474,245
2007,United States,9444,14385,-4941,17495,16217,1278,26939,30602,-3663
2007,Rest of America,839,833,6,2514,1424,1090,3353,2257,1096
2007,Yemen,32,37,-5,347,400,-53,379,437,-58
2007,Armenia,19,25,-6,595,973,-378,614,998,-384
2007,Afghanistan Republic of,153,140,13,1201,986,215,1354,1126,228
2007,Azerbaijan,30,30,0,738,841,-103,768,871,-103
2007,Georgia,44,41,3,1563,1750,-187,1607,1791,-184
2007,Viet Nam,139,208,-69,4110,3832,278,4249,4040,209
2007,Korea Democratic People's Republic,33,53,-20,296,359,-63,329,412,-83
2007,India,488,707,-219,9367,7363,2004,9855,8070,1785
2007,Indonesia,297,281,16,1318,1137,181,1615,1418,197
2007,Iraq,231,278,-47,4962,3144,1818,5193,3422,1771
2007,Iran Islamic Republic of,258,354,-96,2632,2007,625,2890,2361,529
2007,Israel,325,373,-48,1308,827,481,1633,1200,433
2007,Japan,544,566,-22,5554,5043,511,6098,5609,489
2007,Kazakhstan,1867,684,1183,1960,1329,631,3827,2013,1814
2007,Jordan,198,221,-23,557,539,18,755,760,-5
2007,Kuwait,57,75,-18,223,184,39,280,259,21
2007,Kyrgyzstan,234,66,168,871,420,451,1105,486,619
2007,Lebanon,367,542,-175,2240,1463,777,2607,2005,602
2007,Pakistan,344,392,-48,1720,1316,404,2064,1708,356
2007,Philippines,406,467,-61,1346,866,480,1752,1333,419
2007,Korea Republic of,149,170,-21,3446,2649,797,3595,2819,776
2007,United Arab Emirates,610,1251,-641,1049,927,122,1659,2178,-519
2007,Tajikistan,50,53,-3,150,113,37,200,166,34
2007,Saudi Arabia,135,195,-60,633,517,116,768,712,56
2007,Singapore,411,661,-250,568,463,105,979,1124,-145
2007,Syrian,241,252,-11,1682,966,716,1923,1218,705
2007,Thailand,972,1201,-229,3589,2178,1411,4561,3379,1182
2007,Uzbekistan,119,39,80,769,359,410,888,398,490
2007,China,1488,2296,-808,13573,10775,2798,15061,13071,1990
2007,Rest of Asia,777,997,-220,4600,3455,1145,5377,4452,925
2007,Australia,1732,3317,-1585,2138,1830,308,3870,5147,-1277
2007,New Zealand,508,1162,-654,462,354,108,970,1516,-546
2007,Rest of Oceania,71,74,-3,34,25,9,105,99,6
2007,Unknown foreign countries,225,297,-72,7734,17280,-9546,7959,17577,-9618
2007,Unknown / Not specified,4209,9571,-5362,158,200,-42,4367,9771,-5404
2007,Total,106014,161105,-55091,574752,475749,99003,680766,636854,43912
2008,Albania,39,51,-12,861,736,125,900,787,113
2008,Bosnia and Herzegovina,90,144,-54,6140,7119,-979,6230,7263,-1033
2008,Andorra,14,16,-2,11,7,4,25,23,2
2008,Belgium,1995,2608,-613,2433,2473,-40,4428,5081,-653
2008,Bulgaria,207,283,-76,23627,15581,8046,23834,15864,7970
2008,Denmark,754,2208,-1454,2277,2341,-64,3031,4549,-1518
2008,Estonia,46,103,-57,601,671,-70,647,774,-127
2008,Finland,217,461,-244,1829,2024,-195,2046,2485,-439
2008,France,5844,7988,-2144,13928,13558,370,19772,21546,-1774
2008,Croatia,267,544,-277,8418,11556,-3138,8685,12100,-3415
2008,Slovenia,72,224,-152,1226,1676,-450,1298,1900,-602
2008,Greece,860,1543,-683,8302,15994,-7692,9162,17537,-8375
2008,Ireland,954,1363,-409,1215,1366,-151,2169,2729,-560
2008,Iceland,67,144,-77,217,230,-13,284,374,-90
2008,Italy,2640,3645,-1005,19809,24674,-4865,22449,28319,-5870
2008,Latvia,66,116,-50,1996,1653,343,2062,1769,293
2008,Montenegro (since 2006-06-03),21,45,-24,337,288,49,358,333,25
2008,Lithuania,128,132,-4,3326,2965,361,3454,3097,357
2008,Luxembourg,701,953,-252,2757,1383,1374,3458,2336,1122
2008,North Macedonia,53,54,-1,2260,2228,32,2313,2282,31
2008,Malta,53,110,-57,80,84,-4,133,194,-61
2008,Netherlands,2950,4282,-1332,11443,7503,3940,14393,11785,2608
2008,Norway,707,2973,-2266,822,1118,-296,1529,4091,-2562
2008,Kosovo,47,79,-32,2745,714,2031,2792,793,1999
2008,Austria,6202,13336,-7134,10626,10713,-87,16828,24049,-7221
2008,Poland,12131,13711,-1580,119177,118727,450,131308,132438,-1130
2008,Portugal,734,966,-232,5766,6700,-934,6500,7666,-1166
2008,Romania,628,917,-289,47014,37113,9901,47642,38030,9612
2008,Slovakia,190,271,-81,8638,9212,-574,8828,9483,-655
2008,Sweden,727,2410,-1683,2397,2569,-172,3124,4979,-1855
2008,Switzerland,8216,29139,-20923,4697,5922,-1225,12913,35061,-22148
2008,Russian Federation,4295,3299,996,14316,13100,1216,18611,16399,2212
2008,Spain,7891,9245,-1354,9497,10368,-871,17388,19613,-2225
2008,Turkey,2569,4609,-2040,26173,34280,-8107,28742,38889,-10147
2008,Czechia,668,986,-318,6604,7096,-492,7272,8082,-810
2008,Hungary,772,1132,-360,25100,21365,3735,25872,22497,3375
2008,Ukraine,604,430,174,6208,5593,615,6812,6023,789
2008,United Kingdom,5824,10706,-4882,9420,9593,-173,15244,20299,-5055
2008,Belarus,89,77,12,1430,1222,208,1519,1299,220
2008,Serbia,184,261,-77,8456,9404,-948,8640,9665,-1025
2008,Cyprus,124,189,-65,176,167,9,300,356,-56
2008,Rest of Europe,203,293,-90,1770,4391,-2621,1973,4684,-2711
2008,Algeria,149,177,-28,1299,1258,41,1448,1435,13
2008,Angola,27,23,4,340,438,-98,367,461,-94
2008,Ethiopia,144,172,-28,692,558,134,836,730,106
2008,Cote d'Ivoire,17,23,-6,258,218,40,275,241,34
2008,Nigeria,157,172,-15,1568,1468,100,1725,1640,85
2008,Ghana,151,197,-46,828,920,-92,979,1117,-138
2008,Kenya,268,284,-16,1219,714,505,1487,998,489
2008,Congo Republic of the,7,13,-6,175,170,5,182,183,-1
2008,Congo The Democratic Republic of the,32,36,-4,263,313,-50,295,349,-54
2008,Libya,41,75,-34,679,609,70,720,684,36
2008,Morocco,282,353,-71,3091,2629,462,3373,2982,391
2008,Niger,12,11,1,62,62,0,74,73,1
2008,Cameroon,73,65,8,1241,1246,-5,1314,1311,3
2008,South Africa,1069,1231,-162,1001,1001,0,2070,2232,-162
2008,Rwanda,34,32,2,50,58,-8,84,90,-6
2008,Namibia,249,295,-46,102,67,35,351,362,-11
2008,Senegal,65,75,-10,216,169,47,281,244,37
2008,Somalia,1,13,-12,227,241,-14,228,254,-26
2008,Tanzania,147,149,-2,159,156,3,306,305,1
2008,Tunisia,263,371,-108,1796,1547,249,2059,1918,141
2008,Uganda,84,104,-20,166,148,18,250,252,-2
2008,Egypt,488,645,-157,1815,1602,213,2303,2247,56
2008,Central African Republic,11,13,-2,14,21,-7,25,34,-9
2008,Rest of Africa,633,743,-110,3548,3232,316,4181,3975,206
2008,Argentina,367,502,-135,1061,1027,34,1428,1529,-101
2008,Bolivia Plurinational State,194,203,-9,265,317,-52,459,520,-61
2008,Brazil,1255,1446,-191,6527,5631,896,7782,7077,705
2008,Chile,406,409,-3,863,779,84,1269,1188,81
2008,Costa Rica,134,179,-45,182,171,11,316,350,-34
2008,Honduras,65,55,10,87,78,9,152,133,19
2008,Canada,1660,5605,-3945,2994,3223,-229,4654,8828,-4174
2008,Colombia,351,275,76,1545,1244,301,1896,1519,377
2008,Mexico,669,760,-91,2861,2435,426,3530,3195,335
2008,Nicaragua,61,53,8,73,28,45,134,81,53
2008,Paraguay,344,505,-161,175,183,-8,519,688,-169
2008,Peru,224,259,-35,821,740,81,1045,999,46
2008,Uruguay,65,134,-69,86,74,12,151,208,-57
2008,Venezuela Bolivarian Republic of,209,205,4,481,433,48,690,638,52
2008,United States,10524,15436,-4912,18621,20156,-1535,29145,35592,-6447
2008,Rest of America,787,890,-103,2149,1977,172,2936,2867,69
2008,Yemen,52,58,-6,471,304,167,523,362,161
2008,Armenia,24,20,4,559,830,-271,583,850,-267
2008,Afghanistan Republic of,178,171,7,1712,1383,329,1890,1554,336
2008,Azerbaijan,28,39,-11,790,897,-107,818,936,-118
2008,Georgia,51,48,3,1622,1946,-324,1673,1994,-321
2008,Viet Nam,176,212,-36,3857,4234,-377,4033,4446,-413
2008,Korea Democratic People's Republic,42,42,0,286,425,-139,328,467,-139
2008,India,611,805,-194,10767,8932,1835,11378,9737,1641
2008,Indonesia,284,308,-24,1482,1326,156,1766,1634,132
2008,Iraq,232,340,-108,8505,3604,4901,8737,3944,4793
2008,Iran Islamic Republic of,288,340,-52,3086,2990,96,3374,3330,44
2008,Israel,371,334,37,1268,1075,193,1639,1409,230
2008,Japan,568,654,-86,5592,5769,-177,6160,6423,-263
2008,Kazakhstan,1440,772,668,1873,1489,384,3313,2261,1052
2008,Jordan,221,309,-88,645,613,32,866,922,-56
2008,Kuwait,64,78,-14,139,144,-5,203,222,-19
2008,Kyrgyzstan,164,64,100,699,584,115,863,648,215
2008,Lebanon,348,649,-301,2357,1798,559,2705,2447,258
2008,Pakistan,435,411,24,2000,1472,528,2435,1883,552
2008,Philippines,445,547,-102,1429,1078,351,1874,1625,249
2008,Korea Republic of,145,171,-26,3604,3417,187,3749,3588,161
2008,United Arab Emirates,774,2052,-1278,857,1073,-216,1631,3125,-1494
2008,Tajikistan,28,40,-12,154,131,23,182,171,11
2008,Saudi Arabia,119,215,-96,589,687,-98,708,902,-194
2008,Singapore,437,745,-308,601,597,4,1038,1342,-304
2008,Syrian,258,324,-66,2064,1132,932,2322,1456,866
2008,Thailand,976,1386,-410,3123,2783,340,4099,4169,-70
2008,Uzbekistan,157,31,126,716,455,261,873,486,387
2008,China,2072,2553,-481,14185,13491,694,16257,16044,213
2008,Rest of Asia,903,1120,-217,4890,4406,484,5793,5526,267
2008,Australia,2148,3674,-1526,2333,2384,-51,4481,6058,-1577
2008,New Zealand,665,1373,-708,494,490,4,1159,1863,-704
2008,Rest of Oceania,84,65,19,63,51,12,147,116,31
2008,Unknown foreign countries,288,422,-134,7129,7920,-791,7417,8342,-925
2008,Unknown / Not specified,693,153,540,149,402,-253,842,555,287
2008,Total,108331,174759,-66428,573815,563130,10685,682146,737889,-55743
2009,Albania,33,48,-15,758,735,23,791,783,8
2009,Bosnia and Herzegovina,122,167,-45,6080,7552,-1472,6202,7719,-1517
2009,Andorra,13,11,2,3,4,-1,16,15,1
2009,Belgium,1981,2429,-448,2523,2641,-118,4504,5070,-566
2009,Bulgaria,283,287,-4,28607,19653,8954,28890,19940,8950
2009,Denmark,929,1667,-738,2228,2603,-375,3157,4270,-1113
2009,Estonia,59,70,-11,849,622,227,908,692,216
2009,Finland,301,411,-110,1859,2252,-393,2160,2663,-503
2009,France,6245,7317,-1072,13820,14841,-1021,20065,22158,-2093
2009,Croatia,361,581,-220,8832,11769,-2937,9193,12350,-3157
2009,Slovenia,83,218,-135,1448,1826,-378,1531,2044,-513
2009,Greece,993,1495,-502,8716,16433,-7717,9709,17928,-8219
2009,Ireland,988,953,35,1378,1582,-204,2366,2535,-169
2009,Iceland,74,77,-3,271,258,13,345,335,10
2009,Italy,2816,3277,-461,22110,25149,-3039,24926,28426,-3500
2009,Latvia,83,72,11,4847,2230,2617,4930,2302,2628
2009,Montenegro (since 2006-06-03),22,31,-9,417,438,-21,439,469,-30
2009,Lithuania,138,112,26,4439,3134,1305,4577,3246,1331
2009,Luxembourg,590,827,-237,2462,1606,856,3052,2433,619
2009,North Macedonia,49,61,-12,2311,2047,264,2360,2108,252
2009,Malta,61,104,-43,77,68,9,138,172,-34
2009,Netherlands,2966,3906,-940,9800,7894,1906,12766,11800,966
2009,Norway,828,2086,-1258,756,1511,-755,1584,3597,-2013
2009,Kosovo,119,155,-36,6144,2240,3904,6263,2395,3868
2009,Austria,6569,11818,-5249,10969,10756,213,17538,22574,-5036
2009,Poland,11846,12049,-203,110951,110580,371,122797,122629,168
2009,Portugal,753,887,-134,6598,7753,-1155,7351,8640,-1289
2009,Romania,686,840,-154,55741,43310,12431,56427,44150,12277
2009,Slovakia,162,221,-59,8396,7930,466,8558,8151,407
2009,Sweden,1040,2100,-1060,2472,2758,-286,3512,4858,-1346
2009,Switzerland,9340,24624,-15284,4817,5817,-1000,14157,30441,-16284
2009,Russian Federation,3735,2780,955,14880,12675,2205,18615,15455,3160
2009,Spain,8248,7836,412,11711,10782,929,19959,18618,1341
2009,Turkey,2906,4633,-1727,26638,34982,-8344,29544,39615,-10071
2009,Czechia,780,978,-198,6445,6608,-163,7225,7586,-361
2009,Hungary,774,991,-217,25258,22083,3175,26032,23074,2958
2009,Ukraine,725,336,389,6081,4944,1137,6806,5280,1526
2009,United Kingdom,6153,9112,-2959,9597,10124,-527,15750,19236,-3486
2009,Belarus,58,54,4,1307,1052,255,1365,1106,259
2009,Serbia,198,256,-58,7834,12927,-5093,8032,13183,-5151
2009,Cyprus,157,180,-23,233,160,73,390,340,50
2009,Rest of Europe,150,228,-78,845,602,243,995,830,165
2009,Algeria,185,169,16,1417,1239,178,1602,1408,194
2009,Angola,23,30,-7,325,501,-176,348,531,-183
2009,Ethiopia,219,151,68,779,591,188,998,742,256
2009,Cote d'Ivoire,21,29,-8,202,176,26,223,205,18
2009,Nigeria,157,172,-15,1777,1390,387,1934,1562,372
2009,Ghana,205,199,6,1062,1039,23,1267,1238,29
2009,Kenya,238,260,-22,1439,743,696,1677,1003,674
2009,Congo Republic of the,16,28,-12,163,177,-14,179,205,-26
2009,Congo The Democratic Republic of the,39,38,1,250,330,-80,289,368,-79
2009,Libya,63,96,-33,668,676,-8,731,772,-41
2009,Morocco,309,343,-34,3484,2488,996,3793,2831,962
2009,Niger,15,26,-11,72,87,-15,87,113,-26
2009,Cameroon,56,71,-15,1613,1065,548,1669,1136,533
2009,South Africa,1024,1147,-123,785,891,-106,1809,2038,-229
2009,Rwanda,29,39,-10,100,60,40,129,99,30
2009,Namibia,223,286,-63,108,72,36,331,358,-27
2009,Senegal,69,47,22,241,200,41,310,247,63
2009,Somalia,5,5,0,381,259,122,386,264,122
2009,Tanzania,133,157,-24,188,182,6,321,339,-18
2009,Tunisia,301,369,-68,1736,1569,167,2037,1938,99
2009,Uganda,95,104,-9,181,135,46,276,239,37
2009,Egypt,618,645,-27,1880,1743,137,2498,2388,110
2009,Central African Republic,10,3,7,22,42,-20,32,45,-13
2009,Rest of Africa,662,784,-122,3833,3106,727,4495,3890,605
2009,Argentina,414,471,-57,1074,973,101,1488,1444,44
2009,Bolivia Plurinational State,194,185,9,322,284,38,516,469,47
2009,Brazil,1267,1448,-181,6639,5602,1037,7906,7050,856
2009,Chile,426,462,-36,801,812,-11,1227,1274,-47
2009,Costa Rica,168,155,13,252,220,32,420,375,45
2009,Honduras,61,49,12,106,83,23,167,132,35
2009,Canada,2058,4258,-2200,2797,3235,-438,4855,7493,-2638
2009,Colombia,339,255,84,1662,1376,286,2001,1631,370
2009,Mexico,760,747,13,2714,2517,197,3474,3264,210
2009,Nicaragua,35,50,-15,76,43,33,111,93,18
2009,Paraguay,336,477,-141,186,180,6,522,657,-135
2009,Peru,246,296,-50,744,749,-5,990,1045,-55
2009,Uruguay,81,100,-19,89,97,-8,170,197,-27
2009,Venezuela Bolivarian Republic of,266,183,83,539,411,128,805,594,211
2009,United States,11166,13445,-2279,18716,22057,-3341,29882,35502,-5620
2009,Rest of America,901,881,20,2157,1869,288,3058,2750,308
2009,Yemen,56,50,6,472,347,125,528,397,131
2009,Armenia,49,36,13,720,647,73,769,683,86
2009,Afghanistan Republic of,157,187,-30,4459,1520,2939,4616,1707,2909
2009,Azerbaijan,29,39,-10,1169,775,394,1198,814,384
2009,Georgia,64,56,8,2153,1923,230,2217,1979,238
2009,Viet Nam,178,263,-85,4214,3603,611,4392,3866,526
2009,Korea Democratic People's Republic,34,43,-9,279,411,-132,313,454,-141
2009,India,752,741,11,11122,9826,1296,11874,10567,1307
2009,Indonesia,314,321,-7,1649,1554,95,1963,1875,88
2009,Iraq,212,517,-305,11987,3385,8602,12199,3902,8297
2009,Iran Islamic Republic of,321,393,-72,3771,3352,419,4092,3745,347
2009,Israel,431,507,-76,1578,1289,289,2009,1796,213
2009,Japan,532,587,-55,5217,6265,-1048,5749,6852,-1103
2009,Kazakhstan,1309,551,758,1796,1289,507,3105,1840,1265
2009,Jordan,228,273,-45,961,793,168,1189,1066,123
2009,Kuwait,52,80,-28,185,138,47,237,218,19
2009,Kyrgyzstan,169,82,87,588,522,66,757,604,153
2009,Lebanon,503,810,-307,2352,2161,191,2855,2971,-116
2009,Pakistan,358,369,-11,2409,1599,810,2767,1968,799
2009,Philippines,478,591,-113,1520,1141,379,1998,1732,266
2009,Korea Republic of,136,151,-15,3574,3849,-275,3710,4000,-290
2009,United Arab Emirates,1040,1835,-795,1365,856,509,2405,2691,-286
2009,Tajikistan,37,27,10,196,159,37,233,186,47
2009,Saudi Arabia,150,272,-122,571,484,87,721,756,-35
2009,Singapore,583,589,-6,542,556,-14,1125,1145,-20
2009,Syrian,252,282,-30,3016,1392,1624,3268,1674,1594
2009,Thailand,1123,1505,-382,3375,2939,436,4498,4444,54
2009,Uzbekistan,80,32,48,682,527,155,762,559,203
2009,China,2178,2279,-101,14966,14261,705,17144,16540,604
2009,Rest of Asia,880,1124,-244,5220,4478,742,6100,5602,498
2009,Australia,2439,3554,-1115,2325,2582,-257,4764,6136,-1372
2009,New Zealand,860,1261,-401,563,508,55,1423,1769,-346
2009,Rest of Oceania,79,79,0,168,223,-55,247,302,-55
2009,Unknown foreign countries,233,399,-166,7812,8939,-1127,8045,9338,-1293
2009,Unknown / Not specified,554,158,396,250,315,-65,804,473,331
2009,Total,114700,154988,-40288,606314,578808,27506,721014,733796,-12782
2010,Albania,35,58,-23,666,579,87,701,637,64
2010,Bosnia and Herzegovina,130,141,-11,6780,6664,116,6910,6805,105
2010,Andorra,7,8,-1,2,6,-4,9,14,-5
2010,Belgium,1937,2283,-346,2997,2240,757,4934,4523,411
2010,Bulgaria,272,243,29,39115,23542,15573,39387,23785,15602
2010,Denmark,960,1265,-305,2305,2057,248,3265,3322,-57
2010,Estonia,63,54,9,1146,725,421,1209,779,430
2010,Finland,273,401,-128,1912,1790,122,2185,2191,-6
2010,France,6124,6559,-435,14142,12132,2010,20266,18691,1575
2010,Croatia,330,485,-155,9939,10848,-909,10269,11333,-1064
2010,Slovenia,101,198,-97,1785,1566,219,1886,1764,122
2010,Greece,1194,1159,35,12523,11482,1041,13717,12641,1076
2010,Ireland,833,861,-28,1486,1150,336,2319,2011,308
2010,Iceland,60,71,-11,250,212,38,310,283,27
2010,Italy,2668,2806,-138,24520,21462,3058,27188,24268,2920
2010,Latvia,94,63,31,7595,4102,3493,7689,4165,3524
2010,Montenegro (since 2006-06-03),20,30,-10,661,502,159,681,532,149
2010,Lithuania,136,111,25,6007,3602,2405,6143,3713,2430
2010,Luxembourg,575,789,-214,2322,1437,885,2897,2226,671
2010,North Macedonia,63,54,9,7498,3825,3673,7561,3879,3682
2010,Malta,79,106,-27,141,53,88,220,159,61
2010,Netherlands,3042,3462,-420,9418,7140,2278,12460,10602,1858
2010,Norway,858,1564,-706,869,1103,-234,1727,2667,-940
2010,Kosovo,109,133,-24,6713,3039,3674,6822,3172,3650
2010,Austria,6537,10831,-4294,11322,9058,2264,17859,19889,-2030
2010,Poland,11135,9434,1701,114726,93803,20923,125861,103237,22624
2010,Portugal,839,810,29,6418,6456,-38,7257,7266,-9
2010,Romania,733,637,96,73852,48231,25621,74585,48868,25717
2010,Slovakia,179,155,24,8434,7173,1261,8613,7328,1285
2010,Sweden,1048,1668,-620,2552,2385,167,3600,4053,-453
2010,Switzerland,9997,22034,-12037,4948,5352,-404,14945,27386,-12441
2010,Russian Federation,3351,2530,821,15320,10936,4384,18671,13466,5205
2010,Spain,7936,6705,1231,13607,9366,4241,21543,16071,5472
2010,Turkey,3220,4735,-1515,26951,31298,-4347,30171,36033,-5862
2010,Czechia,661,880,-219,6529,5187,1342,7190,6067,1123
2010,Hungary,795,905,-110,29220,20425,8795,30015,21330,8685
2010,Ukraine,546,315,231,6149,4230,1919,6695,4545,2150
2010,United Kingdom,6426,8530,-2104,10139,8729,1410,16565,17259,-694
2010,Belarus,88,57,31,1285,886,399,1373,943,430
2010,Serbia,223,257,-34,17670,14088,3582,17893,14345,3548
2010,Cyprus,148,178,-30,247,157,90,395,335,60
2010,Rest of Europe,177,133,44,949,603,346,1126,736,390
2010,Algeria,125,158,-33,1405,1114,291,1530,1272,258
2010,Angola,20,29,-9,369,386,-17,389,415,-26
2010,Ethiopia,194,145,49,887,529,358,1081,674,407
2010,Cote d'Ivoire,34,13,21,210,152,58,244,165,79
2010,Nigeria,192,160,32,1901,1167,734,2093,1327,766
2010,Ghana,196,200,-4,1149,880,269,1345,1080,265
2010,Kenya,269,258,11,1490,766,724,1759,1024,735
2010,Congo Republic of the,11,22,-11,106,123,-17,117,145,-28
2010,Congo The Democratic Republic of the,19,35,-16,282,308,-26,301,343,-42
2010,Libya,72,75,-3,928,639,289,1000,714,286
2010,Morocco,267,370,-103,3201,2230,971,3468,2600,868
2010,Niger,19,12,7,81,63,18,100,75,25
2010,Cameroon,84,97,-13,1623,1004,619,1707,1101,606
2010,South Africa,1181,1049,132,814,714,100,1995,1763,232
2010,Rwanda,40,31,9,79,65,14,119,96,23
2010,Namibia,293,305,-12,130,109,21,423,414,9
2010,Senegal,69,55,14,225,166,59,294,221,73
2010,Somalia,4,12,-8,2414,375,2039,2418,387,2031
2010,Tanzania,172,163,9,187,165,22,359,328,31
2010,Tunisia,346,404,-58,1808,1335,473,2154,1739,415
2010,Uganda,97,99,-2,216,144,72,313,243,70
2010,Egypt,620,614,6,2027,1684,343,2647,2298,349
2010,Central African Republic,6,11,-5,18,18,0,24,29,-5
2010,Rest of Africa,819,708,111,3965,2587,1378,4784,3295,1489
2010,Argentina,435,474,-39,1109,887,222,1544,1361,183
2010,Bolivia Plurinational State,205,196,9,263,267,-4,468,463,5
2010,Brazil,1405,1552,-147,6457,5446,1011,7862,6998,864
2010,Chile,450,390,60,891,721,170,1341,1111,230
2010,Costa Rica,138,176,-38,234,178,56,372,354,18
2010,Honduras,51,34,17,110,87,23,161,121,40
2010,Canada,2124,3318,-1194,2982,2994,-12,5106,6312,-1206
2010,Colombia,407,301,106,1721,1318,403,2128,1619,509
2010,Mexico,741,678,63,2929,2341,588,3670,3019,651
2010,Nicaragua,56,50,6,68,40,28,124,90,34
2010,Paraguay,427,490,-63,178,144,34,605,634,-29
2010,Peru,242,290,-48,733,557,176,975,847,128
2010,Uruguay,76,118,-42,83,103,-20,159,221,-62
2010,Venezuela Bolivarian Republic of,273,137,136,509,360,149,782,497,285
2010,United States,10408,12986,-2578,19296,19257,39,29704,32243,-2539
2010,Rest of America,899,804,95,2291,1771,520,3190,2575,615
2010,Yemen,47,35,12,445,349,96,492,384,108
2010,Armenia,40,20,20,844,592,252,884,612,272
2010,Afghanistan Republic of,197,180,17,7176,1300,5876,7373,1480,5893
2010,Azerbaijan,30,33,-3,1022,766,256,1052,799,253
2010,Georgia,32,56,-24,2289,2018,271,2321,2074,247
2010,Viet Nam,197,199,-2,4007,3145,862,4204,3344,860
2010,Korea Democratic People's Republic,19,44,-25,243,330,-87,262,374,-112
2010,India,724,751,-27,12218,9358,2860,12942,10109,2833
2010,Indonesia,352,363,-11,1653,1444,209,2005,1807,198
2010,Iraq,312,766,-454,8840,3006,5834,9152,3772,5380
2010,Iran Islamic Republic of,324,380,-56,5467,2669,2798,5791,3049,2742
2010,Israel,430,494,-64,1823,1341,482,2253,1835,418
2010,Japan,581,580,1,5354,5359,-5,5935,5939,-4
2010,Kazakhstan,991,576,415,1607,1152,455,2598,1728,870
2010,Jordan,257,247,10,909,775,134,1166,1022,144
2010,Kuwait,40,66,-26,223,190,33,263,256,7
2010,Kyrgyzstan,145,57,88,611,337,274,756,394,362
2010,Lebanon,570,784,-214,2178,1823,355,2748,2607,141
2010,Pakistan,413,364,49,2864,1403,1461,3277,1767,1510
2010,Philippines,553,512,41,1716,1090,626,2269,1602,667
2010,Korea Republic of,142,224,-82,3905,3589,316,4047,3813,234
2010,United Arab Emirates,1119,1454,-335,1257,1009,248,2376,2463,-87
2010,Tajikistan,36,41,-5,227,121,106,263,162,101
2010,Saudi Arabia,175,301,-126,894,468,426,1069,769,300
2010,Singapore,506,699,-193,773,586,187,1279,1285,-6
2010,Syrian,266,362,-96,3381,1186,2195,3647,1548,2099
2010,Thailand,1219,1553,-334,3322,2696,626,4541,4249,292
2010,Uzbekistan,58,38,20,705,424,281,763,462,301
2010,China,2073,2578,-505,15849,13656,2193,17922,16234,1688
2010,Rest of Asia,936,1123,-187,5679,4487,1192,6615,5610,1005
2010,Australia,2480,3662,-1182,2459,2232,227,4939,5894,-955
2010,New Zealand,858,1079,-221,614,509,105,1472,1588,-116
2010,Rest of Oceania,89,82,7,184,147,37,273,229,44
2010,Unknown foreign countries,564,541,23,6075,6981,-906,6639,7522,-883
2010,Unknown / Not specified,489,39,450,238,252,-14,727,291,436
2010,Total,114752,141000,-26248,683530,529605,153925,798282,670605,127677
2011,Albania,54,45,9,959,684,275,1013,729,284
2011,Bosnia and Herzegovina,115,123,-8,9008,8339,669,9123,8462,661
2011,Andorra,16,10,6,9,2,7,25,12,13
2011,Belgium,1973,2138,-165,3246,2267,979,5219,4405,814
2011,Bulgaria,293,262,31,51319,29160,22159,51612,29422,22190
2011,Denmark,894,1201,-307,2546,1874,672,3440,3075,365
2011,Estonia,74,59,15,1441,773,668,1515,832,683
2011,Finland,263,313,-50,2167,1712,455,2430,2025,405
2011,France,6128,6638,-510,14783,10643,4140,20911,17281,3630
2011,Croatia,290,409,-119,11197,11570,-373,11487,11979,-492
2011,Slovenia,95,162,-67,3210,1886,1324,3305,2048,1257
2011,Greece,1485,953,532,23779,10306,13473,25264,11259,14005
2011,Ireland,830,831,-1,1964,1041,923,2794,1872,922
2011,Iceland,64,76,-12,314,207,107,378,283,95
2011,Italy,2716,2789,-73,30154,20375,9779,32870,23164,9706
2011,Latvia,102,75,27,10075,5095,4980,10177,5170,5007
2011,Montenegro (since 2006-06-03),29,36,-7,651,468,183,680,504,176
2011,Lithuania,158,84,74,9817,4702,5115,9975,4786,5189
2011,Luxembourg,627,990,-363,2412,1608,804,3039,2598,441
2011,North Macedonia,87,61,26,5491,5167,324,5578,5228,350
2011,Malta,79,115,-36,251,92,159,330,207,123
2011,Netherlands,3027,3404,-377,9783,6971,2812,12810,10375,2435
2011,Norway,825,1506,-681,963,813,150,1788,2319,-531
2011,Kosovo,128,142,-14,6566,2928,3638,6694,3070,3624
2011,Austria,6879,11073,-4194,11711,8703,3008,18590,19776,-1186
2011,Poland,9262,7602,1660,163414,98893,64521,172676,106495,66181
2011,Portugal,825,694,131,8213,5443,2770,9038,6137,2901
2011,Romania,773,652,121,94706,58678,36028,95479,59330,36149
2011,Slovakia,147,184,-37,11893,7598,4295,12040,7782,4258
2011,Sweden,983,1848,-865,2846,2240,606,3829,4088,-259
2011,Switzerland,10869,22540,-11671,5303,5021,282,16172,27561,-11389
2011,Russian Federation,3114,2404,710,16582,9868,6714,19696,12272,7424
2011,Spain,7468,6685,783,20672,9322,11350,28140,16007,12133
2011,Turkey,3166,5285,-2119,27855,27471,384,31021,32756,-1735
2011,Czechia,697,864,-167,9031,5025,4006,9728,5889,3839
2011,Hungary,846,894,-48,41136,24106,17030,41982,25000,16982
2011,Ukraine,529,355,174,6684,3449,3235,7213,3804,3409
2011,United Kingdom,6487,8385,-1898,11248,7806,3442,17735,16191,1544
2011,Belarus,82,57,25,1366,714,652,1448,771,677
2011,Serbia,233,266,-33,17033,16460,573,17266,16726,540
2011,Cyprus,193,173,20,369,142,227,562,315,247
2011,Rest of Europe,110,154,-44,1207,598,609,1317,752,565
2011,Algeria,175,161,14,1399,1077,322,1574,1238,336
2011,Angola,28,31,-3,327,313,14,355,344,11
2011,Ethiopia,198,132,66,1016,393,623,1214,525,689
2011,Cote d'Ivoire,30,20,10,313,144,169,343,164,179
2011,Nigeria,173,190,-17,1910,1142,768,2083,1332,751
2011,Ghana,239,184,55,1281,798,483,1520,982,538
2011,Kenya,300,321,-21,1025,660,365,1325,981,344
2011,Congo Republic of the,16,18,-2,170,161,9,186,179,7
2011,Congo The Democratic Republic of the,52,55,-3,241,226,15,293,281,12
2011,Libya,150,63,87,971,626,345,1121,689,432
2011,Morocco,350,396,-46,3530,2039,1491,3880,2435,1445
2011,Niger,14,8,6,81,69,12,95,77,18
2011,Cameroon,80,63,17,1812,901,911,1892,964,928
2011,South Africa,1160,1087,73,913,612,301,2073,1699,374
2011,Rwanda,38,35,3,91,44,47,129,79,50
2011,Namibia,299,221,78,139,51,88,438,272,166
2011,Senegal,72,57,15,221,146,75,293,203,90
2011,Somalia,8,13,-5,1137,742,395,1145,755,390
2011,Tanzania,142,165,-23,194,144,50,336,309,27
2011,Tunisia,370,438,-68,2498,1345,1153,2868,1783,1085
2011,Uganda,138,70,68,233,112,121,371,182,189
2011,Egypt,777,702,75,2221,1600,621,2998,2302,696
2011,Central African Republic,8,11,-3,9,10,-1,17,21,-4
2011,Rest of Africa,736,647,89,3935,2174,1761,4671,2821,1850
2011,Argentina,456,432,24,1132,894,238,1588,1326,262
2011,Bolivia Plurinational State,218,182,36,247,218,29,465,400,65
2011,Brazil,1435,1587,-152,7077,5206,1871,8512,6793,1719
2011,Chile,432,465,-33,930,696,234,1362,1161,201
2011,Costa Rica,178,166,12,220,162,58,398,328,70
2011,Honduras,60,34,26,133,57,76,193,91,102
2011,Canada,2090,2923,-833,3272,2680,592,5362,5603,-241
2011,Colombia,401,300,101,2034,1226,808,2435,1526,909
2011,Mexico,766,684,82,3450,2255,1195,4216,2939,1277
2011,Nicaragua,54,48,6,80,30,50,134,78,56
2011,Paraguay,393,465,-72,211,150,61,604,615,-11
2011,Peru,352,318,34,696,485,211,1048,803,245
2011,Uruguay,78,86,-8,79,77,2,157,163,-6
2011,Venezuela Bolivarian Republic of,249,144,105,518,282,236,767,426,341
2011,United States,10777,13053,-2276,21312,17690,3622,32089,30743,1346
2011,Rest of America,1036,893,143,2395,1384,1011,3431,2277,1154
2011,Yemen,93,14,79,349,229,120,442,243,199
2011,Armenia,30,21,9,926,503,423,956,524,432
2011,Afghanistan Republic of,210,228,-18,9081,1281,7800,9291,1509,7782
2011,Azerbaijan,42,48,-6,1315,556,759,1357,604,753
2011,Georgia,67,50,17,2195,1556,639,2262,1606,656
2011,Viet Nam,237,260,-23,3667,2822,845,3904,3082,822
2011,Korea Democratic People's Republic,22,28,-6,209,265,-56,231,293,-62
2011,India,789,853,-64,14106,9143,4963,14895,9996,4899
2011,Indonesia,361,318,43,1858,1249,609,2219,1567,652
2011,Iraq,535,1024,-489,7041,2788,4253,7576,3812,3764
2011,Iran Islamic Republic of,335,367,-32,6878,2166,4712,7213,2533,4680
2011,Israel,511,525,-14,1810,1211,599,2321,1736,585
2011,Japan,995,574,421,6628,4896,1732,7623,5470,2153
2011,Kazakhstan,1014,521,493,1674,1063,611,2688,1584,1104
2011,Jordan,257,326,-69,1070,696,374,1327,1022,305
2011,Kuwait,71,75,-4,192,124,68,263,199,64
2011,Kyrgyzstan,118,46,72,701,358,343,819,404,415
2011,Lebanon,664,771,-107,2215,1576,639,2879,2347,532
2011,Pakistan,404,356,48,4784,1344,3440,5188,1700,3488
2011,Philippines,519,521,-2,1675,1070,605,2194,1591,603
2011,Korea Republic of,167,164,3,4477,3465,1012,4644,3629,1015
2011,United Arab Emirates,1151,1378,-227,1120,895,225,2271,2273,-2
2011,Tajikistan,45,30,15,288,157,131,333,187,146
2011,Saudi Arabia,238,318,-80,983,600,383,1221,918,303
2011,Singapore,547,770,-223,791,688,103,1338,1458,-120
2011,Syrian,457,244,213,4575,983,3592,5032,1227,3805
2011,Thailand,1284,1507,-223,3177,2181,996,4461,3688,773
2011,Uzbekistan,37,28,9,714,426,288,751,454,297
2011,China,2276,2910,-634,17650,12567,5083,19926,15477,4449
2011,Rest of Asia,1060,1194,-134,6323,3878,2445,7383,5072,2311
2011,Australia,2462,3345,-883,2735,1851,884,5197,5196,1
2011,New Zealand,824,1071,-247,650,437,213,1474,1508,-34
2011,Rest of Oceania,85,87,-2,159,166,-7,244,253,-9
2011,Unknown foreign countries,0,0,0,0,0,0,0,0,0
2011,Unknown / Not specified,1154,755,399,6852,6406,446,8006,7161,845
2011,Total,116604,140132,-23528,841695,538837,302858,958299,678969,279330
2012,Albania,55,58,-3,1371,732,639,1426,790,636
2012,Bosnia and Herzegovina,133,162,-29,10980,8693,2287,11113,8855,2258
2012,Andorra,12,16,-4,11,4,7,23,20,3
2012,Belgium,1969,2031,-62,3599,2160,1439,5568,4191,1377
2012,Bulgaria,358,281,77,58504,33460,25044,58862,33741,25121
2012,Denmark,853,1126,-273,2590,1802,788,3443,2928,515
2012,Estonia,64,84,-20,1305,783,522,1369,867,502
2012,Finland,259,367,-108,2331,1808,523,2590,2175,415
2012,France,5725,6245,-520,15581,10458,5123,21306,16703,4603
2012,Croatia,336,368,-32,12608,11513,1095,12944,11881,1063
2012,Slovenia,90,166,-76,5208,2609,2599,5298,2775,2523
2012,Greece,1702,749,953,34109,12139,21970,35811,12888,22923
2012,Ireland,857,749,108,2097,1138,959,2954,1887,1067
2012,Iceland,49,74,-25,202,152,50,251,226,25
2012,Italy,2927,2481,446,42167,20897,21270,45094,23378,21716
2012,Latvia,99,75,24,9233,5522,3711,9332,5597,3735
2012,Montenegro (since 2006-06-03),36,28,8,983,617,366,1019,645,374
2012,Lithuania,119,85,34,9956,5153,4803,10075,5238,4837
2012,Luxembourg,706,819,-113,2440,1567,873,3146,2386,760
2012,North Macedonia,72,66,6,10778,5820,4958,10850,5886,4964
2012,Malta,92,122,-30,130,95,35,222,217,5
2012,Netherlands,3094,3200,-106,9988,7146,2842,13082,10346,2736
2012,Norway,849,1364,-515,999,821,178,1848,2185,-337
2012,Kosovo,148,114,34,7442,3356,4086,7590,3470,4120
2012,Austria,6915,11022,-4107,11593,8977,2616,18508,19999,-1491
2012,Poland,7958,6180,1778,176367,108245,68122,184325,114425,69900
2012,Portugal,847,614,233,11762,5476,6286,12609,6090,6519
2012,Romania,810,682,128,116154,70470,45684,116964,71152,45812
2012,Slovakia,152,173,-21,13593,8460,5133,13745,8633,5112
2012,Sweden,977,1750,-773,3113,2284,829,4090,4034,56
2012,Switzerland,11140,20826,-9686,5741,5003,738,16881,25829,-8948
2012,Russian Federation,2974,2361,613,17740,8955,8785,20714,11316,9398
2012,Spain,7773,5997,1776,29910,11147,18763,37683,17144,20539
2012,Turkey,3227,5459,-2232,25414,27329,-1915,28641,32788,-4147
2012,Czechia,666,754,-88,10035,5533,4502,10701,6287,4414
2012,Hungary,935,892,43,53892,27727,26165,54827,28619,26208
2012,Ukraine,545,303,242,7229,3452,3777,7774,3755,4019
2012,United Kingdom,6432,7802,-1370,12161,7704,4457,18593,15506,3087
2012,Belarus,84,67,17,1569,713,856,1653,780,873
2012,Serbia,260,291,-31,22475,17809,4666,22735,18100,4635
2012,Cyprus,180,156,24,560,142,418,740,298,442
2012,Rest of Europe,111,129,-18,1492,641,851,1603,770,833
2012,Algeria,189,131,58,1409,995,414,1598,1126,472
2012,Angola,20,30,-10,396,287,109,416,317,99
2012,Ethiopia,150,157,-7,1046,456,590,1196,613,583
2012,Cote d'Ivoire,14,29,-15,292,178,114,306,207,99
2012,Nigeria,189,192,-3,1818,1312,506,2007,1504,503
2012,Ghana,237,196,41,1480,948,532,1717,1144,573
2012,Kenya,273,228,45,1075,493,582,1348,721,627
2012,Congo Republic of the,28,17,11,113,137,-24,141,154,-13
2012,Congo The Democratic Republic of the,38,24,14,348,254,94,386,278,108
2012,Libya,47,94,-47,1882,902,980,1929,996,933
2012,Morocco,344,402,-58,3702,2002,1700,4046,2404,1642
2012,Niger,16,8,8,114,66,48,130,74,56
2012,Cameroon,91,75,16,1776,691,1085,1867,766,1101
2012,South Africa,987,1094,-107,907,603,304,1894,1697,197
2012,Rwanda,52,45,7,96,23,73,148,68,80
2012,Namibia,284,204,80,126,86,40,410,290,120
2012,Senegal,87,68,19,302,179,123,389,247,142
2012,Somalia,9,8,1,1312,583,729,1321,591,730
2012,Tanzania,156,126,30,174,134,40,330,260,70
2012,Tunisia,429,501,-72,2962,1471,1491,3391,1972,1419
2012,Uganda,90,104,-14,221,120,101,311,224,87
2012,Egypt,688,612,76,2826,1540,1286,3514,2152,1362
2012,Central African Republic,10,4,6,14,9,5,24,13,11
2012,Rest of Africa,815,658,157,4864,2408,2456,5679,3066,2613
2012,Argentina,445,450,-5,1170,899,271,1615,1349,266
2012,Bolivia Plurinational State,216,192,24,287,164,123,503,356,147
2012,Brazil,1520,1588,-68,7227,5572,1655,8747,7160,1587
2012,Chile,392,477,-85,882,719,163,1274,1196,78
2012,Costa Rica,181,131,50,248,144,104,429,275,154
2012,Honduras,45,36,9,122,59,63,167,95,72
2012,Canada,1980,2692,-712,3439,2672,767,5419,5364,55
2012,Colombia,397,307,90,2160,1261,899,2557,1568,989
2012,Mexico,741,750,-9,3420,2253,1167,4161,3003,1158
2012,Nicaragua,61,55,6,77,52,25,138,107,31
2012,Paraguay,396,326,70,198,141,57,594,467,127
2012,Peru,300,268,32,774,515,259,1074,783,291
2012,Uruguay,100,108,-8,101,68,33,201,176,25
2012,Venezuela Bolivarian Republic of,217,137,80,606,329,277,823,466,357
2012,United States,10116,12803,-2687,20507,16740,3767,30623,29543,1080
2012,Rest of America,942,835,107,2458,1397,1061,3400,2232,1168
2012,Yemen,14,20,-6,322,243,79,336,263,73
2012,Armenia,18,23,-5,1320,481,839,1338,504,834
2012,Afghanistan Republic of,244,203,41,8227,1745,6482,8471,1948,6523
2012,Azerbaijan,35,40,-5,1324,659,665,1359,699,660
2012,Georgia,71,65,6,3250,1840,1410,3321,1905,1416
2012,Viet Nam,252,247,5,3288,2234,1054,3540,2481,1059
2012,Korea Democratic People's Republic,35,22,13,214,221,-7,249,243,6
2012,India,822,851,-29,16652,10411,6241,17474,11262,6212
2012,Indonesia,332,365,-33,2124,1148,976,2456,1513,943
2012,Iraq,638,1268,-630,6233,3076,3157,6871,4344,2527
2012,Iran Islamic Republic of,381,367,14,7843,2328,5515,8224,2695,5529
2012,Israel,543,507,36,2036,1239,797,2579,1746,833
2012,Japan,494,523,-29,6374,5291,1083,6868,5814,1054
2012,Kazakhstan,887,450,437,1658,970,688,2545,1420,1125
2012,Jordan,241,247,-6,1318,754,564,1559,1001,558
2012,Kuwait,73,63,10,297,176,121,370,239,131
2012,Kyrgyzstan,129,61,68,589,423,166,718,484,234
2012,Lebanon,752,659,93,2142,1434,708,2894,2093,801
2012,Pakistan,409,376,33,5614,1580,4034,6023,1956,4067
2012,Philippines,533,551,-18,1675,977,698,2208,1528,680
2012,Korea Republic of,163,223,-60,4703,3574,1129,4866,3797,1069
2012,United Arab Emirates,1119,1403,-284,1492,948,544,2611,2351,260
2012,Tajikistan,28,33,-5,215,159,56,243,192,51
2012,Saudi Arabia,234,287,-53,1245,760,485,1479,1047,432
2012,Singapore,678,902,-224,784,659,125,1462,1561,-99
2012,Syrian,828,118,710,8313,1132,7181,9141,1250,7891
2012,Thailand,1257,1540,-283,3232,2103,1129,4489,3643,846
2012,Uzbekistan,38,22,16,571,444,127,609,466,143
2012,China,2528,2928,-400,19047,11959,7088,21575,14887,6688
2012,Rest of Asia,1066,1167,-101,6729,3754,2975,7795,4921,2874
2012,Australia,2444,3154,-710,2703,2028,675,5147,5182,-35
2012,New Zealand,755,1033,-278,652,467,185,1407,1500,-93
2012,Rest of Oceania,65,62,3,136,167,-31,201,229,-28
2012,Unknown foreign countries,0,0,0,0,0,0,0,0,0
2012,Unknown / Not specified,1040,1002,38,5243,6001,-758,6283,7003,-720
2012,Total,115028,133232,-18204,965908,578759,387149,1080936,711991,368945
2013,Albania,54,62,-8,2839,1087,1752,2893,1149,1744
2013,Bosnia and Herzegovina,146,141,5,13928,10465,3463,14074,10606,3468
2013,Andorra,12,4,8,20,10,10,32,14,18
2013,Belgium,2041,2278,-237,3784,2762,1022,5825,5040,785
2013,Bulgaria,373,333,40,58950,38261,20689,59323,38594,20729
2013,Denmark,912,1057,-145,2837,1996,841,3749,3053,696
2013,Estonia,63,68,-5,1367,795,572,1430,863,567
2013,Finland,257,376,-119,2366,1770,596,2623,2146,477
2013,France,6051,6327,-276,16593,10853,5740,22644,17180,5464
2013,Croatia,355,455,-100,24845,12298,12547,25200,12753,12447
2013,Slovenia,117,149,-32,6434,3388,3046,6551,3537,3014
2013,Greece,1349,753,596,33379,13462,19917,34728,14215,20513
2013,Ireland,706,849,-143,2070,1226,844,2776,2075,701
2013,Iceland,66,92,-26,230,190,40,296,282,14
2013,Italy,3128,2612,516,57523,25291,32232,60651,27903,32748
2013,Latvia,103,90,13,8314,5384,2930,8417,5474,2943
2013,Montenegro (since 2006-06-03),25,41,-16,990,901,89,1015,942,73
2013,Lithuania,119,108,11,9053,5807,3246,9172,5915,3257
2013,Luxembourg,626,872,-246,2745,1776,969,3371,2648,723
2013,North Macedonia,80,66,14,13472,8443,5029,13552,8509,5043
2013,Malta,118,158,-40,147,94,53,265,252,13
2013,Netherlands,2980,3193,-213,10972,7277,3695,13952,10470,3482
2013,Norway,919,1310,-391,1152,860,292,2071,2170,-99
2013,Kosovo,156,150,6,9792,4624,5168,9948,4774,5174
2013,Austria,6869,11222,-4353,11760,9119,2641,18629,20341,-1712
2013,Poland,7900,6616,1284,189109,118783,70326,197009,125399,71610
2013,Portugal,848,708,140,13646,6928,6718,14494,7636,6858
2013,Romania,922,811,111,134494,85054,49440,135416,85865,49551
2013,Slovakia,188,190,-2,14744,9750,4994,14932,9940,4992
2013,Sweden,1139,1720,-581,3095,2272,823,4234,3992,242
2013,Switzerland,11849,21435,-9586,6074,5522,552,17923,26957,-9034
2013,Russian Federation,3211,2212,999,30022,12598,17424,33233,14810,18423
2013,Spain,7608,5975,1633,36511,14349,22162,44119,20324,23795
2013,Turkey,3660,6162,-2502,22730,27482,-4752,26390,33644,-7254
2013,Czechia,669,824,-155,10984,6553,4431,11653,7377,4276
2013,Hungary,925,1038,-113,58068,33713,24355,58993,34751,24242
2013,Ukraine,589,353,236,7383,3683,3700,7972,4036,3936
2013,United Kingdom,6362,8155,-1793,12362,8530,3832,18724,16685,2039
2013,Belarus,135,127,8,1665,857,808,1800,984,816
2013,Serbia,244,237,7,27849,20926,6923,28093,21163,6930
2013,Cyprus,195,153,42,923,241,682,1118,394,724
2013,Rest of Europe,148,139,9,1941,777,1164,2089,916,1173
2013,Algeria,150,159,-9,2157,1114,1043,2307,1273,1034
2013,Angola,28,30,-2,328,330,-2,356,360,-4
2013,Ethiopia,152,150,2,1283,538,745,1435,688,747
2013,Cote d'Ivoire,20,19,1,480,164,316,500,183,317
2013,Nigeria,205,211,-6,2997,1359,1638,3202,1570,1632
2013,Ghana,239,182,57,1850,1032,818,2089,1214,875
2013,Kenya,271,285,-14,921,434,487,1192,719,473
2013,Congo Republic of the,9,19,-10,141,137,4,150,156,-6
2013,Congo The Democratic Republic of the,45,41,4,339,270,69,384,311,73
2013,Libya,66,94,-28,4393,1734,2659,4459,1828,2631
2013,Morocco,419,431,-12,4649,2471,2178,5068,2902,2166
2013,Niger,11,10,1,182,72,110,193,82,111
2013,Cameroon,102,77,25,2159,820,1339,2261,897,1364
2013,South Africa,1102,1100,2,932,633,299,2034,1733,301
2013,Rwanda,52,61,-9,101,40,61,153,101,52
2013,Namibia,289,232,57,115,87,28,404,319,85
2013,Senegal,59,42,17,804,220,584,863,262,601
2013,Somalia,21,32,-11,4033,428,3605,4054,460,3594
2013,Tanzania,171,178,-7,244,148,96,415,326,89
2013,Tunisia,504,526,-22,3530,1557,1973,4034,2083,1951
2013,Uganda,101,73,28,223,131,92,324,204,120
2013,Egypt,795,583,212,5423,1905,3518,6218,2488,3730
2013,Central African Republic,10,13,-3,30,22,8,40,35,5
2013,Rest of Africa,799,723,76,10459,2674,7785,11258,3397,7861
2013,Argentina,444,451,-7,1303,889,414,1747,1340,407
2013,Bolivia Plurinational State,229,198,31,269,218,51,498,416,82
2013,Brazil,1532,1641,-109,7851,5849,2002,9383,7490,1893
2013,Chile,448,465,-17,841,663,178,1289,1128,161
2013,Costa Rica,175,137,38,265,185,80,440,322,118
2013,Honduras,46,34,12,131,68,63,177,102,75
2013,Canada,1882,2604,-722,3477,2793,684,5359,5397,-38
2013,Colombia,389,350,39,2352,1495,857,2741,1845,896
2013,Mexico,754,859,-105,3539,2480,1059,4293,3339,954
2013,Nicaragua,75,54,21,91,49,42,166,103,63
2013,Paraguay,350,377,-27,202,165,37,552,542,10
2013,Peru,322,312,10,728,460,268,1050,772,278
2013,Uruguay,90,111,-21,121,73,48,211,184,27
2013,Venezuela Bolivarian Republic of,223,110,113,628,340,288,851,450,401
2013,United States,10045,13532,-3487,21373,18822,2551,31418,32354,-936
2013,Rest of America,1146,991,155,2584,1639,945,3730,2630,1100
2013,Yemen,22,37,-15,466,254,212,488,291,197
2013,Armenia,37,32,5,1890,513,1377,1927,545,1382
2013,Afghanistan Republic of,235,213,22,8716,1731,6985,8951,1944,7007
2013,Azerbaijan,24,39,-15,1641,647,994,1665,686,979
2013,Georgia,62,89,-27,4210,2214,1996,4272,2303,1969
2013,Viet Nam,282,270,12,3264,2222,1042,3546,2492,1054
2013,Korea Democratic People's Republic,17,43,-26,287,250,37,304,293,11
2013,India,914,824,90,17793,11472,6321,18707,12296,6411
2013,Indonesia,369,420,-51,2605,1424,1181,2974,1844,1130
2013,Iraq,787,1373,-586,4999,2858,2141,5786,4231,1555
2013,Iran Islamic Republic of,357,357,0,7659,2485,5174,8016,2842,5174
2013,Israel,540,548,-8,2222,1383,839,2762,1931,831
2013,Japan,479,630,-151,6506,5871,635,6985,6501,484
2013,Kazakhstan,1254,511,743,1957,1057,900,3211,1568,1643
2013,Jordan,322,276,46,1481,902,579,1803,1178,625
2013,Kuwait,66,57,9,623,413,210,689,470,219
2013,Kyrgyzstan,135,95,40,603,385,218,738,480,258
2013,Lebanon,835,661,174,2365,1315,1050,3200,1976,1224
2013,Pakistan,407,342,65,6713,1765,4948,7120,2107,5013
2013,Philippines,581,538,43,1546,896,650,2127,1434,693
2013,Korea Republic of,217,258,-41,5249,4134,1115,5466,4392,1074
2013,United Arab Emirates,1098,1567,-469,2098,1520,578,3196,3087,109
2013,Tajikistan,65,58,7,351,149,202,416,207,209
2013,Saudi Arabia,228,296,-68,1771,966,805,1999,1262,737
2013,Singapore,661,778,-117,841,684,157,1502,1462,40
2013,Syrian,312,78,234,18477,1773,16704,18789,1851,16938
2013,Thailand,1372,1716,-344,3240,2187,1053,4612,3903,709
2013,Uzbekistan,53,31,22,467,376,91,520,407,113
2013,China,2662,2802,-140,20379,13207,7172,23041,16009,7032
2013,Rest of Asia,1197,1337,-140,8412,4195,4217,9609,5532,4077
2013,Australia,2562,3319,-757,3063,2161,902,5625,5480,145
2013,New Zealand,831,1148,-317,668,539,129,1499,1687,-188
2013,Rest of Oceania,91,89,2,129,141,-12,220,230,-10
2013,Unknown foreign countries,0,0,0,0,0,0,0,0,0
2013,Unknown / Not specified,1364,2332,-968,4687,4850,-163,6051,7182,-1131
2013,Total,118425,140282,-21857,1108068,657604,450464,1226493,797886,428607
2014,Albania,58,46,12,13036,2821,10215,13094,2867,10227
2014,Bosnia and Herzegovina,113,144,-31,20492,13087,7405,20605,13231,7374
2014,Andorra,3,3,0,13,13,0,16,16,0
2014,Belgium,1977,2150,-173,4122,3179,943,6099,5329,770
2014,Bulgaria,415,401,14,77375,44090,33285,77790,44491,33299
2014,Denmark,855,1249,-394,2662,2393,269,3517,3642,-125
2014,Estonia,64,78,-14,1112,858,254,1176,936,240
2014,Finland,221,321,-100,2384,2101,283,2605,2422,183
2014,France,6000,6357,-357,17307,13161,4146,23307,19518,3789
2014,Croatia,397,467,-70,43843,16860,26983,44240,17327,26913
2014,Slovenia,119,157,-38,6745,3846,2899,6864,4003,2861
2014,Greece,1085,858,227,30602,16363,14239,31687,17221,14466
2014,Ireland,723,937,-214,2196,1417,779,2919,2354,565
2014,Iceland,59,97,-38,275,189,86,334,286,48
2014,Italy,2973,2472,501,70388,33832,36556,73361,36304,37057
2014,Latvia,89,94,-5,7356,5732,1624,7445,5826,1619
2014,Montenegro (since 2006-06-03),35,35,0,2283,815,1468,2318,850,1468
2014,Lithuania,120,121,-1,8344,6123,2221,8464,6244,2220
2014,Luxembourg,653,848,-195,2998,1974,1024,3651,2822,829
2014,North Macedonia,77,79,-2,14650,9267,5383,14727,9346,5381
2014,Malta,113,175,-62,161,140,21,274,315,-41
2014,Netherlands,2873,3418,-545,11427,8260,3167,14300,11678,2622
2014,Norway,865,1298,-433,1108,968,140,1973,2266,-293
2014,Kosovo,183,159,24,19829,5570,14259,20012,5729,14283
2014,Austria,7009,10789,-3780,12284,10649,1635,19293,21438,-2145
2014,Poland,6982,6254,728,190926,132426,58500,197908,138680,59228
2014,Portugal,806,803,3,11155,7800,3355,11961,8603,3358
2014,Romania,930,838,92,190931,115891,75040,191861,116729,75132
2014,Slovakia,152,167,-15,15283,11119,4164,15435,11286,4149
2014,Sweden,1015,1811,-796,3320,2764,556,4335,4575,-240
2014,Switzerland,12024,19930,-7906,6413,5951,462,18437,25881,-7444
2014,Russian Federation,4219,2300,1919,19133,12194,6939,23352,14494,8858
2014,Spain,6715,6155,560,34376,17996,16380,41091,24151,16940
2014,Turkey,4303,6793,-2490,23502,25148,-1646,27805,31941,-4136
2014,Czechia,731,899,-168,12226,7932,4294,12957,8831,4126
2014,Hungary,841,1093,-252,56439,39931,16508,57280,41024,16256
2014,Ukraine,990,290,700,12537,4015,8522,13527,4305,9222
2014,United Kingdom,5903,8707,-2804,12673,10527,2146,18576,19234,-658
2014,Belarus,157,136,21,1797,947,850,1954,1083,871
2014,Serbia,253,255,-2,39575,23972,15603,39828,24227,15601
2014,Cyprus,169,150,19,931,347,584,1100,497,603
2014,Rest of Europe,156,117,39,3523,1123,2400,3679,1240,2439
2014,Algeria,160,166,-6,3639,1729,1910,3799,1895,1904
2014,Angola,26,32,-6,324,432,-108,350,464,-114
2014,Ethiopia,164,139,25,1752,633,1119,1916,772,1144
2014,Cote d'Ivoire,34,28,6,481,248,233,515,276,239
2014,Nigeria,230,155,75,5153,1373,3780,5383,1528,3855
2014,Ghana,279,185,94,2398,949,1449,2677,1134,1543
2014,Kenya,321,230,91,854,404,450,1175,634,541
2014,Congo Republic of the,21,16,5,174,129,45,195,145,50
2014,Congo The Democratic Republic of the,41,26,15,228,202,26,269,228,41
2014,Libya,127,40,87,4441,2193,2248,4568,2233,2335
2014,Morocco,448,543,-95,5223,2767,2456,5671,3310,2361
2014,Niger,9,8,1,210,108,102,219,116,103
2014,Cameroon,125,92,33,2527,849,1678,2652,941,1711
2014,South Africa,1144,1071,73,958,660,298,2102,1731,371
2014,Rwanda,54,36,18,128,55,73,182,91,91
2014,Namibia,270,202,68,102,84,18,372,286,86
2014,Senegal,84,73,11,1089,404,685,1173,477,696
2014,Somalia,19,12,7,6284,1102,5182,6303,1114,5189
2014,Tanzania,173,129,44,240,165,75,413,294,119
2014,Tunisia,519,556,-37,4479,1821,2658,4998,2377,2621
2014,Uganda,127,97,30,222,116,106,349,213,136
2014,Egypt,677,572,105,4712,1978,2734,5389,2550,2839
2014,Central African Republic,16,14,2,72,17,55,88,31,57
2014,Rest of Africa,938,712,226,23617,3883,19734,24555,4595,19960
2014,Argentina,479,392,87,1386,985,401,1865,1377,488
2014,Bolivia Plurinational State,262,197,65,284,189,95,546,386,160
2014,Brazil,1620,1538,82,9252,6156,3096,10872,7694,3178
2014,Chile,518,479,39,1008,728,280,1526,1207,319
2014,Costa Rica,180,191,-11,286,177,109,466,368,98
2014,Honduras,39,33,6,108,61,47,147,94,53
2014,Canada,1887,2530,-643,3726,3025,701,5613,5555,58
2014,Colombia,414,374,40,2321,1578,743,2735,1952,783
2014,Mexico,842,899,-57,4758,2727,2031,5600,3626,1974
2014,Nicaragua,70,83,-13,96,49,47,166,132,34
2014,Paraguay,354,319,35,257,172,85,611,491,120
2014,Peru,378,348,30,747,482,265,1125,830,295
2014,Uruguay,75,111,-36,114,97,17,189,208,-19
2014,Venezuela Bolivarian Republic of,296,104,192,807,378,429,1103,482,621
2014,United States,10357,14240,-3883,21504,19523,1981,31861,33763,-1902
2014,Rest of America,1052,963,89,2320,1570,750,3372,2533,839
2014,Yemen,26,6,20,578,225,353,604,231,373
2014,Armenia,50,17,33,2982,706,2276,3032,723,2309
2014,Afghanistan Republic of,270,172,98,12297,1817,10480,12567,1989,10578
2014,Azerbaijan,40,32,8,2138,796,1342,2178,828,1350
2014,Georgia,79,68,11,5312,3050,2262,5391,3118,2273
2014,Viet Nam,340,244,96,3775,1964,1811,4115,2208,1907
2014,Korea Democratic People's Republic,32,33,-1,277,286,-9,309,319,-10
2014,India,842,828,14,20462,11938,8524,21304,12766,8538
2014,Indonesia,408,439,-31,2384,1457,927,2792,1896,896
2014,Iraq,1432,1262,170,7183,2490,4693,8615,3752,4863
2014,Iran Islamic Republic of,340,380,-40,6859,2331,4528,7199,2711,4488
2014,Israel,658,537,121,2437,1411,1026,3095,1948,1147
2014,Japan,497,701,-204,6494,6057,437,6991,6758,233
2014,Kazakhstan,2200,384,1816,2491,1103,1388,4691,1487,3204
2014,Jordan,341,271,70,1686,895,791,2027,1166,861
2014,Kuwait,52,72,-20,1562,758,804,1614,830,784
2014,Kyrgyzstan,162,74,88,587,388,199,749,462,287
2014,Lebanon,746,640,106,4213,1146,3067,4959,1786,3173
2014,Pakistan,504,417,87,8024,2153,5871,8528,2570,5958
2014,Philippines,576,555,21,1569,839,730,2145,1394,751
2014,Korea Republic of,195,265,-70,6038,4470,1568,6233,4735,1498
2014,United Arab Emirates,1240,1586,-346,2776,1689,1087,4016,3275,741
2014,Tajikistan,48,30,18,652,189,463,700,219,481
2014,Saudi Arabia,338,405,-67,2340,1475,865,2678,1880,798
2014,Singapore,711,714,-3,964,700,264,1675,1414,261
2014,Syrian,247,56,191,64705,2723,61982,64952,2779,62173
2014,Thailand,1450,1847,-397,3069,2263,806,4519,4110,409
2014,Uzbekistan,54,21,33,455,326,129,509,347,162
2014,China,2832,2859,-27,22453,13528,8925,25285,16387,8898
2014,Rest of Asia,1300,1387,-87,10117,4660,5457,11417,6047,5370
2014,Australia,2689,3519,-830,3063,2312,751,5752,5831,-79
2014,New Zealand,855,1254,-399,686,558,128,1541,1812,-271
2014,Rest of Oceania,84,72,12,116,113,3,200,185,15
2014,Unknown foreign countries,2087,10032,-7945,5258,4049,1209,7345,14081,-6736
2014,Unknown / Not specified,216,71,145,514,751,-237,730,822,-92
2014,Total,122195,148636,-26441,1342529,765605,576924,1464724,914241,550483
2015,Albania,94,47,47,68838,21843,46995,68932,21890,47042
2015,Bosnia and Herzegovina,136,135,1,22832,15769,7063,22968,15904,7064
2015,Andorra,12,4,8,11,7,4,23,11,12
2015,Belgium,1871,2123,-252,4044,2952,1092,5915,5075,840
2015,Bulgaria,353,331,22,83226,45398,37828,83579,45729,37850
2015,Denmark,736,1254,-518,2563,2528,35,3299,3782,-483
2015,Estonia,77,75,2,994,757,237,1071,832,239
2015,Finland,281,339,-58,2396,1966,430,2677,2305,372
2015,France,5658,5863,-205,16656,13707,2949,22314,19570,2744
2015,Croatia,406,446,-40,57006,20239,36767,57412,20685,36727
2015,Slovenia,78,132,-54,6925,3662,3263,7003,3794,3209
2015,Greece,966,741,225,31528,16234,15294,32494,16975,15519
2015,Ireland,705,1017,-312,2209,1471,738,2914,2488,426
2015,Iceland,58,98,-40,278,157,121,336,255,81
2015,Italy,2600,2297,303,71505,35938,35567,74105,38235,35870
2015,Latvia,87,84,3,6536,4794,1742,6623,4878,1745
2015,Montenegro (since 2006-06-03),46,33,13,5161,1940,3221,5207,1973,3234
2015,Lithuania,103,111,-8,9617,5691,3926,9720,5802,3918
2015,Luxembourg,635,734,-99,3387,1973,1414,4022,2707,1315
2015,North Macedonia,99,65,34,24595,12207,12388,24694,12272,12422
2015,Malta,150,194,-44,173,140,33,323,334,-11
2015,Netherlands,2816,3384,-568,11524,8859,2665,14340,12243,2097
2015,Norway,864,1168,-304,1254,944,310,2118,2112,6
2015,Kosovo,175,135,40,41317,21220,20097,41492,21355,20137
2015,Austria,6832,10239,-3407,13480,9668,3812,20312,19907,405
2015,Poland,5898,5536,362,189768,126851,62917,195666,132387,63279
2015,Portugal,782,868,-86,9872,7313,2559,10654,8181,2473
2015,Romania,855,829,26,212182,125934,86248,213037,126763,86274
2015,Slovakia,116,155,-39,14260,10199,4061,14376,10354,4022
2015,Sweden,1060,1771,-711,3277,2915,362,4337,4686,-349
2015,Switzerland,12064,18266,-6202,6402,5776,626,18466,24042,-5576
2015,Russian Federation,4583,2341,2242,20499,9535,10964,25082,11876,13206
2015,Spain,6088,6216,-128,29629,18246,11383,35717,24462,11255
2015,Turkey,4732,6750,-2018,27952,23790,4162,32684,30540,2144
2015,Czechia,609,898,-289,12665,7795,4870,13274,8693,4581
2015,Hungary,755,935,-180,55618,37241,18377,56373,38176,18197
2015,Ukraine,1236,273,963,14837,4620,10217,16073,4893,11180
2015,United Kingdom,6043,8917,-2874,13116,10772,2344,19159,19689,-530
2015,Belarus,196,159,37,2114,909,1205,2310,1068,1242
2015,Serbia,259,233,26,42335,34119,8216,42594,34352,8242
2015,Cyprus,177,155,22,827,322,505,1004,477,527
2015,Rest of Europe,146,148,-2,6448,1986,4462,6594,2134,4460
2015,Algeria,182,158,24,10315,3306,7009,10497,3464,7033
2015,Angola,46,37,9,284,282,2,330,319,11
2015,Ethiopia,169,111,58,3464,660,2804,3633,771,2862
2015,Cote d'Ivoire,30,27,3,1227,265,962,1257,292,965
2015,Nigeria,222,158,64,10817,1892,8925,11039,2050,8989
2015,Ghana,239,159,80,4079,1205,2874,4318,1364,2954
2015,Kenya,296,236,60,906,448,458,1202,684,518
2015,Congo Republic of the,19,11,8,250,130,120,269,141,128
2015,Congo The Democratic Republic of the,44,41,3,310,192,118,354,233,121
2015,Libya,33,19,14,2660,1915,745,2693,1934,759
2015,Morocco,487,466,21,9570,3643,5927,10057,4109,5948
2015,Niger,13,21,-8,279,116,163,292,137,155
2015,Cameroon,104,80,24,2914,846,2068,3018,926,2092
2015,South Africa,1199,930,269,1045,614,431,2244,1544,700
2015,Rwanda,45,38,7,108,57,51,153,95,58
2015,Namibia,262,193,69,127,76,51,389,269,120
2015,Senegal,51,33,18,2107,442,1665,2158,475,1683
2015,Somalia,11,8,3,10109,2122,7987,10120,2130,7990
2015,Tanzania,148,158,-10,299,170,129,447,328,119
2015,Tunisia,512,400,112,4864,2008,2856,5376,2408,2968
2015,Uganda,83,90,-7,317,120,197,400,210,190
2015,Egypt,704,549,155,6440,2454,3986,7144,3003,4141
2015,Central African Republic,5,14,-9,80,28,52,85,42,43
2015,Rest of Africa,789,637,152,37641,5820,31821,38430,6457,31973
2015,Argentina,477,418,59,1414,962,452,1891,1380,511
2015,Bolivia Plurinational State,238,180,58,299,187,112,537,367,170
2015,Brazil,1925,1338,587,8588,6958,1630,10513,8296,2217
2015,Chile,621,495,126,1376,816,560,1997,1311,686
2015,Costa Rica,185,192,-7,325,195,130,510,387,123
2015,Honduras,51,33,18,165,49,116,216,82,134
2015,Canada,1846,2200,-354,3665,2858,807,5511,5058,453
2015,Colombia,477,374,103,2529,1607,922,3006,1981,1025
2015,Mexico,927,915,12,4550,4056,494,5477,4971,506
2015,Nicaragua,66,53,13,98,42,56,164,95,69
2015,Paraguay,346,328,18,232,191,41,578,519,59
2015,Peru,362,331,31,848,498,350,1210,829,381
2015,Uruguay,110,129,-19,148,99,49,258,228,30
2015,Venezuela Bolivarian Republic of,349,99,250,913,324,589,1262,423,839
2015,United States,10159,13438,-3279,22271,19032,3239,32430,32470,-40
2015,Rest of America,1019,973,46,2591,1572,1019,3610,2545,1065
2015,Yemen,62,3,59,930,200,730,992,203,789
2015,Armenia,70,17,53,4468,886,3582,4538,903,3635
2015,Afghanistan Republic of,317,159,158,94585,4812,89773,94902,4971,89931
2015,Azerbaijan,46,39,7,3373,898,2475,3419,937,2482
2015,Georgia,83,63,20,6541,3184,3357,6624,3247,3377
2015,Viet Nam,276,251,25,4566,1920,2646,4842,2171,2671
2015,Korea Democratic People's Republic,18,32,-14,277,264,13,295,296,-1
2015,India,829,761,68,24168,14022,10146,24997,14783,10214
2015,Indonesia,405,355,50,2309,1545,764,2714,1900,814
2015,Iraq,1418,1033,385,71704,4744,66960,73122,5777,67345
2015,Iran Islamic Republic of,416,334,82,18998,2785,16213,19414,3119,16295
2015,Israel,625,539,86,2549,1386,1163,3174,1925,1249
2015,Japan,532,684,-152,6680,5935,745,7212,6619,593
2015,Kazakhstan,2209,333,1876,2032,1004,1028,4241,1337,2904
2015,Jordan,320,269,51,2256,893,1363,2576,1162,1414
2015,Kuwait,58,64,-6,2290,1382,908,2348,1446,902
2015,Kyrgyzstan,192,69,123,659,416,243,851,485,366
2015,Lebanon,731,650,81,8245,1237,7008,8976,1887,7089
2015,Pakistan,454,307,147,24707,3274,21433,25161,3581,21580
2015,Philippines,645,538,107,1746,1097,649,2391,1635,756
2015,Korea Republic of,225,219,6,6904,4932,1972,7129,5151,1978
2015,United Arab Emirates,1164,1498,-334,3390,1745,1645,4554,3243,1311
2015,Tajikistan,52,37,15,1194,347,847,1246,384,862
2015,Saudi Arabia,269,295,-26,3358,2090,1268,3627,2385,1242
2015,Singapore,735,747,-12,972,757,215,1707,1504,203
2015,Syrian,493,74,419,326379,10066,316313,326872,10140,316732
2015,Thailand,1552,1669,-117,3237,2211,1026,4789,3880,909
2015,Uzbekistan,107,23,84,589,312,277,696,335,361
2015,China,2991,2729,262,25202,15149,10053,28193,17878,10315
2015,Rest of Asia,1294,1287,7,14952,5797,9155,16246,7084,9162
2015,Australia,2621,3523,-902,3392,2222,1170,6013,5745,268
2015,New Zealand,950,1284,-334,768,514,254,1718,1798,-80
2015,Rest of Oceania,68,52,16,96,109,-13,164,161,3
2015,Unknown foreign countries,2013,6593,-4580,28143,11506,16637,30156,18099,12057
2015,Unknown / Not specified,185,174,11,4502,2994,1508,4687,3168,1519
2015,Total,120713,138273,-17560,2016241,859279,1156962,2136954,997552,1139402
2016,Albania,70,49,21,10454,37172,-26718,10524,37221,-26697
2016,Bosnia and Herzegovina,125,148,-23,23885,16207,7678,24010,16355,7655
2016,Andorra,6,12,-6,12,12,0,18,24,-6
2016,Belgium,1972,2048,-76,3965,2878,1087,5937,4926,1011
2016,Bulgaria,320,461,-141,79607,53214,26393,79927,53675,26252
2016,Denmark,798,1329,-531,2621,2152,469,3419,3481,-62
2016,Estonia,40,74,-34,899,654,245,939,728,211
2016,Finland,254,356,-102,2367,1836,531,2621,2192,429
2016,France,5505,5895,-390,16923,12718,4205,22428,18613,3815
2016,Croatia,321,461,-140,57155,25280,31875,57476,25741,31735
2016,Slovenia,81,137,-56,5463,3715,1748,5544,3852,1692
2016,Greece,912,729,183,30686,18301,12385,31598,19030,12568
2016,Ireland,694,1006,-312,2353,1679,674,3047,2685,362
2016,Iceland,81,107,-26,256,229,27,337,336,1
2016,Italy,2280,2457,-177,63193,39011,24182,65473,41468,24005
2016,Latvia,85,89,-4,6517,5014,1503,6602,5103,1499
2016,Montenegro (since 2006-06-03),39,38,1,1864,3854,-1990,1903,3892,-1989
2016,Lithuania,98,122,-24,9406,6537,2869,9504,6659,2845
2016,Luxembourg,656,733,-77,3417,1997,1420,4073,2730,1343
2016,North Macedonia,72,60,12,13697,17398,-3701,13769,17458,-3689
2016,Malta,131,238,-107,173,147,26,304,385,-81
2016,Netherlands,2666,3499,-833,11305,9045,2260,13971,12544,1427
2016,Norway,826,1095,-269,1333,1058,275,2159,2153,6
2016,Kosovo,147,147,0,12359,19769,-7410,12506,19916,-7410
2016,Austria,6521,10283,-3762,14283,10099,4184,20804,20382,422
2016,Poland,4305,5418,-1113,159448,131818,27630,163753,137236,26517
2016,Portugal,695,1081,-386,9204,7623,1581,9899,8704,1195
2016,Romania,704,827,-123,212159,155641,56518,212863,156468,56395
2016,Slovakia,112,173,-61,12151,10195,1956,12263,10368,1895
2016,Sweden,975,1835,-860,3088,2657,431,4063,4492,-429
2016,Switzerland,11216,17650,-6434,6461,6311,150,17677,23961,-6284
2016,Russian Federation,4466,2254,2212,20517,9515,11002,24983,11769,13214
2016,Spain,5197,6352,-1155,26664,18292,8372,31861,24644,7217
2016,Turkey,4881,6230,-1349,36415,24275,12140,41296,30505,10791
2016,Czechia,608,952,-344,11237,8422,2815,11845,9374,2471
2016,Hungary,607,1086,-479,49217,40150,9067,49824,41236,8588
2016,Ukraine,1063,301,762,12196,5865,6331,13259,6166,7093
2016,United Kingdom,6526,8243,-1717,13745,10148,3597,20271,18391,1880
2016,Belarus,251,146,105,2062,936,1126,2313,1082,1231
2016,Serbia,238,225,13,24378,32796,-8418,24616,33021,-8405
2016,Cyprus,141,193,-52,888,377,511,1029,570,459
2016,Rest of Europe,140,105,35,9443,5473,3970,9583,5578,4005
2016,Algeria,168,154,14,4688,7526,-2838,4856,7680,-2824
2016,Angola,39,13,26,336,283,53,375,296,79
2016,Ethiopia,141,131,10,3592,1092,2500,3733,1223,2510
2016,Cote d'Ivoire,35,16,19,1569,442,1127,1604,458,1146
2016,Nigeria,223,127,96,8074,380,7694,8297,507,7790
2016,Ghana,213,143,70,2741,1658,1083,2954,1801,1153
2016,Kenya,278,176,102,967,477,490,1245,653,592
2016,Congo Republic of the,22,8,14,146,141,5,168,149,19
2016,Congo The Democratic Republic of the,54,38,16,342,239,103,396,277,119
2016,Libya,30,23,7,2426,1449,977,2456,1472,984
2016,Morocco,412,464,-52,7816,7809,7,8228,8273,-45
2016,Niger,9,9,0,192,145,47,201,154,47
2016,Cameroon,97,110,-13,2563,1175,1388,2660,1285,1375
2016,South Africa,1197,866,331,1167,559,608,2364,1425,939
2016,Rwanda,49,35,14,175,55,120,224,90,134
2016,Namibia,305,191,114,116,68,48,421,259,162
2016,Senegal,81,56,25,1058,1178,-120,1139,1234,-95
2016,Somalia,16,15,1,7009,137,6872,7025,152,6873
2016,Tanzania,143,119,24,334,147,187,477,266,211
2016,Tunisia,467,337,130,5118,2928,2190,5585,3265,2320
2016,Uganda,110,65,45,376,106,270,486,171,315
2016,Egypt,701,524,177,6717,2795,3922,7418,3319,4099
2016,Central African Republic,16,24,-8,44,26,18,60,50,10
2016,Rest of Africa,751,588,163,29038,9394,19644,29789,9982,19807
2016,Argentina,486,388,98,1524,988,536,2010,1376,634
2016,Bolivia Plurinational State,241,195,46,280,200,80,521,395,126
2016,Brazil,2029,1219,810,9197,6889,2308,11226,8108,3118
2016,Chile,656,423,233,1537,896,641,2193,1319,874
2016,Costa Rica,189,176,13,334,192,142,523,368,155
2016,Honduras,51,25,26,175,70,105,226,95,131
2016,Canada,1736,2431,-695,3653,3044,609,5389,5475,-86
2016,Colombia,454,378,76,2980,1742,1238,3434,2120,1314
2016,Mexico,893,953,-60,4512,3208,1304,5405,4161,1244
2016,Nicaragua,67,43,24,129,52,77,196,95,101
2016,Paraguay,359,418,-59,257,137,120,616,555,61
2016,Peru,381,303,78,993,474,519,1374,777,597
2016,Uruguay,111,126,-15,145,78,67,256,204,52
2016,Venezuela Bolivarian Republic of,326,90,236,1047,311,736,1373,401,972
2016,United States,9815,12781,-2966,21833,19962,1871,31648,32743,-1095
2016,Rest of America,1143,922,221,2767,1632,1135,3910,2554,1356
2016,Yemen,5,6,-1,783,269,514,788,275,513
2016,Armenia,40,37,3,4115,1103,3012,4155,1140,3015
2016,Afghanistan Republic of,191,83,108,69820,2425,67395,70011,2508,67503
2016,Azerbaijan,39,23,16,3664,1094,2570,3703,1117,2586
2016,Georgia,80,78,2,4680,4316,364,4760,4394,366
2016,Viet Nam,310,292,18,5372,2203,3169,5682,2495,3187
2016,Korea Democratic People's Republic,29,29,0,223,270,-47,252,299,-47
2016,India,682,708,-26,25345,15661,9684,26027,16369,9658
2016,Indonesia,419,359,60,2569,1572,997,2988,1931,1057
2016,Iraq,1259,799,460,65976,5027,60949,67235,5826,61409
2016,Iran Islamic Republic of,331,340,-9,20725,2322,18403,21056,2662,18394
2016,Israel,576,509,67,2297,1464,833,2873,1973,900
2016,Japan,582,731,-149,6769,6241,528,7351,6972,379
2016,Kazakhstan,2367,323,2044,2389,862,1527,4756,1185,3571
2016,Jordan,282,274,8,3288,1097,2191,3570,1371,2199
2016,Kuwait,91,54,37,3055,2979,76,3146,3033,113
2016,Kyrgyzstan,220,41,179,593,401,192,813,442,371
2016,Lebanon,665,646,19,6791,3096,3695,7456,3742,3714
2016,Pakistan,401,347,54,9793,1045,8748,10194,1392,8802
2016,Philippines,653,528,125,2126,880,1246,2779,1408,1371
2016,Korea Republic of,221,232,-11,7415,5334,2081,7636,5566,2070
2016,United Arab Emirates,1445,1282,163,3304,1952,1352,4749,3234,1515
2016,Tajikistan,31,14,17,1543,443,1100,1574,457,1117
2016,Saudi Arabia,343,293,50,2537,2752,-215,2880,3045,-165
2016,Singapore,777,710,67,983,853,130,1760,1563,197
2016,Syrian,199,43,156,155213,2130,153083,155412,2173,153239
2016,Thailand,1543,1776,-233,3450,2181,1269,4993,3957,1036
2016,Uzbekistan,61,37,24,601,289,312,662,326,336
2016,China,2973,2379,594,26385,16556,9829,29358,18935,10423
2016,Rest of Asia,1472,1211,261,10251,6847,3404,11723,8058,3665
2016,Australia,2788,3439,-651,3354,2296,1058,6142,5735,407
2016,New Zealand,924,1268,-344,740,544,196,1664,1812,-148
2016,Rest of Oceania,94,86,8,54,70,-16,148,156,-8
2016,Unknown foreign countries,2041,2008,33,129557,25493,104064,131598,27501,104097
2016,Unknown / Not specified,30594,150679,-120085,11882,121146,-109264,42476,271825,-229349
2016,Total,146047,281411,-135364,1719075,1083767,635308,1865122,1365178,499944
2017,Albania,68,68,0,10681,15025,-4344,10749,15093,-4344
2017,Bosnia and Herzegovina,125,79,46,25987,12009,13978,26112,12088,14024
2017,Andorra,27,8,19,21,12,9,48,20,28
2017,Belgium,1870,1803,67,3933,2780,1153,5803,4583,1220
2017,Bulgaria,327,450,-123,78020,48871,29149,78347,49321,29026
2017,Denmark,828,1246,-418,2607,2405,202,3435,3651,-216
2017,Estonia,68,94,-26,813,596,217,881,690,191
2017,Finland,305,334,-29,2339,1993,346,2644,2327,317
2017,France,5257,5149,108,16338,13117,3221,21595,18266,3329
2017,Croatia,259,364,-105,52791,23591,29200,53050,23955,29095
2017,Slovenia,72,131,-59,4562,2890,1672,4634,3021,1613
2017,Greece,800,690,110,29786,16725,13061,30586,17415,13171
2017,Ireland,737,886,-149,2309,1402,907,3046,2288,758
2017,Iceland,71,109,-38,258,178,80,329,287,42
2017,Italy,2328,2287,41,61167,36959,24208,63495,39246,24249
2017,Latvia,82,93,-11,7263,4663,2600,7345,4756,2589
2017,Montenegro (since 2006-06-03),30,42,-12,2119,1758,361,2149,1800,349
2017,Lithuania,77,99,-22,10010,5876,4134,10087,5975,4112
2017,Luxembourg,608,669,-61,3196,1968,1228,3804,2637,1167
2017,North Macedonia,103,76,27,17571,12425,5146,17674,12501,5173
2017,Malta,158,234,-76,237,146,91,395,380,15
2017,Netherlands,2661,3319,-658,10758,8740,2018,13419,12059,1360
2017,Norway,844,953,-109,1293,1109,184,2137,2062,75
2017,Kosovo,163,126,37,15722,9148,6574,15885,9274,6611
2017,Austria,6384,9660,-3276,12998,10425,2573,19382,20085,-703
2017,Poland,3940,5069,-1129,148582,114029,34553,152522,119098,33424
2017,Portugal,752,1091,-339,8372,6929,1443,9124,8020,1104
2017,Romania,670,782,-112,219319,151028,68291,219989,151810,68179
2017,Slovakia,135,178,-43,11868,9231,2637,12003,9409,2594
2017,Sweden,947,1641,-694,3148,2672,476,4095,4313,-218
2017,Switzerland,11124,15784,-4660,6390,6366,24,17514,22150,-4636
2017,Russian Federation,4447,2008,2439,14877,9784,5093,19324,11792,7532
2017,Spain,5131,5959,-828,22362,16513,5849,27493,22472,5021
2017,Turkey,4891,5841,-950,42859,21208,21651,47750,27049,20701
2017,Czechia,586,825,-239,11192,7631,3561,11778,8456,3322
2017,Hungary,654,1047,-393,45487,35804,9683,46141,36851,9290
2017,Ukraine,1186,285,901,11724,6444,5280,12910,6729,6181
2017,United Kingdom,6583,6677,-94,14877,9461,5416,21460,16138,5322
2017,Belarus,253,130,123,2059,1102,957,2312,1232,1080
2017,Serbia,246,217,29,26281,19337,6944,26527,19554,6973
2017,Cyprus,142,179,-37,864,368,496,1006,547,459
2017,Rest of Europe,163,82,81,9298,5786,3512,9461,5868,3593
2017,Algeria,164,125,39,2883,4147,-1264,3047,4272,-1225
2017,Angola,22,18,4,344,244,100,366,262,104
2017,Ethiopia,140,112,28,1533,1135,398,1673,1247,426
2017,Cote d'Ivoire,31,23,8,726,666,60,757,689,68
2017,Nigeria,219,152,67,6782,392,6390,7001,544,6457
2017,Ghana,221,130,91,2558,1971,587,2779,2101,678
2017,Kenya,260,217,43,957,396,561,1217,613,604
2017,Congo Republic of the,16,13,3,125,126,-1,141,139,2
2017,Congo The Democratic Republic of the,32,32,0,391,200,191,423,232,191
2017,Libya,42,31,11,2569,1628,941,2611,1659,952
2017,Morocco,458,379,79,5631,5394,237,6089,5773,316
2017,Niger,22,15,7,125,173,-48,147,188,-41
2017,Cameroon,95,85,10,1937,997,940,2032,1082,950
2017,South Africa,1132,800,332,1298,521,777,2430,1321,1109
2017,Rwanda,27,47,-20,145,51,94,172,98,74
2017,Namibia,280,165,115,105,75,30,385,240,145
2017,Senegal,77,41,36,468,1234,-766,545,1275,-730
2017,Somalia,11,14,-3,3705,132,3573,3716,146,3570
2017,Tanzania,181,112,69,342,193,149,523,305,218
2017,Tunisia,471,349,122,4633,2419,2214,5104,2768,2336
2017,Uganda,98,79,19,381,137,244,479,216,263
2017,Egypt,623,417,206,5628,2608,3020,6251,3025,3226
2017,Central African Republic,27,33,-6,41,33,8,68,66,2
2017,Rest of Africa,725,564,161,17606,9152,8454,18331,9716,8615
2017,Argentina,442,359,83,2037,1011,1026,2479,1370,1109
2017,Bolivia Plurinational State,265,194,71,309,157,152,574,351,223
2017,Brazil,2015,1006,1009,10183,5430,4753,12198,6436,5762
2017,Chile,544,387,157,1828,960,868,2372,1347,1025
2017,Costa Rica,170,148,22,349,219,130,519,367,152
2017,Honduras,35,24,11,161,78,83,196,102,94
2017,Canada,1734,2396,-662,3490,2725,765,5224,5121,103
2017,Colombia,472,345,127,3132,1469,1663,3604,1814,1790
2017,Mexico,1060,914,146,4846,3036,1810,5906,3950,1956
2017,Nicaragua,62,57,5,131,64,67,193,121,72
2017,Paraguay,362,393,-31,221,171,50,583,564,19
2017,Peru,404,262,142,1106,504,602,1510,766,744
2017,Uruguay,125,149,-24,182,97,85,307,246,61
2017,Venezuela Bolivarian Republic of,417,49,368,1266,260,1006,1683,309,1374
2017,United States,10647,10585,62,22280,17571,4709,32927,28156,4771
2017,Rest of America,1172,839,333,2682,1363,1319,3854,2202,1652
2017,Yemen,7,0,7,936,176,760,943,176,767
2017,Armenia,40,27,13,2638,1864,774,2678,1891,787
2017,Afghanistan Republic of,130,61,69,8147,1197,6950,8277,1258,7019
2017,Azerbaijan,34,31,3,2999,1538,1461,3033,1569,1464
2017,Georgia,94,90,4,4701,4512,189,4795,4602,193
2017,Viet Nam,322,247,75,5129,2010,3119,5451,2257,3194
2017,Korea Democratic People's Republic,17,16,1,229,181,48,246,197,49
2017,India,747,705,42,26199,14371,11828,26946,15076,11870
2017,Indonesia,450,359,91,2412,1392,1020,2862,1751,1111
2017,Iraq,1044,634,410,23305,2915,20390,24349,3549,20800
2017,Iran Islamic Republic of,315,238,77,9931,1527,8404,10246,1765,8481
2017,Israel,478,462,16,2370,1415,955,2848,1877,971
2017,Japan,611,704,-93,6742,5846,896,7353,6550,803
2017,Kazakhstan,2562,326,2236,2275,842,1433,4837,1168,3669
2017,Jordan,341,275,66,2811,1144,1667,3152,1419,1733
2017,Kuwait,56,43,13,1102,1202,-100,1158,1245,-87
2017,Kyrgyzstan,140,73,67,787,397,390,927,470,457
2017,Lebanon,633,565,68,5449,2085,3364,6082,2650,3432
2017,Pakistan,432,305,127,5297,1085,4212,5729,1390,4339
2017,Philippines,587,465,122,2383,969,1414,2970,1434,1536
2017,Korea Republic of,282,244,38,7821,5213,2608,8103,5457,2646
2017,United Arab Emirates,1426,971,455,3196,2443,753,4622,3414,1208
2017,Tajikistan,29,9,20,1420,746,674,1449,755,694
2017,Saudi Arabia,391,212,179,1391,1535,-144,1782,1747,35
2017,Singapore,726,572,154,962,677,285,1688,1249,439
2017,Syrian,88,42,46,50463,1386,49077,50551,1428,49123
2017,Thailand,1602,1756,-154,3390,1862,1528,4992,3618,1374
2017,Uzbekistan,60,26,34,642,282,360,702,308,394
2017,China,2874,2070,804,25950,16292,9658,28824,18362,10462
2017,Rest of Asia,1398,1097,301,9250,5724,3526,10648,6821,3827
2017,Australia,2829,3265,-436,3141,2351,790,5970,5616,354
2017,New Zealand,1035,1364,-329,782,504,278,1817,1868,-51
2017,Rest of Oceania,81,99,-18,55,33,22,136,132,4
2017,Unknown foreign countries,1918,1459,459,55179,14556,40623,57097,16015,41082
2017,Unknown / Not specified,51522,131545,-80023,17080,57545,-40465,68602,189090,-120488
2017,Total,166703,249181,-82478,1384018,885460,498558,1550721,1134641,416080
2018,Albania,62,53,9,13049,8483,4566,13111,8536,4575
2018,Bosnia and Herzegovina,120,115,5,24900,10772,14128,25020,10887,14133
2018,Andorra,14,10,4,23,11,12,37,21,16
2018,Belgium,1754,2005,-251,3828,3070,758,5582,5075,507
2018,Bulgaria,309,532,-223,81484,56171,25313,81793,56703,25090
2018,Denmark,841,1418,-577,2721,2425,296,3562,3843,-281
2018,Estonia,66,107,-41,858,669,189,924,776,148
2018,Finland,229,357,-128,2072,1831,241,2301,2188,113
2018,France,5126,5814,-688,16176,12450,3726,21302,18264,3038
2018,Croatia,253,418,-165,51197,25906,25291,51450,26324,25126
2018,Slovenia,64,115,-51,4148,2724,1424,4212,2839,1373
2018,Greece,766,862,-96,29732,18185,11547,30498,19047,11451
2018,Ireland,713,957,-244,2534,1645,889,3247,2602,645
2018,Iceland,89,131,-42,231,221,10,320,352,-32
2018,Italy,2149,2431,-282,62703,38887,23816,64852,41318,23534
2018,Latvia,102,116,-14,7215,5231,1984,7317,5347,1970
2018,Montenegro (since 2006-06-03),33,43,-10,2318,1552,766,2351,1595,756
2018,Lithuania,102,108,-6,11752,7736,4016,11854,7844,4010
2018,Luxembourg,634,715,-81,3260,2048,1212,3894,2763,1131
2018,North Macedonia,77,47,30,18126,10845,7281,18203,10892,7311
2018,Malta,161,288,-127,205,140,65,366,428,-62
2018,Netherlands,2544,3746,-1202,10749,9559,1190,13293,13305,-12
2018,Norway,777,1133,-356,1357,1086,271,2134,2219,-85
2018,Kosovo,152,125,27,16370,6371,9999,16522,6496,10026
2018,Austria,6468,10852,-4384,12849,10850,1999,19317,21702,-2385
2018,Poland,3428,5126,-1698,142781,121915,20866,146209,127041,19168
2018,Portugal,982,1427,-445,7824,7030,794,8806,8457,349
2018,Romania,744,851,-107,238080,175600,62480,238824,176451,62373
2018,Slovakia,116,163,-47,11439,9784,1655,11555,9947,1608
2018,Sweden,1031,1821,-790,3323,2752,571,4354,4573,-219
2018,Switzerland,10681,16430,-5749,6518,6617,-99,17199,23047,-5848
2018,Russian Federation,4935,2105,2830,15172,9468,5704,20107,11573,8534
2018,Spain,5487,6433,-946,22542,16822,5720,28029,23255,4774
2018,Turkey,5231,6203,-972,42218,23532,18686,47449,29735,17714
2018,Czechia,598,869,-271,10982,7830,3152,11580,8699,2881
2018,Hungary,656,1249,-593,41269,36147,5122,41925,37396,4529
2018,Ukraine,1191,345,846,12754,6712,6042,13945,7057,6888
2018,United Kingdom,6418,7032,-614,15209,10150,5059,21627,17182,4445
2018,Belarus,220,157,63,2130,1063,1067,2350,1220,1130
2018,Serbia,230,189,41,28018,18078,9940,28248,18267,9981
2018,Cyprus,123,325,-202,644,380,264,767,705,62
2018,Rest of Europe,157,135,22,13944,7376,6568,14101,7511,6590
2018,Algeria,183,184,-1,2688,3649,-961,2871,3833,-962
2018,Angola,22,17,5,377,306,71,399,323,76
2018,Ethiopia,165,120,45,1476,960,516,1641,1080,561
2018,Cote d'Ivoire,37,29,8,558,678,-120,595,707,-112
2018,Nigeria,189,120,69,8643,588,8055,8832,708,8124
2018,Ghana,179,132,47,2724,2225,499,2903,2357,546
2018,Kenya,234,208,26,1020,479,541,1254,687,567
2018,Congo Republic of the,15,7,8,143,105,38,158,112,46
2018,Congo The Democratic Republic of the,32,43,-11,414,190,224,446,233,213
2018,Libya,45,42,3,2494,1930,564,2539,1972,567
2018,Morocco,545,417,128,6259,4804,1455,6804,5221,1583
2018,Niger,17,17,0,429,193,236,446,210,236
2018,Cameroon,133,83,50,3235,1091,2144,3368,1174,2194
2018,South Africa,1216,798,418,1519,656,863,2735,1454,1281
2018,Rwanda,37,32,5,202,71,131,239,103,136
2018,Namibia,324,211,113,143,82,61,467,293,174
2018,Senegal,76,49,27,566,651,-85,642,700,-58
2018,Somalia,18,18,0,2719,117,2602,2737,135,2602
2018,Tanzania,127,123,4,382,187,195,509,310,199
2018,Tunisia,412,336,76,4783,2742,2041,5195,3078,2117
2018,Uganda,86,94,-8,446,138,308,532,232,300
2018,Egypt,584,577,7,5951,2695,3256,6535,3272,3263
2018,Central African Republic,19,29,-10,47,36,11,66,65,1
2018,Rest of Africa,781,586,195,13564,8646,4918,14345,9232,5113
2018,Argentina,467,351,116,2435,1307,1128,2902,1658,1244
2018,Bolivia Plurinational State,277,207,70,341,172,169,618,379,239
2018,Brazil,1791,986,805,11463,6117,5346,13254,7103,6151
2018,Chile,625,491,134,1899,1084,815,2524,1575,949
2018,Costa Rica,188,182,6,369,225,144,557,407,150
2018,Honduras,41,28,13,196,63,133,237,91,146
2018,Canada,1831,2392,-561,3748,2968,780,5579,5360,219
2018,Colombia,493,406,87,3747,1714,2033,4240,2120,2120
2018,Mexico,1115,989,126,4974,3028,1946,6089,4017,2072
2018,Nicaragua,140,43,97,222,65,157,362,108,254
2018,Paraguay,345,438,-93,264,177,87,609,615,-6
2018,Peru,391,243,148,1230,520,710,1621,763,858
2018,Uruguay,121,104,17,243,96,147,364,200,164
2018,Venezuela Bolivarian Republic of,339,76,263,1491,307,1184,1830,383,1447
2018,United States,10144,10447,-303,21555,17696,3859,31699,28143,3556
2018,Rest of America,1056,870,186,2980,1494,1486,4036,2364,1672
2018,Yemen,11,13,-2,1167,239,928,1178,252,926
2018,Armenia,32,34,-2,1709,1938,-229,1741,1972,-231
2018,Afghanistan Republic of,138,63,75,7382,759,6623,7520,822,6698
2018,Azerbaijan,46,22,24,2675,1870,805,2721,1892,829
2018,Georgia,87,88,-1,5963,5254,709,6050,5342,708
2018,Viet Nam,300,294,6,6287,2314,3973,6587,2608,3979
2018,Korea Democratic People's Republic,17,19,-2,153,174,-21,170,193,-23
2018,India,742,711,31,29981,14989,14992,30723,15700,15023
2018,Indonesia,429,417,12,2881,1505,1376,3310,1922,1388
2018,Iraq,917,636,281,15708,2448,13260,16625,3084,13541
2018,Iran Islamic Republic of,422,231,191,14098,1191,12907,14520,1422,13098
2018,Israel,534,515,19,2261,1414,847,2795,1929,866
2018,Japan,652,730,-78,7011,6100,911,7663,6830,833
2018,Kazakhstan,2199,308,1891,2343,783,1560,4542,1091,3451
2018,Jordan,369,226,143,2427,1333,1094,2796,1559,1237
2018,Kuwait,51,50,1,1259,1049,210,1310,1099,211
2018,Kyrgyzstan,166,79,87,1147,646,501,1313,725,588
2018,Lebanon,707,634,73,5151,2038,3113,5858,2672,3186
2018,Pakistan,378,341,37,5550,1181,4369,5928,1522,4406
2018,Philippines,621,587,34,2699,946,1753,3320,1533,1787
2018,Korea Republic of,273,225,48,7658,5745,1913,7931,5970,1961
2018,United Arab Emirates,1376,1048,328,2266,2185,81,3642,3233,409
2018,Tajikistan,33,16,17,933,806,127,966,822,144
2018,Saudi Arabia,302,218,84,1334,1175,159,1636,1393,243
2018,Singapore,751,665,86,1027,706,321,1778,1371,407
2018,Syrian,85,46,39,30330,1555,28775,30415,1601,28814
2018,Thailand,1581,1869,-288,3929,2272,1657,5510,4141,1369
2018,Uzbekistan,77,22,55,764,342,422,841,364,477
2018,China,2626,2157,469,25293,17448,7845,27919,19605,8314
2018,Rest of Asia,1394,1212,182,9981,6116,3865,11375,7328,4047
2018,Australia,2873,3169,-296,3049,2244,805,5922,5413,509
2018,New Zealand,1010,1296,-286,724,618,106,1734,1914,-180
2018,Rest of Oceania,74,55,19,76,53,23,150,108,42
2018,Unknown foreign countries,1617,1805,-188,38430,12639,25791,40047,14444,25603
2018,Unknown / Not specified,87968,136167,-48199,27292,51130,-23838,115260,187297,-72037
2018,Total,201531,261851,-60320,1383581,923581,460000,1585112,1185432,399680
2019,Albania,93,58,35,14756,6751,8005,14849,6809,8040
2019,Bosnia and Herzegovina,127,133,-6,26715,10408,16307,26842,10541,16301
2019,Andorra,13,7,6,11,11,0,24,18,6
2019,Belgium,1793,2166,-373,3952,3210,742,5745,5376,369
2019,Bulgaria,326,563,-237,82892,62758,20134,83218,63321,19897
2019,Denmark,768,1563,-795,2816,2815,1,3584,4378,-794
2019,Estonia,60,105,-45,860,699,161,920,804,116
2019,Finland,241,377,-136,1878,1975,-97,2119,2352,-233
2019,France,5016,5682,-666,16209,14932,1277,21225,20614,611
2019,Croatia,299,433,-134,42257,27273,14984,42556,27706,14850
2019,Slovenia,62,114,-52,3964,2793,1171,4026,2907,1119
2019,Greece,742,923,-181,27213,20617,6596,27955,21540,6415
2019,Ireland,701,957,-256,2645,1915,730,3346,2872,474
2019,Iceland,75,92,-17,260,162,98,335,254,81
2019,Italy,1999,2452,-453,60709,42684,18025,62708,45136,17572
2019,Latvia,108,211,-103,7024,5798,1226,7132,6009,1123
2019,Montenegro (since 2006-06-03),43,41,2,2516,1230,1286,2559,1271,1288
2019,Lithuania,89,113,-24,10976,9192,1784,11065,9305,1760
2019,Luxembourg,546,729,-183,3460,2417,1043,4006,3146,860
2019,North Macedonia,78,66,12,20382,10756,9626,20460,10822,9638
2019,Malta,234,200,34,294,153,141,528,353,175
2019,Netherlands,2693,3918,-1225,10652,10196,456,13345,14114,-769
2019,Norway,756,1073,-317,1276,1038,238,2032,2111,-79
2019,Kosovo,159,148,11,19283,5426,13857,19442,5574,13868
2019,Austria,6631,11904,-5273,12376,11506,870,19007,23410,-4403
2019,Poland,2946,5188,-2242,127743,125252,2491,130689,130440,249
2019,Portugal,1085,1546,-461,7566,7651,-85,8651,9197,-546
2019,Romania,675,965,-290,229421,188967,40454,230096,189932,40164
2019,Slovakia,93,154,-61,11747,10404,1343,11840,10558,1282
2019,Sweden,972,1882,-910,3373,3097,276,4345,4979,-634
2019,Switzerland,10523,16340,-5817,6220,7116,-896,16743,23456,-6713
2019,Russian Federation,4903,2019,2884,16356,9214,7142,21259,11233,10026
2019,Spain,5437,6479,-1042,22790,18334,4456,28227,24813,3414
2019,Turkey,5620,5765,-145,45990,24741,21249,51610,30506,21104
2019,Czechia,649,856,-207,10700,8646,2054,11349,9502,1847
2019,Hungary,683,1377,-694,34282,35982,-1700,34965,37359,-2394
2019,Ukraine,963,357,606,14533,8004,6529,15496,8361,7135
2019,United Kingdom,6385,6766,-381,16141,11721,4420,22526,18487,4039
2019,Belarus,262,161,101,2272,1061,1211,2534,1222,1312
2019,Serbia,289,212,77,28614,18137,10477,28903,18349,10554
2019,Cyprus,163,378,-215,617,454,163,780,832,-52
2019,Rest of Europe,152,142,10,16458,8073,8385,16610,8215,8395
2019,Algeria,188,126,62,2748,2469,279,2936,2595,341
2019,Angola,33,13,20,606,294,312,639,307,332
2019,Ethiopia,172,126,46,1777,986,791,1949,1112,837
2019,Cote d'Ivoire,39,36,3,583,631,-48,622,667,-45
2019,Nigeria,158,126,32,7628,760,6868,7786,886,6900
2019,Ghana,225,125,100,3123,1930,1193,3348,2055,1293
2019,Kenya,336,275,61,1179,494,685,1515,769,746
2019,Congo Republic of the,17,8,9,152,133,19,169,141,28
2019,Congo The Democratic Republic of the,38,25,13,345,231,114,383,256,127
2019,Libya,38,43,-5,2727,2206,521,2765,2249,516
2019,Morocco,507,354,153,6562,3856,2706,7069,4210,2859
2019,Niger,17,17,0,155,151,4,172,168,4
2019,Cameroon,136,95,41,3607,1396,2211,3743,1491,2252
2019,South Africa,1281,712,569,1633,634,999,2914,1346,1568
2019,Rwanda,49,18,31,248,96,152,297,114,183
2019,Namibia,334,201,133,173,66,107,507,267,240
2019,Senegal,57,66,-9,698,580,118,755,646,109
2019,Somalia,25,12,13,1910,107,1803,1935,119,1816
2019,Tanzania,131,80,51,417,199,218,548,279,269
2019,Tunisia,425,310,115,4808,2588,2220,5233,2898,2335
2019,Uganda,116,79,37,478,143,335,594,222,372
2019,Egypt,606,450,156,7488,2469,5019,8094,2919,5175
2019,Central African Republic,17,18,-1,35,45,-10,52,63,-11
2019,Rest of Africa,787,590,197,11337,7433,3904,12124,8023,4101
2019,Argentina,544,323,221,3059,1475,1584,3603,1798,1805
2019,Bolivia Plurinational State,269,169,100,408,213,195,677,382,295
2019,Brazil,1702,1081,621,11864,6965,4899,13566,8046,5520
2019,Chile,696,420,276,1984,1068,916,2680,1488,1192
2019,Costa Rica,212,172,40,428,214,214,640,386,254
2019,Honduras,33,16,17,281,76,205,314,92,222
2019,Canada,1776,2297,-521,3686,2962,724,5462,5259,203
2019,Colombia,598,437,161,4421,1789,2632,5019,2226,2793
2019,Mexico,1293,785,508,5019,3088,1931,6312,3873,2439
2019,Nicaragua,66,48,18,259,73,186,325,121,204
2019,Paraguay,384,409,-25,269,184,85,653,593,60
2019,Peru,479,287,192,1316,533,783,1795,820,975
2019,Uruguay,102,78,24,280,136,144,382,214,168
2019,Venezuela Bolivarian Republic of,298,67,231,1731,297,1434,2029,364,1665
2019,United States,9498,9782,-284,20447,16829,3618,29945,26611,3334
2019,Rest of America,1032,808,224,3128,1523,1605,4160,2331,1829
2019,Yemen,17,19,-2,933,321,612,950,340,610
2019,Armenia,38,40,-2,1429,1964,-535,1467,2004,-537
2019,Afghanistan Republic of,125,76,49,7456,699,6757,7581,775,6806
2019,Azerbaijan,58,22,36,2656,1689,967,2714,1711,1003
2019,Georgia,110,80,30,5965,5316,649,6075,5396,679
2019,Viet Nam,354,342,12,6781,2635,4146,7135,2977,4158
2019,Korea Democratic People's Republic,13,26,-13,138,128,10,151,154,-3
2019,India,683,587,96,35321,15311,20010,36004,15898,20106
2019,Indonesia,449,419,30,2933,1503,1430,3382,1922,1460
2019,Iraq,742,662,80,11496,2214,9282,12238,2876,9362
2019,Iran Islamic Republic of,369,247,122,11511,1243,10268,11880,1490,10390
2019,Israel,508,522,-14,2164,1474,690,2672,1996,676
2019,Japan,696,823,-127,6974,6098,876,7670,6921,749
2019,Kazakhstan,2465,336,2129,2439,871,1568,4904,1207,3697
2019,Jordan,336,244,92,2899,1172,1727,3235,1416,1819
2019,Kuwait,77,50,27,358,632,-274,435,682,-247
2019,Kyrgyzstan,182,72,110,1490,952,538,1672,1024,648
2019,Lebanon,814,581,233,5634,1682,3952,6448,2263,4185
2019,Pakistan,410,346,64,5497,1302,4195,5907,1648,4259
2019,Philippines,610,528,82,3589,900,2689,4199,1428,2771
2019,Korea Republic of,249,211,38,7438,5520,1918,7687,5731,1956
2019,United Arab Emirates,1309,996,313,1818,951,867,3127,1947,1180
2019,Tajikistan,18,14,4,1103,601,502,1121,615,506
2019,Saudi Arabia,216,205,11,1322,1057,265,1538,1262,276
2019,Singapore,693,642,51,1124,819,305,1817,1461,356
2019,Syrian,89,55,34,25133,1200,23933,25222,1255,23967
2019,Thailand,1708,1711,-3,3769,2200,1569,5477,3911,1566
2019,Uzbekistan,64,19,45,1065,476,589,1129,495,634
2019,China,2592,1992,600,24922,17682,7240,27514,19674,7840
2019,Rest of Asia,1310,1228,82,11138,6152,4986,12448,7380,5068
2019,Australia,2714,3147,-433,3102,2396,706,5816,5543,273
2019,New Zealand,990,1108,-118,771,501,270,1761,1609,152
2019,Rest of Oceania,92,49,43,87,55,32,179,104,75
2019,Unknown foreign countries,1528,1851,-323,28197,14089,14108,29725,15940,13785
2019,Unknown / Not specified,99875,145345,-45470,28095,48562,-20467,127970,193907,-65937
2019,Total,212669,270294,-57625,1345943,961258,384685,1558612,1231552,327060
2020,Albania,60,48,12,11148,5470,5678,11208,5518,5690
2020,Bosnia and Herzegovina,101,136,-35,17361,8408,8953,17462,8544,8918
2020,Andorra,11,5,6,9,6,3,20,11,9
2020,Belgium,1677,1854,-177,3298,2768,530,4975,4622,353
2020,Bulgaria,334,587,-253,72400,49390,23010,72734,49977,22757
2020,Denmark,785,1479,-694,2584,2351,233,3369,3830,-461
2020,Estonia,53,92,-39,821,689,132,874,781,93
2020,Finland,199,407,-208,1268,1498,-230,1467,1905,-438
2020,France,4673,4741,-68,13597,11610,1987,18270,16351,1919
2020,Croatia,245,411,-166,29081,20882,8199,29326,21293,8033
2020,Slovenia,62,109,-47,3401,2140,1261,3463,2249,1214
2020,Greece,607,858,-251,21906,15961,5945,22513,16819,5694
2020,Ireland,664,711,-47,1989,1391,598,2653,2102,551
2020,Iceland,65,95,-30,203,145,58,268,240,28
2020,Italy,1830,2030,-200,43178,31592,11586,45008,33622,11386
2020,Latvia,99,140,-41,5773,4403,1370,5872,4543,1329
2020,Montenegro (since 2006-06-03),32,25,7,1935,1062,873,1967,1087,880
2020,Lithuania,76,89,-13,8071,7466,605,8147,7555,592
2020,Luxembourg,631,673,-42,4173,2209,1964,4804,2882,1922
2020,North Macedonia,58,43,15,12519,6846,5673,12577,6889,5688
2020,Malta,202,176,26,333,131,202,535,307,228
2020,Netherlands,2706,3411,-705,9641,8790,851,12347,12201,146
2020,Norway,694,923,-229,975,904,71,1669,1827,-158
2020,Kosovo,163,76,87,13254,3834,9420,13417,3910,9507
2020,Austria,6334,10743,-4409,12386,10944,1442,18720,21687,-2967
2020,Poland,2276,3934,-1658,101220,94279,6941,103496,98213,5283
2020,Portugal,986,1461,-475,6313,5715,598,7299,7176,123
2020,Romania,628,826,-198,185296,148274,37022,185924,149100,36824
2020,Slovakia,108,165,-57,8534,7924,610,8642,8089,553
2020,Sweden,972,1804,-832,2807,2535,272,3779,4339,-560
2020,Switzerland,9726,14638,-4912,5728,6259,-531,15454,20897,-5443
2020,Russian Federation,3194,1475,1719,9869,6232,3637,13063,7707,5356
2020,Spain,5206,4631,575,20278,12770,7508,25484,17401,8083
2020,Turkey,4462,4622,-160,31258,21774,9484,35720,26396,9324
2020,Czechia,596,718,-122,8460,6685,1775,9056,7403,1653
2020,Hungary,611,1131,-520,27013,27707,-694,27624,28838,-1214
2020,Ukraine,677,240,437,10758,6666,4092,11435,6906,4529
2020,United Kingdom,6068,5109,959,15090,8777,6313,21158,13886,7272
2020,Belarus,198,96,102,1712,723,989,1910,819,1091
2020,Serbia,183,168,15,21789,14365,7424,21972,14533,7439
2020,Cyprus,194,437,-243,648,381,267,842,818,24
2020,Rest of Europe,95,101,-6,13726,7553,6173,13821,7654,6167
2020,Algeria,156,45,111,2880,1958,922,3036,2003,1033
2020,Angola,23,17,6,305,231,74,328,248,80
2020,Ethiopia,176,86,90,873,767,106,1049,853,196
2020,Cote d'Ivoire,27,17,10,474,479,-5,501,496,5
2020,Nigeria,155,80,75,2310,340,1970,2465,420,2045
2020,Ghana,170,106,64,2412,1432,980,2582,1538,1044
2020,Kenya,294,182,112,841,386,455,1135,568,567
2020,Congo Republic of the,nan,nan,nan,nan,nan,nan,nan,nan,nan
2020,Congo The Democratic Republic of the,27,13,14,327,215,112,354,228,126
2020,Libya,25,36,-11,1890,1861,29,1915,1897,18
2020,Morocco,424,238,186,5131,2804,2327,5555,3042,2513
2020,Niger,15,18,-3,112,96,16,127,114,13
2020,Cameroon,78,83,-5,1508,1111,397,1586,1194,392
2020,South Africa,1088,364,724,1088,489,599,2176,853,1323
2020,Rwanda,27,34,-7,200,52,148,227,86,141
2020,Namibia,303,111,192,110,58,52,413,169,244
2020,Senegal,75,43,32,572,432,140,647,475,172
2020,Somalia,12,12,0,1422,38,1384,1434,50,1384
2020,Tanzania,129,69,60,236,139,97,365,208,157
2020,Tunisia,328,248,80,3996,2135,1861,4324,2383,1941
2020,Uganda,88,67,21,311,121,190,399,188,211
2020,Egypt,579,407,172,3555,2500,1055,4134,2907,1227
2020,Central African Republic,20,12,8,41,13,28,61,25,36
2020,Rest of Africa,716,429,287,7399,5642,1757,8115,6071,2044
2020,Argentina,460,159,301,1754,1134,620,2214,1293,921
2020,Bolivia Plurinational State,250,126,124,200,146,54,450,272,178
2020,Brazil,1295,790,505,7459,5526,1933,8754,6316,2438
2020,Chile,589,220,369,1191,808,383,1780,1028,752
2020,Costa Rica,169,132,37,214,196,18,383,328,55
2020,Honduras,26,9,17,178,47,131,204,56,148
2020,Canada,1517,1449,68,2385,2409,-24,3902,3858,44
2020,Colombia,486,278,208,2079,1346,733,2565,1624,941
2020,Mexico,1100,527,573,2539,2213,326,3639,2740,899
2020,Nicaragua,42,17,25,104,42,62,146,59,87
2020,Paraguay,270,352,-82,152,152,0,422,504,-82
2020,Peru,389,158,231,759,408,351,1148,566,582
2020,Uruguay,96,68,28,217,118,99,313,186,127
2020,Venezuela Bolivarian Republic of,124,44,80,802,228,574,926,272,654
2020,United States,9073,5917,3156,12259,12808,-549,21332,18725,2607
2020,Rest of America,866,548,318,1885,1128,757,2751,1676,1075
2020,Yemen,nan,nan,nan,nan,nan,nan,nan,nan,nan
2020,Armenia,32,26,6,844,926,-82,876,952,-76
2020,Afghanistan Republic of,111,55,56,9110,482,8628,9221,537,8684
2020,Azerbaijan,43,23,20,1494,1070,424,1537,1093,444
2020,Georgia,80,81,-1,3984,4222,-238,4064,4303,-239
2020,Viet Nam,364,195,169,5946,1761,4185,6310,1956,4354
2020,Korea Democratic People's Republic,11,22,-11,76,142,-66,87,164,-77
2020,India,628,274,354,17212,11037,6175,17840,11311,6529
2020,Indonesia,385,222,163,1859,1113,746,2244,1335,909
2020,Iraq,576,425,151,7977,1046,6931,8553,1471,7082
2020,Iran Islamic Republic of,272,170,102,6332,733,5599,6604,903,5701
2020,Israel,405,296,109,1652,1246,406,2057,1542,515
2020,Japan,600,464,136,2978,5808,-2830,3578,6272,-2694
2020,Kazakhstan,1867,157,1710,1506,720,786,3373,877,2496
2020,Jordan,240,109,131,1659,973,686,1899,1082,817
2020,Kuwait,65,13,52,182,182,0,247,195,52
2020,Kyrgyzstan,104,38,66,587,408,179,691,446,245
2020,Lebanon,1057,330,727,3208,1380,1828,4265,1710,2555
2020,Pakistan,335,199,136,3497,887,2610,3832,1086,2746
2020,Philippines,542,259,283,2975,657,2318,3517,916,2601
2020,Korea Republic of,206,217,-11,3731,5513,-1782,3937,5730,-1793
2020,United Arab Emirates,1267,743,524,1286,514,772,2553,1257,1296
2020,Tajikistan,27,15,12,792,398,394,819,413,406
2020,Saudi Arabia,200,130,70,614,811,-197,814,941,-127
2020,Singapore,689,394,295,695,399,296,1384,793,591
2020,Syrian,78,43,35,18731,570,18161,18809,613,18196
2020,Thailand,1317,786,531,2830,1612,1218,4147,2398,1749
2020,Uzbekistan,37,11,26,588,332,256,625,343,282
2020,China,2417,987,1430,10791,15623,-4832,13208,16610,-3402
2020,Rest of Asia,1415,665,750,6118,4625,1493,7533,5290,2243
2020,Australia,2019,1599,420,1738,1927,-189,3757,3526,231
2020,New Zealand,793,592,201,464,483,-19,1257,1075,182
2020,Rest of Oceania,61,35,26,42,43,-1,103,78,25
2020,Unknown foreign countries,1148,1260,-112,17483,8070,9413,18631,9330,9301
2020,Unknown / Not specified,92247,124472,-32225,21204,38612,-17408,113451,163084,-49633
2020,Total,191883,220239,-28356,994819,746212,248607,1186702,966451,220251
2021,Albania,55,59,-4,13692,5242,8450,13747,5301,8446
2021,Bosnia and Herzegovina,104,197,-93,18781,8090,10691,18885,8287,10598
2021,Andorra,7,19,-12,4,19,-15,11,38,-27
2021,Belgium,1746,1925,-179,3649,2827,822,5395,4752,643
2021,Bulgaria,296,961,-665,71227,52971,18256,71523,53932,17591
2021,Denmark,720,2132,-1412,2554,2588,-34,3274,4720,-1446
2021,Estonia,52,135,-83,712,632,80,764,767,-3
2021,Finland,208,474,-266,1335,1350,-15,1543,1824,-281
2021,France,4292,5415,-1123,14208,12910,1298,18500,18325,175
2021,Croatia,250,759,-509,24721,20050,4671,24971,20809,4162
2021,Slovenia,59,151,-92,3166,2071,1095,3225,2222,1003
2021,Greece,552,1129,-577,22518,16303,6215,23070,17432,5638
2021,Ireland,693,855,-162,2462,1736,726,3155,2591,564
2021,Iceland,56,92,-36,227,172,55,283,264,19
2021,Italy,1661,2688,-1027,40601,32314,8287,42262,35002,7260
2021,Latvia,111,124,-13,5282,4472,810,5393,4596,797
2021,Montenegro (since 2006-06-03),44,63,-19,1934,940,994,1978,1003,975
2021,Lithuania,72,123,-51,6739,6927,-188,6811,7050,-239
2021,Luxembourg,585,618,-33,3154,2263,891,3739,2881,858
2021,North Macedonia,61,63,-2,17442,6631,10811,17503,6694,10809
2021,Malta,141,219,-78,327,148,179,468,367,101
2021,Netherlands,2699,3602,-903,9880,8604,1276,12579,12206,373
2021,Norway,573,1107,-534,1173,924,249,1746,2031,-285
2021,Kosovo,117,155,-38,19614,3696,15918,19731,3851,15880
2021,Austria,6415,11383,-4968,10755,11405,-650,17170,22788,-5618
2021,Poland,1915,4466,-2551,94100,87762,6338,96015,92228,3787
2021,Portugal,953,2070,-1117,6905,6148,757,7858,8218,-360
2021,Romania,545,1234,-689,190604,154661,35943,191149,155895,35254
2021,Slovakia,85,160,-75,9439,7115,2324,9524,7275,2249
2021,Sweden,1067,2616,-1549,3268,2736,532,4335,5352,-1017
2021,Switzerland,9447,16996,-7549,5533,6751,-1218,14980,23747,-8767
2021,Russian Federation,4848,2283,2565,12237,6896,5341,17085,9179,7906
2021,Spain,4270,6361,-2091,24656,15161,9495,28926,21522,7404
2021,Turkey,5132,5694,-562,44625,25128,19497,49757,30822,18935
2021,Czechia,502,717,-215,8474,6131,2343,8976,6848,2128
2021,Hungary,554,1486,-932,26627,24930,1697,27181,26416,765
2021,Ukraine,808,350,458,11841,6027,5814,12649,6377,6272
2021,United Kingdom,4841,4778,63,9118,10872,-1754,13959,15650,-1691
2021,Belarus,159,178,-19,2429,711,1718,2588,889,1699
2021,Serbia,164,256,-92,24275,14421,9854,24439,14677,9762
2021,Cyprus,214,880,-666,612,409,203,826,1289,-463
2021,Rest of Europe,125,150,-25,16581,9156,7425,16706,9306,7400
2021,Algeria,152,126,26,3923,2508,1415,4075,2634,1441
2021,Angola,29,24,5,294,191,103,323,215,108
2021,Ethiopia,175,92,83,1523,973,550,1698,1065,633
2021,Cote d'Ivoire,28,15,13,611,378,233,639,393,246
2021,Nigeria,172,132,40,2578,522,2056,2750,654,2096
2021,Ghana,167,127,40,2871,1595,1276,3038,1722,1316
2021,Kenya,209,266,-57,1887,362,1525,2096,628,1468
2021,Congo Republic of the,4,4,0,112,103,9,116,107,9
2021,Congo The Democratic Republic of the,32,37,-5,336,210,126,368,247,121
2021,Libya,25,88,-63,1433,1628,-195,1458,1716,-258
2021,Morocco,367,342,25,7975,2971,5004,8342,3313,5029
2021,Niger,21,15,6,204,89,115,225,104,121
2021,Cameroon,82,91,-9,1638,858,780,1720,949,771
2021,South Africa,950,553,397,1173,423,750,2123,976,1147
2021,Rwanda,39,40,-1,435,79,356,474,119,355
2021,Namibia,229,184,45,180,66,114,409,250,159
2021,Senegal,50,50,0,483,457,26,533,507,26
2021,Somalia,15,31,-16,3006,66,2940,3021,97,2924
2021,Tanzania,98,187,-89,270,154,116,368,341,27
2021,Tunisia,368,234,134,5764,2086,3678,6132,2320,3812
2021,Uganda,114,123,-9,537,117,420,651,240,411
2021,Egypt,473,446,27,6127,1787,4340,6600,2233,4367
2021,Central African Republic,11,13,-2,24,24,0,35,37,-2
2021,Rest of Africa,565,559,6,8330,5644,2686,8895,6203,2692
2021,Argentina,565,254,311,2596,1038,1558,3161,1292,1869
2021,Bolivia Plurinational State,228,266,-38,368,128,240,596,394,202
2021,Brazil,1090,923,167,7212,4190,3022,8302,5113,3189
2021,Chile,540,264,276,1217,584,633,1757,848,909
2021,Costa Rica,144,418,-274,369,147,222,513,565,-52
2021,Honduras,38,8,30,357,97,260,395,105,290
2021,Canada,1242,1579,-337,2210,2072,138,3452,3651,-199
2021,Colombia,409,309,100,3477,1154,2323,3886,1463,2423
2021,Mexico,961,1068,-107,3685,1368,2317,4646,2436,2210
2021,Nicaragua,49,43,6,147,50,97,196,93,103
2021,Paraguay,305,1304,-999,239,131,108,544,1435,-891
2021,Peru,384,205,179,1056,379,677,1440,584,856
2021,Uruguay,68,106,-38,191,116,75,259,222,37
2021,Venezuela Bolivarian Republic of,176,72,104,1311,274,1037,1487,346,1141
2021,United States,7459,8400,-941,13967,11470,2497,21426,19870,1556
2021,Rest of America,859,891,-32,2769,1069,1700,3628,1960,1668
2021,Yemen,5,11,-6,1116,207,909,1121,218,903
2021,Armenia,42,30,12,1240,1175,65,1282,1205,77
2021,Afghanistan Republic of,168,59,109,31738,412,31326,31906,471,31435
2021,Azerbaijan,42,29,13,2014,1446,568,2056,1475,581
2021,Georgia,78,212,-134,6831,4629,2202,6909,4841,2068
2021,Viet Nam,254,135,119,6098,1618,4480,6352,1753,4599
2021,Korea Democratic People's Republic,14,15,-1,75,92,-17,89,107,-18
2021,India,360,407,-47,30088,8817,21271,30448,9224,21224
2021,Indonesia,240,361,-121,2241,1107,1134,2481,1468,1013
2021,Iraq,628,502,126,16079,959,15120,16707,1461,15246
2021,Iran Islamic Republic of,254,187,67,10399,688,9711,10653,875,9778
2021,Israel,439,451,-12,1765,1263,502,2204,1714,490
2021,Japan,502,341,161,4123,4068,55,4625,4409,216
2021,Kazakhstan,2867,299,2568,1747,640,1107,4614,939,3675
2021,Jordan,216,226,-10,2860,870,1990,3076,1096,1980
2021,Kuwait,30,20,10,384,213,171,414,233,181
2021,Kyrgyzstan,197,80,117,1285,483,802,1482,563,919
2021,Lebanon,792,361,431,5154,1235,3919,5946,1596,4350
2021,Pakistan,317,281,36,6503,994,5509,6820,1275,5545
2021,Philippines,429,290,139,4676,1299,3377,5105,1589,3516
2021,Korea Republic of,208,249,-41,3943,3458,485,4151,3707,444
2021,United Arab Emirates,954,1512,-558,1878,618,1260,2832,2130,702
2021,Tajikistan,19,19,0,1336,409,927,1355,428,927
2021,Saudi Arabia,180,192,-12,951,765,186,1131,957,174
2021,Singapore,667,418,249,824,448,376,1491,866,625
2021,Syrian,102,55,47,42051,619,41432,42153,674,41479
2021,Thailand,894,1333,-439,2839,1455,1384,3733,2788,945
2021,Uzbekistan,52,29,23,931,346,585,983,375,608
2021,China,1565,1143,422,14606,13301,1305,16171,14444,1727
2021,Rest of Asia,985,723,262,8294,4300,3994,9279,5023,4256
2021,Australia,1085,1182,-97,1305,1461,-156,2390,2643,-253
2021,New Zealand,351,439,-88,316,367,-51,667,806,-139
2021,Rest of Oceania,48,44,4,22,39,-17,70,83,-13
2021,Unknown foreign countries,1090,2098,-1008,23299,7514,15785,24389,9612,14777
2021,Unknown / Not specified,91486,129084,-37598,20439,41301,-20862,111925,170385,-58460
2021,Total,183650,247829,-64179,1139816,746474,393342,1323466,994303,329163